0,0.5712864398956299,0.6823992729187012,1.6969998739568837e-07
1,0.529018223285675,0.6745721101760864,-0.025133658200502396
2,0.48556435108184814,0.6281329393386841,-0.04502066969871521
3,0.5006492137908936,0.5872483253479004,-0.06476001441478729
4,0.5374685525894165,0.5818214416503906,-0.0845600813627243
5,0.48747435212135315,0.48449963331222534,-0.043431688100099564
6,0.4696110486984253,0.3842271864414215,-0.06634935736656189
7,0.4572010636329651,0.31452155113220215,-0.08258132636547089
8,0.4444936215877533,0.25689560174942017,-0.09808175265789032
9,0.5298895835876465,0.4811016619205475,-0.04576799273490906
10,0.5182531476020813,0.45738330483436584,-0.08521832525730133
11,0.5168082118034363,0.5207282304763794,-0.09457911550998688
12,0.5192542672157288,0.5572494268417358,-0.09619510918855667
13,0.5720434784889221,0.4933094084262848,-0.05004655569791794
14,0.5706921815872192,0.469662606716156,-0.0890464037656784
15,0.5597411394119263,0.5233392119407654,-0.08640792965888977
16,0.5539250373840332,0.5619373321533203,-0.07713191956281662
17,0.6136838793754578,0.5138868093490601,-0.056361254304647446
18,0.6354684233665466,0.44446513056755066,-0.0915425717830658
19,0.6546981930732727,0.4067448675632477,-0.10027316212654114
20,0.6737949848175049,0.3677172064781189,-0.10059304535388947