0,0.3712211549282074,0.6309331655502319,2.6835883204512356e-07
1,0.3372972309589386,0.6449693441390991,-0.01725800149142742
2,0.280744343996048,0.609416663646698,-0.029814260080456734
3,0.2658262550830841,0.5672595500946045,-0.042932797223329544
4,0.2926698327064514,0.5465182662010193,-0.05643647164106369
5,0.28558585047721863,0.484855979681015,-0.024909818544983864
6,0.26486217975616455,0.4083293676376343,-0.04312557727098465
7,0.2473597675561905,0.35542768239974976,-0.05660087987780571
8,0.23252606391906738,0.3141082525253296,-0.06967407464981079
9,0.3189980685710907,0.4688500165939331,-0.028748659417033195
10,0.29152077436447144,0.4369871914386749,-0.0600769966840744
11,0.28408536314964294,0.4921399652957916,-0.06772258877754211
12,0.2862430810928345,0.520007312297821,-0.0669964924454689
13,0.35670220851898193,0.4676959216594696,-0.034712113440036774
14,0.33925488591194153,0.43314075469970703,-0.06531276553869247
15,0.3209308981895447,0.4843176305294037,-0.06358637660741806
16,0.31438973546028137,0.5175874829292297,-0.055112846195697784
17,0.3967553973197937,0.47846487164497375,-0.04219014197587967
18,0.40706753730773926,0.4132370352745056,-0.07321290671825409
19,0.4166443943977356,0.3770962059497833,-0.08329162001609802
20,0.42834752798080444,0.3357929587364197,-0.08453494310379028