0,0.6367730498313904,0.6162660121917725,-4.8896911408746746e-08
1,0.6820456385612488,0.6194559335708618,-0.019108375534415245
2,0.7271720767021179,0.5801900625228882,-0.035368211567401886
3,0.7520806789398193,0.5348876118659973,-0.05320913344621658
4,0.7351981401443481,0.4912680685520172,-0.07135500013828278
5,0.7285972833633423,0.46108800172805786,-0.030384425073862076
6,0.7710811495780945,0.3860970735549927,-0.05063861608505249
7,0.799953281879425,0.3370702266693115,-0.059331879019737244
8,0.822151243686676,0.2959936857223511,-0.06411180645227432
9,0.6981645226478577,0.4462403953075409,-0.035341184586286545
10,0.7387990951538086,0.45592764019966125,-0.0734691172838211
11,0.7235068082809448,0.5245429873466492,-0.08057092130184174
12,0.7080379724502563,0.5585323572158813,-0.07576844841241837
13,0.6685277819633484,0.4478214383125305,-0.04153544828295708
14,0.7061188220977783,0.45691871643066406,-0.07838510721921921
15,0.6972486972808838,0.5254817605018616,-0.07293811440467834
16,0.6843485236167908,0.564050018787384,-0.05901205167174339
17,0.64039146900177,0.4598269462585449,-0.04922907426953316
18,0.6523663401603699,0.40092116594314575,-0.07085680216550827
19,0.662678599357605,0.3652727007865906,-0.06942325830459595
20,0.6733189821243286,0.33144184947013855,-0.06345751136541367