0,0.7235798239707947,0.619901180267334,2.266064669242951e-08
1,0.6755959391593933,0.6068711280822754,-0.041063517332077026
2,0.6480057835578918,0.5604548454284668,-0.06807339191436768
3,0.6757608652114868,0.5209603905677795,-0.09161998331546783
4,0.7061266899108887,0.4912446439266205,-0.11291516572237015
5,0.6440077424049377,0.41934430599212646,-0.05614585801959038
6,0.6286007165908813,0.31593480706214905,-0.08529622107744217
7,0.6237061023712158,0.2504380941390991,-0.10289894789457321
8,0.6180461049079895,0.19329796731472015,-0.11631988734006882
9,0.6885733604431152,0.41333895921707153,-0.0515129491686821
10,0.6972372531890869,0.3840142786502838,-0.09853427112102509
11,0.7028728127479553,0.457681804895401,-0.11003062129020691
12,0.6993367075920105,0.5010669827461243,-0.10947222262620926
13,0.7286615371704102,0.4219997227191925,-0.05029231309890747
14,0.7415542006492615,0.3941437602043152,-0.09334959834814072
15,0.7404395341873169,0.45283061265945435,-0.09018606692552567
16,0.732342541217804,0.4914514422416687,-0.07775262743234634
17,0.7658993601799011,0.4363565742969513,-0.05234180763363838
18,0.7911149859428406,0.371127188205719,-0.08369383960962296
19,0.8156991600990295,0.33453792333602905,-0.0884750708937645
20,0.8345805406570435,0.29571884870529175,-0.08561691641807556