0,0.5932741165161133,0.5779139399528503,-5.541069825198974e-09
1,0.6402385830879211,0.5762194991111755,-0.018280696123838425
2,0.689917802810669,0.5327378511428833,-0.03169112280011177
3,0.7036692500114441,0.48230689764022827,-0.046637266874313354
4,0.6728876233100891,0.45126083493232727,-0.06271925568580627
5,0.6817437410354614,0.4093766212463379,-0.02503523975610733
6,0.7184012532234192,0.32815292477607727,-0.04385915398597717
7,0.7470215559005737,0.27908164262771606,-0.05455571785569191
8,0.7679896354675293,0.2371417135000229,-0.06210571900010109
9,0.6476378440856934,0.3983321189880371,-0.031149443238973618
10,0.6844762563705444,0.3880869150161743,-0.0680444985628128
11,0.6737532019615173,0.4576319456100464,-0.07887053489685059
12,0.6567995548248291,0.4956521689891815,-0.07769646495580673
13,0.613265872001648,0.40464428067207336,-0.038427870720624924
14,0.6439706087112427,0.3972385823726654,-0.07510510832071304
15,0.6405037045478821,0.46515247225761414,-0.0736941248178482
16,0.6300094127655029,0.5036530494689941,-0.06327419728040695
17,0.5791484713554382,0.42076441645622253,-0.04684491455554962
18,0.5847053527832031,0.3626357316970825,-0.06891821324825287
19,0.5923238396644592,0.3321029543876648,-0.06890515983104706
20,0.5979790091514587,0.2993339002132416,-0.06497091054916382