0,0.3820800483226776,0.7213609218597412,2.4959294364634843e-07
1,0.3495214581489563,0.7283489108085632,-0.015719840303063393
2,0.29201972484588623,0.6950459480285645,-0.026867492124438286
3,0.27055978775024414,0.653782069683075,-0.03829198330640793
4,0.2973040044307709,0.6294578313827515,-0.05029302090406418
5,0.29542413353919983,0.5725535154342651,-0.027760520577430725
6,0.27150818705558777,0.48355406522750854,-0.04555261507630348
7,0.2527559697628021,0.4279041290283203,-0.05698658525943756
8,0.2366144359111786,0.38532373309135437,-0.068503238260746
9,0.32654979825019836,0.5594630241394043,-0.032932817935943604
10,0.2971554696559906,0.5263674259185791,-0.06899121403694153
11,0.29051703214645386,0.5783666968345642,-0.07996487617492676
12,0.2932237386703491,0.6145086884498596,-0.08056552708148956
13,0.3631346523761749,0.5595477819442749,-0.03948859125375748
14,0.34355688095092773,0.5295822024345398,-0.07305768877267838
15,0.32599425315856934,0.5749669075012207,-0.07643680274486542
16,0.31727930903434753,0.6086969375610352,-0.07103142887353897
17,0.40341734886169434,0.5684577226638794,-0.04703366756439209
18,0.4117336869239807,0.5000580549240112,-0.07858384400606155
19,0.41795575618743896,0.4607285261154175,-0.09106724709272385
20,0.4232548475265503,0.4202353358268738,-0.0943976640701294