0,0.4982026219367981,0.8010303974151611,3.335792442271668e-08
1,0.5511058568954468,0.8000211715698242,-0.015013763681054115
2,0.6033307909965515,0.7631705403327942,-0.0302643571048975
3,0.6242675185203552,0.7197921872138977,-0.04568682238459587
4,0.5869457721710205,0.7024021148681641,-0.06197211146354675
5,0.595634400844574,0.6298825740814209,-0.03535214811563492
6,0.6378125548362732,0.5459369421005249,-0.05298304930329323
7,0.6709620952606201,0.4950735569000244,-0.06628628075122833
8,0.6931989192962646,0.4522317051887512,-0.07936597615480423
9,0.5610308051109314,0.6197056174278259,-0.04497988894581795
10,0.595331072807312,0.6076699495315552,-0.08090152591466904
11,0.5908815860748291,0.678043007850647,-0.09508703649044037
12,0.5735350251197815,0.7185962796211243,-0.10060577094554901
13,0.5254802107810974,0.6250844597816467,-0.05442354083061218
14,0.558362603187561,0.5909758806228638,-0.08497774600982666
15,0.5710929036140442,0.655509889125824,-0.08879659324884415
16,0.5681026577949524,0.7034773230552673,-0.08899494260549545
17,0.4896122217178345,0.6418859958648682,-0.0649818405508995
18,0.4795026481151581,0.5828022956848145,-0.08926919102668762
19,0.47674718499183655,0.5517703294754028,-0.09772759675979614
20,0.473572701215744,0.5172721743583679,-0.10369789600372314