0,0.44568541646003723,0.5577422976493835,-2.5196021269380253e-08
1,0.4920346438884735,0.5515231490135193,-0.028037969022989273
2,0.5357025265693665,0.5089515447616577,-0.048827242106199265
3,0.5501363277435303,0.45378848910331726,-0.06984808295965195
4,0.5273236632347107,0.4058647155761719,-0.08998387306928635
5,0.5509740114212036,0.38670650124549866,-0.03360763192176819
6,0.5822708010673523,0.2977946400642395,-0.056928858160972595
7,0.6095223426818848,0.24023175239562988,-0.06822764128446579
8,0.6304307579994202,0.19620847702026367,-0.07448817044496536
9,0.5118898749351501,0.37227630615234375,-0.03631788492202759
10,0.5367097854614258,0.3542250990867615,-0.08076773583889008
11,0.5229932069778442,0.43190664052963257,-0.0921679362654686
12,0.5100265741348267,0.47670072317123413,-0.08878789842128754
13,0.47565358877182007,0.3700306713581085,-0.041570283472537994
14,0.4946941137313843,0.33941540122032166,-0.08291693776845932
15,0.4931510090827942,0.41571301221847534,-0.08056890964508057
16,0.4869343638420105,0.4690006971359253,-0.06776696443557739
17,0.4398154616355896,0.3776423931121826,-0.049151986837387085
18,0.43262818455696106,0.30561596155166626,-0.0732642263174057
19,0.42902541160583496,0.26199761033058167,-0.07535047829151154
20,0.42972350120544434,0.21375256776809692,-0.07195806503295898