0,0.515678882598877,0.7369561791419983,3.1494579388891e-08
1,0.564584493637085,0.7447871565818787,-0.012223934754729271
2,0.6166244745254517,0.7027475237846375,-0.022219469770789146
3,0.6508179903030396,0.6631492376327515,-0.03254853934049606
4,0.627899706363678,0.6381289958953857,-0.04304852336645126
5,0.6066979169845581,0.5834903120994568,-0.024147016927599907
6,0.649870753288269,0.5026689767837524,-0.039805714040994644
7,0.6838898062705994,0.45617106556892395,-0.05007399618625641
8,0.7083423137664795,0.41643956303596497,-0.05944476276636124
9,0.579757034778595,0.572152853012085,-0.03290141001343727
10,0.6226189136505127,0.5485623478889465,-0.06930296868085861
11,0.6125788688659668,0.6175328493118286,-0.08068516850471497
12,0.5934656858444214,0.6601212024688721,-0.08066005259752274
13,0.5495604276657104,0.5727289319038391,-0.041960038244724274
14,0.5854960680007935,0.5431056618690491,-0.07172569632530212
15,0.5982726812362671,0.5963729023933411,-0.07241688668727875
16,0.5972215533256531,0.6331298351287842,-0.06760016083717346
17,0.5166603326797485,0.5816509127616882,-0.0518338643014431
18,0.5230990648269653,0.520331621170044,-0.0699261724948883
19,0.5335032939910889,0.48714500665664673,-0.07240701466798782
20,0.5413362979888916,0.4514603912830353,-0.07335223257541656