0,0.5516316890716553,0.5605884790420532,1.071149213771605e-07
1,0.5119203925132751,0.5499889850616455,-0.031811412423849106
2,0.47908589243888855,0.5057761073112488,-0.0570082888007164
3,0.48595309257507324,0.45920896530151367,-0.08013930171728134
4,0.5093749165534973,0.42107102274894714,-0.1010860875248909
5,0.4639793634414673,0.3680860698223114,-0.046325672417879105
6,0.43969351053237915,0.2735040783882141,-0.07902617007493973
7,0.4244026839733124,0.2023986577987671,-0.10262857377529144
8,0.409633606672287,0.1462499350309372,-0.12130030989646912
9,0.5043208003044128,0.3581016957759857,-0.04527885839343071
10,0.49576202034950256,0.30851927399635315,-0.08501318097114563
11,0.5018198490142822,0.3808317184448242,-0.09074226021766663
12,0.5020967721939087,0.42317378520965576,-0.08836888521909714
13,0.5470101237297058,0.3640557825565338,-0.04792196676135063
14,0.546033501625061,0.3190375864505768,-0.08261649310588837
15,0.542461097240448,0.37683534622192383,-0.07000236958265305
16,0.538844108581543,0.4228958785533905,-0.05393366515636444
17,0.5880773067474365,0.3791768252849579,-0.05400417372584343
18,0.613154947757721,0.30596187710762024,-0.08485126495361328
19,0.6328059434890747,0.2616528868675232,-0.08848047256469727
20,0.6485111713409424,0.21891073882579803,-0.08562716096639633