0,0.6087794899940491,0.5960997343063354,-2.103088121430119e-07
1,0.6622239351272583,0.5939272046089172,-0.022151725366711617
2,0.7099714875221252,0.5425159335136414,-0.0340348519384861
3,0.7260997891426086,0.48536011576652527,-0.04715128615498543
4,0.7022838592529297,0.4429585933685303,-0.06015820428729057
5,0.7068586945533752,0.43574005365371704,-0.026802169159054756
6,0.7439941167831421,0.3511476516723633,-0.045902885496616364
7,0.7685935497283936,0.29830098152160645,-0.05372479557991028
8,0.7881854176521301,0.2519949674606323,-0.057413652539253235
9,0.6742457747459412,0.4229896366596222,-0.029229911044239998
10,0.7025922536849976,0.42029306292533875,-0.06970855593681335
11,0.6870806813240051,0.49082618951797485,-0.07984623312950134
12,0.671228289604187,0.5345657467842102,-0.075980544090271
13,0.6425172090530396,0.4228515923023224,-0.03331754729151726
14,0.6695941090583801,0.42013853788375854,-0.07384220510721207
15,0.6598587036132812,0.48940518498420715,-0.07212439924478531
16,0.6468258500099182,0.532010555267334,-0.058543890714645386
17,0.6125452518463135,0.42811140418052673,-0.03886924311518669
18,0.6199780106544495,0.3622480034828186,-0.061172161251306534
19,0.6260257363319397,0.32428133487701416,-0.060229070484638214
20,0.6330029964447021,0.2898932993412018,-0.053625646978616714