0,0.3561621606349945,0.7572261095046997,1.4949037563383172e-09
1,0.3985828757286072,0.7476707100868225,-0.02988503687083721
2,0.4379245638847351,0.706661581993103,-0.049931447952985764
3,0.43220821022987366,0.6582356691360474,-0.0697069838643074
4,0.3993038237094879,0.6297017335891724,-0.08890605717897415
5,0.4443921446800232,0.5718703866004944,-0.034264739602804184
6,0.47307658195495605,0.4945176839828491,-0.057881910353899
7,0.4948672652244568,0.4385603666305542,-0.07240276783704758
8,0.5128667950630188,0.39382266998291016,-0.08134537190198898
9,0.40479540824890137,0.5612844824790955,-0.035762056708335876
10,0.4155106842517853,0.5606880187988281,-0.07545595616102219
11,0.4152137041091919,0.6221939921379089,-0.0904989168047905
12,0.4152849614620209,0.6594704389572144,-0.09245294332504272
13,0.36660292744636536,0.5717569589614868,-0.03955545648932457
14,0.36903437972068787,0.5748821496963501,-0.08149297535419464
15,0.3744697868824005,0.6405425071716309,-0.0850725769996643
16,0.37663033604621887,0.6818406581878662,-0.07676159590482712
17,0.33043742179870605,0.5905141830444336,-0.04504520073533058
18,0.31575116515159607,0.5342052578926086,-0.0707879289984703
19,0.29948005080223083,0.5011466145515442,-0.07192526012659073
20,0.284365177154541,0.46447816491127014,-0.06714099645614624