0,0.6744257807731628,0.7222001552581787,1.4843423157273605e-09
1,0.7180424928665161,0.7257289886474609,-0.017024703323841095
2,0.7611923813819885,0.6942136287689209,-0.033849842846393585
3,0.7893203496932983,0.6619142889976501,-0.050851237028837204
4,0.7764583826065063,0.6249507069587708,-0.06848911941051483
5,0.7510072588920593,0.5748632550239563,-0.03684955835342407
6,0.7883463501930237,0.4996148943901062,-0.05758471041917801
7,0.8187689185142517,0.45283272862434387,-0.06826329231262207
8,0.8399447798728943,0.4148467183113098,-0.07548206299543381
9,0.7241431474685669,0.5618689656257629,-0.042212702333927155
10,0.7701227068901062,0.5789888501167297,-0.07913538068532944
11,0.754486083984375,0.648016095161438,-0.08533059060573578
12,0.7347182035446167,0.6814618110656738,-0.08128811419010162
13,0.6959743499755859,0.5662992596626282,-0.04832184314727783
14,0.7406289577484131,0.5775852203369141,-0.08213600516319275
15,0.7374469041824341,0.6389299035072327,-0.07757209241390228
16,0.7260823845863342,0.6732269525527954,-0.06675679981708527
17,0.6689265966415405,0.5824817419052124,-0.05558425933122635
18,0.683713972568512,0.5303165316581726,-0.07836022973060608
19,0.70002681016922,0.5021160244941711,-0.08001509308815002
20,0.7144681811332703,0.4769384562969208,-0.07755240052938461