0,0.43838152289390564,0.7826257348060608,7.587085804061644e-08
1,0.48459696769714355,0.7913755774497986,-0.01711527816951275
2,0.5329444408416748,0.7578213214874268,-0.03171393275260925
3,0.5620636940002441,0.7201685905456543,-0.04665084928274155
4,0.5372795462608337,0.6912075281143188,-0.06217975914478302
5,0.5262470245361328,0.6348811388015747,-0.028371227905154228
6,0.5634835362434387,0.5602757334709167,-0.046615418046712875
7,0.5973525047302246,0.5117093920707703,-0.059381239116191864
8,0.6206161975860596,0.47118884325027466,-0.0706450566649437
9,0.4974828362464905,0.6196461319923401,-0.034517690539360046
10,0.5310701131820679,0.6047962307929993,-0.06813593953847885
11,0.5216724872589111,0.671248733997345,-0.07736196368932724
12,0.5052887797355652,0.7078763246536255,-0.07749826461076736
13,0.46508151292800903,0.6208589673042297,-0.041874416172504425
14,0.49728453159332275,0.6055845618247986,-0.07261963933706284
15,0.5026578903198242,0.6690914034843445,-0.07188450545072556
16,0.494994193315506,0.7100217342376709,-0.06619825959205627
17,0.4321030080318451,0.6352009177207947,-0.050714969635009766
18,0.42828622460365295,0.5784765481948853,-0.07430171966552734
19,0.42651644349098206,0.5435408353805542,-0.0804109051823616
20,0.4229608476161957,0.5072506666183472,-0.08299072831869125