0,0.4335964620113373,0.7603005766868591,2.8551963282552606e-07
1,0.48160693049430847,0.7622589468955994,-0.01844210736453533
2,0.5252188444137573,0.7319455146789551,-0.03593238443136215
3,0.5409258008003235,0.6866678595542908,-0.05305382236838341
4,0.510114312171936,0.653761625289917,-0.07175979018211365
5,0.5089945197105408,0.610115110874176,-0.02960164286196232
6,0.5393874645233154,0.5640268325805664,-0.04314723238348961
7,0.5650091767311096,0.5187169909477234,-0.052938058972358704
8,0.5827863216400146,0.4847365617752075,-0.062410179525613785
9,0.4818493723869324,0.5986323356628418,-0.03444753214716911
10,0.5103700160980225,0.5856062173843384,-0.05772538483142853
11,0.5212088227272034,0.6200695037841797,-0.0679640918970108
12,0.522838830947876,0.6443078517913818,-0.07269660383462906
13,0.4487982988357544,0.6002404689788818,-0.040504179894924164
14,0.47738146781921387,0.6037464141845703,-0.06745302677154541
15,0.4855468273162842,0.666149914264679,-0.0763070210814476
16,0.47865501046180725,0.709757924079895,-0.07900325953960419
17,0.41805118322372437,0.6171973943710327,-0.04744066298007965
18,0.4114367365837097,0.5628881454467773,-0.06959769129753113
19,0.4139227271080017,0.5236141085624695,-0.08255162090063095
20,0.4117569625377655,0.4891730546951294,-0.09194458276033401