0,0.32974761724472046,0.7428236603736877,-6.347787007143779e-08
1,0.36951231956481934,0.7359272241592407,-0.029304739087820053
2,0.4081788957118988,0.6939221024513245,-0.047939907759428024
3,0.3942110240459442,0.6481719017028809,-0.06547356396913528
4,0.3581579327583313,0.6207131147384644,-0.08264074474573135
5,0.4179692268371582,0.5649959444999695,-0.03650016710162163
6,0.4402777850627899,0.48766618967056274,-0.06147411838173866
7,0.4581044316291809,0.4299413859844208,-0.07808762788772583
8,0.47313544154167175,0.38261446356773376,-0.08910899609327316
9,0.3769758939743042,0.5513997673988342,-0.0360029861330986
10,0.3793303966522217,0.5581184029579163,-0.07636403292417526
11,0.3727438747882843,0.6292113661766052,-0.09070737659931183
12,0.3715561032295227,0.6686280369758606,-0.09231844544410706
13,0.3368445336818695,0.5604290962219238,-0.03759995847940445
14,0.33158305287361145,0.5641141533851624,-0.078879714012146
15,0.33274906873703003,0.6292427182197571,-0.0808718279004097
16,0.3345582187175751,0.6694912910461426,-0.07203350216150284
17,0.29784590005874634,0.5786433219909668,-0.04074782505631447
18,0.2806307077407837,0.5200065970420837,-0.06899132579565048
19,0.26211416721343994,0.48702865839004517,-0.07100651413202286
20,0.24630649387836456,0.4500078856945038,-0.0662868395447731