0,0.24123619496822357,0.8017629384994507,-4.50315589262118e-08
1,0.28348448872566223,0.8061467409133911,-0.0530223622918129
2,0.3045082688331604,0.7748675346374512,-0.09055382758378983
3,0.279913991689682,0.7224757671356201,-0.12467647343873978
4,0.23405082523822784,0.6874196529388428,-0.15754759311676025
5,0.33867794275283813,0.611386775970459,-0.06970950961112976
6,0.38818100094795227,0.5321562886238098,-0.1100144237279892
7,0.41496601700782776,0.47050151228904724,-0.13182319700717926
8,0.4338251054286957,0.42385226488113403,-0.14375069737434387
9,0.2903643846511841,0.5906599164009094,-0.06212101876735687
10,0.30543452501296997,0.5616176724433899,-0.11515385657548904
11,0.29619675874710083,0.6454624533653259,-0.12940315902233124
12,0.28846079111099243,0.6935478448867798,-0.1297510415315628
13,0.24221578240394592,0.5882387757301331,-0.05915610492229462
14,0.23942694067955017,0.5342144966125488,-0.11067721247673035
15,0.24050776660442352,0.5978902578353882,-0.11115598678588867
16,0.24067138135433197,0.6434023380279541,-0.0995514988899231
17,0.19623523950576782,0.5975377559661865,-0.05958934873342514
18,0.16939201951026917,0.5266405344009399,-0.09453810006380081
19,0.14509451389312744,0.48968085646629333,-0.09981811791658401
20,0.12282271683216095,0.4496028423309326,-0.09662900120019913