0,0.564799427986145,0.5726079940795898,8.222276903779857e-08
1,0.6129282116889954,0.5682310461997986,-0.03260352835059166
2,0.6647980809211731,0.5250982046127319,-0.054699283093214035
3,0.6736469268798828,0.46094897389411926,-0.07475396245718002
4,0.6410053372383118,0.42083317041397095,-0.0933968648314476
5,0.6746598482131958,0.39663586020469666,-0.03806713968515396
6,0.7109230160713196,0.30437421798706055,-0.057937804609537125
7,0.7368085384368896,0.24669209122657776,-0.06753424555063248
8,0.7532990574836731,0.20022261142730713,-0.07450894266366959
9,0.6357234120368958,0.3772188425064087,-0.0367397740483284
10,0.660288393497467,0.33259117603302,-0.07087394595146179
11,0.6550164222717285,0.39875516295433044,-0.07989182323217392
12,0.6482716202735901,0.4346177279949188,-0.07912904024124146
13,0.5965815186500549,0.36982399225234985,-0.03754066675901413
14,0.6155381798744202,0.2967293858528137,-0.06813672930002213
15,0.6182981729507446,0.35287803411483765,-0.06344734877347946
16,0.6132509112358093,0.3981834053993225,-0.05424690991640091
17,0.5532290935516357,0.37610796093940735,-0.04141614958643913
18,0.5424686670303345,0.29798296093940735,-0.06393437832593918
19,0.534860372543335,0.25080710649490356,-0.06755755096673965
20,0.5274547338485718,0.20447374880313873,-0.06691624224185944