0,0.3038889467716217,0.8713372349739075,-6.143347519582676e-08
1,0.3378481864929199,0.8261818885803223,-0.02939491719007492
2,0.3493608236312866,0.758592963218689,-0.05176378786563873
3,0.30885621905326843,0.7182430624961853,-0.07203885912895203
4,0.2615607678890228,0.7083930373191833,-0.09061646461486816
5,0.3249571919441223,0.6495288014411926,-0.04071188345551491
6,0.3419906497001648,0.5442858338356018,-0.06635688990354538
7,0.35576358437538147,0.47956719994544983,-0.08358048647642136
8,0.3675961494445801,0.4271799325942993,-0.09536558389663696
9,0.28444093465805054,0.6610440611839294,-0.041159555315971375
10,0.27842244505882263,0.6180812120437622,-0.08186352252960205
11,0.289139986038208,0.6675109267234802,-0.09990206360816956
12,0.2976321578025818,0.7043530344963074,-0.10538525879383087
13,0.24865515530109406,0.680077850818634,-0.04346567764878273
14,0.22493577003479004,0.6116533279418945,-0.07810237258672714
15,0.2511720359325409,0.6354399919509888,-0.08196193724870682
16,0.2761411666870117,0.6617546081542969,-0.07850214838981628
17,0.2186734676361084,0.7075684666633606,-0.04773351922631264
18,0.1702146828174591,0.6676940321922302,-0.07132822275161743
19,0.1367051899433136,0.6447374224662781,-0.07652897387742996
20,0.10858899354934692,0.6169512867927551,-0.07685123383998871