0,0.4111930727958679,0.5210694074630737,7.940227675362621e-08
1,0.4540916085243225,0.5228130221366882,-0.02917584218084812
2,0.49622711539268494,0.48794859647750854,-0.05123624578118324
3,0.5123996138572693,0.43821659684181213,-0.07198754698038101
4,0.49072909355163574,0.38948798179626465,-0.09312570840120316
5,0.5179459452629089,0.3698645532131195,-0.04442783445119858
6,0.5546870827674866,0.28428786993026733,-0.06843610107898712
7,0.585870623588562,0.22331465780735016,-0.08335946500301361
8,0.6062291264533997,0.17303140461444855,-0.09439300745725632
9,0.480058491230011,0.35032808780670166,-0.04556732624769211
10,0.5017268061637878,0.3345928192138672,-0.08543305844068527
11,0.48049047589302063,0.4096727669239044,-0.09278364479541779
12,0.4656411409378052,0.45113760232925415,-0.08927689492702484
13,0.44016221165657043,0.34408921003341675,-0.04903730750083923
14,0.45874786376953125,0.326119989156723,-0.08734288066625595
15,0.44977498054504395,0.40029874444007874,-0.08387582749128342
16,0.43739253282546997,0.4508129954338074,-0.07273603230714798
17,0.4004558026790619,0.34714919328689575,-0.05473097413778305
18,0.39668935537338257,0.27231886982917786,-0.08245448768138885
19,0.3926420509815216,0.23002108931541443,-0.08656732738018036
20,0.3915005326271057,0.18787239491939545,-0.08537030965089798