0,0.3041757345199585,0.523280143737793,4.499060679563627e-08
1,0.27001503109931946,0.529867947101593,-0.022308925166726112
2,0.21539553999900818,0.48230764269828796,-0.03554649278521538
3,0.19263029098510742,0.4281870722770691,-0.047909215092659
4,0.22712375223636627,0.3954308032989502,-0.05846857279539108
5,0.23719438910484314,0.373016357421875,-0.028964782133698463
6,0.22437386214733124,0.28091567754745483,-0.048674456775188446
7,0.21656979620456696,0.2370189130306244,-0.053649913519620895
8,0.21334803104400635,0.19561466574668884,-0.05800795182585716
9,0.2663220167160034,0.36636242270469666,-0.02929617650806904
10,0.23307843506336212,0.3185136020183563,-0.07226359844207764
11,0.22675859928131104,0.3865833878517151,-0.07723873853683472
12,0.23284375667572021,0.4330757260322571,-0.06895921379327774
13,0.2994788587093353,0.3686574697494507,-0.032416291534900665
14,0.2699841558933258,0.3262738883495331,-0.07287300378084183
15,0.25112903118133545,0.37817928194999695,-0.07170192897319794
16,0.24362170696258545,0.4129430949687958,-0.05903124064207077
17,0.3349059522151947,0.3747617304325104,-0.03673890233039856
18,0.34446772933006287,0.3055611252784729,-0.06786715239286423
19,0.35288506746292114,0.2651616334915161,-0.07897381484508514
20,0.35918253660202026,0.2187245935201645,-0.08063829690217972