0,0.8469443321228027,0.5646135210990906,9.502225140067821e-08
1,0.8101546168327332,0.5395585298538208,-0.04439225792884827
2,0.8004334568977356,0.48630890250205994,-0.07150528579950333
3,0.8393974900245667,0.4440813362598419,-0.09393488615751266
4,0.8750906586647034,0.41154196858406067,-0.11347895115613937
5,0.7933361530303955,0.3571762144565582,-0.05258366838097572
6,0.7875144481658936,0.2561568021774292,-0.0795426294207573
7,0.7875542640686035,0.19396287202835083,-0.09620334953069687
8,0.7865003943443298,0.1387379765510559,-0.10886713117361069
9,0.8356730341911316,0.35554826259613037,-0.04479898884892464
10,0.8578086495399475,0.31115245819091797,-0.08788762241601944
11,0.864112138748169,0.3798065483570099,-0.09889563918113708
12,0.8589075803756714,0.42281851172447205,-0.09729960560798645
13,0.8714053630828857,0.3682052791118622,-0.040640316903591156
14,0.8933138251304626,0.3301253318786621,-0.0785885751247406
15,0.8921777009963989,0.38615065813064575,-0.07446358352899551
16,0.8832573890686035,0.42349305748939514,-0.06144149228930473
17,0.9014878273010254,0.38787728548049927,-0.04021325334906578
18,0.9310275316238403,0.3281850218772888,-0.06694655120372772
19,0.9536470770835876,0.29595518112182617,-0.07042154669761658
20,0.9682127237319946,0.2605818808078766,-0.06683149188756943