0,0.7584704160690308,0.5291298031806946,1.1796642951367176e-07
1,0.71696537733078,0.5062414407730103,-0.03355328366160393
2,0.6939239501953125,0.4536411166191101,-0.055969469249248505
3,0.7181831002235413,0.4058658480644226,-0.07584043592214584
4,0.7475841641426086,0.3699295222759247,-0.09346441924571991
5,0.6881297826766968,0.3271697163581848,-0.04173409193754196
6,0.6744080185890198,0.22906896471977234,-0.06611254811286926
7,0.670646607875824,0.16629758477210999,-0.08212793618440628
8,0.6662093997001648,0.11178469657897949,-0.095235675573349
9,0.7281742095947266,0.3230498135089874,-0.03914367035031319
10,0.739193856716156,0.2738476097583771,-0.08000623434782028
11,0.744500458240509,0.33088603615760803,-0.09142201393842697
12,0.7405526638031006,0.3725851774215698,-0.09141915291547775
13,0.7651246786117554,0.33384469151496887,-0.03947564214468002
14,0.7784639596939087,0.29193341732025146,-0.07595348358154297
15,0.7792752981185913,0.3379131555557251,-0.07370904088020325
16,0.7741069793701172,0.37418439984321594,-0.06339041888713837
17,0.7978233098983765,0.3527953624725342,-0.042705096304416656
18,0.8247796893119812,0.29012706875801086,-0.07229075580835342
19,0.8457830548286438,0.2545275092124939,-0.07898092269897461
20,0.860512375831604,0.2169838547706604,-0.077749103307724