0,0.7407777309417725,0.6663103699684143,-1.9784271998446457e-08
1,0.6927515864372253,0.6539028286933899,-0.04164894297719002
2,0.6626207232475281,0.6063331961631775,-0.06961871683597565
3,0.6891302466392517,0.5652543902397156,-0.094130739569664
4,0.7211804389953613,0.5343127846717834,-0.11637847125530243
5,0.6594849824905396,0.46313613653182983,-0.05842534825205803
6,0.6457808613777161,0.3570426106452942,-0.08855888247489929
7,0.6423889398574829,0.29275691509246826,-0.1068764179944992
8,0.6370363831520081,0.235157310962677,-0.12108277529478073
9,0.7036603093147278,0.4587968587875366,-0.053718458861112595
10,0.7101868987083435,0.4210805594921112,-0.10152861475944519
11,0.7153117656707764,0.4989626705646515,-0.11283116787672043
12,0.7116054892539978,0.5480136275291443,-0.11237964779138565
13,0.7435103058815002,0.46808046102523804,-0.05237165465950966
14,0.7563158869743347,0.4255549907684326,-0.09531302750110626
15,0.7560958862304688,0.489629328250885,-0.09058919548988342
16,0.7494881749153137,0.5338624119758606,-0.07760972529649734
17,0.7795714139938354,0.48418986797332764,-0.054455697536468506
18,0.8045755624771118,0.4178049564361572,-0.08643186837434769
19,0.829663097858429,0.384554386138916,-0.09177148342132568
20,0.8498556613922119,0.3472122550010681,-0.08970888704061508