0,0.3911604583263397,0.6556179523468018,3.7482186598936096e-07
1,0.35662901401519775,0.6654670238494873,-0.026613133028149605
2,0.3032616376876831,0.6397408843040466,-0.05100897327065468
3,0.2788703441619873,0.6109482049942017,-0.07517934590578079
4,0.3003844618797302,0.5865421891212463,-0.09961551427841187
5,0.2963520884513855,0.5026902556419373,-0.048493195325136185
6,0.27470308542251587,0.4043644070625305,-0.07637492567300797
7,0.25804558396339417,0.3378436863422394,-0.09377527981996536
8,0.2445181906223297,0.284390926361084,-0.1087607890367508
9,0.3336581587791443,0.4939627945423126,-0.05154670402407646
10,0.3045846223831177,0.4724617600440979,-0.097946397960186
11,0.2986321747303009,0.538550615310669,-0.10927357524633408
12,0.3006739616394043,0.5765419602394104,-0.10885926336050034
13,0.3761846125125885,0.49854525923728943,-0.05666644871234894
14,0.35430237650871277,0.47082436084747314,-0.09880659729242325
15,0.335005521774292,0.5274304747581482,-0.09820779412984848
16,0.3248539865016937,0.5668286681175232,-0.08871756494045258
17,0.4186722934246063,0.514431893825531,-0.06351705640554428
18,0.43089351058006287,0.44745132327079773,-0.10168953984975815
19,0.4401426613330841,0.4087114632129669,-0.11320266872644424
20,0.4476871192455292,0.3632812201976776,-0.11433770507574081