0,0.7045891284942627,0.7649754285812378,-1.1401890986917351e-07
1,0.6575602293014526,0.747444748878479,-0.038099322468042374
2,0.6285156011581421,0.7057719230651855,-0.0648653656244278
3,0.6512914896011353,0.6817836165428162,-0.089447021484375
4,0.6791379451751709,0.6680593490600586,-0.1115281730890274
5,0.6311356425285339,0.55168616771698,-0.05474638193845749
6,0.6235625147819519,0.4492145776748657,-0.08401177078485489
7,0.6231337785720825,0.3875826597213745,-0.102289117872715
8,0.6213435530662537,0.32974907755851746,-0.11638420075178146
9,0.6741183996200562,0.5473751425743103,-0.05245527625083923
10,0.6841650605201721,0.5354859232902527,-0.09536122530698776
11,0.68190997838974,0.6044000387191772,-0.10793556272983551
12,0.6731144189834595,0.636488676071167,-0.11095301806926727
13,0.7131718397140503,0.5602989196777344,-0.0532430075109005
14,0.7306397557258606,0.5534822940826416,-0.09786304831504822
15,0.7208257913589478,0.6184625029563904,-0.09686632454395294
16,0.7059864401817322,0.6537137031555176,-0.08596932142972946
17,0.7519463896751404,0.5799961686134338,-0.056937847286462784
18,0.7839412093162537,0.520565390586853,-0.09025845676660538
19,0.8151660561561584,0.49476194381713867,-0.09511550515890121
20,0.8393108248710632,0.4655250608921051,-0.09213346242904663