0,0.6737774014472961,0.8962752819061279,-8.245553573260622e-08
1,0.6319876313209534,0.8830024600028992,-0.04533576965332031
2,0.6022918224334717,0.8571244478225708,-0.08184154331684113
3,0.6157397627830505,0.8463667035102844,-0.11600548028945923
4,0.6481407880783081,0.8413055539131165,-0.1482437551021576
5,0.600217878818512,0.6971920728683472,-0.07007288187742233
6,0.5920620560646057,0.6057458519935608,-0.10151141881942749
7,0.5894524455070496,0.5442976355552673,-0.11834876239299774
8,0.5888168811798096,0.49008575081825256,-0.13070833683013916
9,0.6443604826927185,0.6850391030311584,-0.06505604088306427
10,0.6552670001983643,0.7092866897583008,-0.10493753850460052
11,0.6502155065536499,0.779352605342865,-0.11273887753486633
12,0.6420261263847351,0.8079259395599365,-0.11407291889190674
13,0.6849237680435181,0.7010816335678101,-0.06313642859458923
14,0.7038540840148926,0.7184982895851135,-0.10893736779689789
15,0.6888150572776794,0.7819370031356812,-0.10566093772649765
16,0.6718375086784363,0.8138467073440552,-0.0935305505990982
17,0.7228841185569763,0.7257617115974426,-0.0644817054271698
18,0.7579146027565002,0.6743656992912292,-0.10022488981485367
19,0.7900829911231995,0.6469799280166626,-0.10377990454435349
20,0.8172997236251831,0.6184530258178711,-0.09905017912387848