0,0.21803314983844757,0.6335224509239197,-1.0731736210800591e-07
1,0.2692984342575073,0.6105442643165588,-0.027914226055145264
2,0.3050280511379242,0.5466294288635254,-0.04625013470649719
3,0.30074751377105713,0.4825093448162079,-0.06395304203033447
4,0.2674865126609802,0.4413663148880005,-0.08047027885913849
5,0.3173401355743408,0.4239564538002014,-0.03775674104690552
6,0.35126155614852905,0.3217783570289612,-0.06417787075042725
7,0.3740747570991516,0.2581319212913513,-0.08030308783054352
8,0.3895719051361084,0.20409373939037323,-0.09184729307889938
9,0.2712060809135437,0.41515272855758667,-0.038978807628154755
10,0.2753617763519287,0.3751088082790375,-0.08296762406826019
11,0.2664143741130829,0.45362913608551025,-0.09634193778038025
12,0.26522383093833923,0.5015706419944763,-0.09735062718391418
13,0.22684437036514282,0.4187784194946289,-0.04231417551636696
14,0.22885002195835114,0.3587433695793152,-0.08256153017282486
15,0.23306804895401,0.42894166707992554,-0.08051060885190964
16,0.23886072635650635,0.4847131371498108,-0.07071887701749802
17,0.1856856644153595,0.43346643447875977,-0.04791520535945892
18,0.16359153389930725,0.3614614009857178,-0.07639787346124649
19,0.14261671900749207,0.31684231758117676,-0.08170510828495026
20,0.12974666059017181,0.26633644104003906,-0.08102316409349442