0,0.5814532041549683,0.5674673318862915,-1.5654526919206546e-07
1,0.6267105340957642,0.5753239393234253,-0.014153371565043926
2,0.6795110702514648,0.540424108505249,-0.023024385794997215
3,0.7079732418060303,0.4955536127090454,-0.03354507312178612
4,0.6950511932373047,0.4484056234359741,-0.04439796134829521
5,0.6869829893112183,0.4348774254322052,-0.02048930712044239
6,0.7323530912399292,0.3590480387210846,-0.03632839769124985
7,0.7616453170776367,0.3164364695549011,-0.04355013743042946
8,0.7855310440063477,0.27856680750846863,-0.04796995595097542
9,0.6596400141716003,0.41642090678215027,-0.026269692927598953
10,0.6952204704284668,0.41212576627731323,-0.06309600919485092
11,0.6769813299179077,0.4756581783294678,-0.07437777519226074
12,0.6560611128807068,0.5162302255630493,-0.0726943388581276
13,0.6301287412643433,0.4072449505329132,-0.03273174911737442
14,0.665076494216919,0.40031230449676514,-0.06772465258836746
15,0.6541913747787476,0.4618050456047058,-0.06802524626255035
16,0.6389297842979431,0.5028852224349976,-0.058445755392313004
17,0.6004835367202759,0.4044644236564636,-0.03999428078532219
18,0.6161360740661621,0.34013086557388306,-0.05980490520596504
19,0.6291552186012268,0.30442970991134644,-0.06138485670089722
20,0.6416934728622437,0.2733626067638397,-0.05859891325235367