0,0.412311851978302,0.6877219676971436,-1.8739855534022354e-07
1,0.36817479133605957,0.6908582448959351,-0.012255063280463219
2,0.31599339842796326,0.6522117853164673,-0.023341931402683258
3,0.2916274964809418,0.6176429390907288,-0.035265009850263596
4,0.31118977069854736,0.6060007810592651,-0.04558455944061279
5,0.33184143900871277,0.5481225252151489,-0.015915673226118088
6,0.31647932529449463,0.5035529136657715,-0.03923192247748375
7,0.30857181549072266,0.5387842059135437,-0.053973618894815445
8,0.311664879322052,0.5754472017288208,-0.062298621982336044
9,0.3620823919773102,0.5360954403877258,-0.021824434399604797
10,0.34071338176727295,0.49881887435913086,-0.048321690410375595
11,0.3293226659297943,0.5395889282226562,-0.059706564992666245
12,0.3320266902446747,0.5733886361122131,-0.06304825097322464
13,0.3964599072933197,0.5368251204490662,-0.03044046461582184
14,0.3785254955291748,0.49975651502609253,-0.055818960070610046
15,0.35937315225601196,0.5387828946113586,-0.062055040150880814
16,0.3528582453727722,0.5742582082748413,-0.06145570054650307
17,0.43070805072784424,0.5499717593193054,-0.039683468639850616
18,0.43712756037712097,0.4902726411819458,-0.06063251942396164
19,0.4383651614189148,0.45778635144233704,-0.06984598189592361
20,0.4406791925430298,0.42890891432762146,-0.07336848229169846