0,0.22969254851341248,0.5680841207504272,-2.6172199341090163e-07
1,0.2823975682258606,0.5534567832946777,-0.027611423283815384
2,0.32360583543777466,0.484507292509079,-0.041027624160051346
3,0.3198559582233429,0.41299042105674744,-0.053590837866067886
4,0.29171502590179443,0.3642853796482086,-0.0658378154039383
5,0.32902079820632935,0.37142711877822876,-0.03255932033061981
6,0.34499824047088623,0.2769273519515991,-0.05564349144697189
7,0.35334277153015137,0.21316172182559967,-0.06790661811828613
8,0.35869988799095154,0.16043388843536377,-0.07520556449890137
9,0.28337526321411133,0.361221581697464,-0.03199862316250801
10,0.288347989320755,0.35245636105537415,-0.07886690646409988
11,0.2774507999420166,0.4365198314189911,-0.09056558459997177
12,0.2688729763031006,0.4952329695224762,-0.08638615906238556
13,0.24094252288341522,0.36960816383361816,-0.03351747989654541
14,0.24334855377674103,0.35900968313217163,-0.07773223519325256
15,0.24406315386295319,0.43389931321144104,-0.07497353106737137
16,0.24213510751724243,0.48662233352661133,-0.06027612090110779
17,0.20066261291503906,0.3879093527793884,-0.036757972091436386
18,0.19097349047660828,0.3272401988506317,-0.06241578981280327
19,0.18522074818611145,0.3008876442909241,-0.06070735678076744
20,0.18117256462574005,0.27376222610473633,-0.0527082160115242