0,0.6567557454109192,0.7666054368019104,-1.6197914476379083e-07
1,0.6093062162399292,0.7461817264556885,-0.026376593858003616
2,0.5768185257911682,0.7010447978973389,-0.04668470099568367
3,0.5939126014709473,0.6678789854049683,-0.06637220084667206
4,0.6218535304069519,0.6500849723815918,-0.0843234583735466
5,0.5759387612342834,0.56695157289505,-0.043923135846853256
6,0.5628018379211426,0.4692123532295227,-0.06802012026309967
7,0.557282567024231,0.4094122052192688,-0.08322818577289581
8,0.5508384704589844,0.35600709915161133,-0.09571400284767151
9,0.614399254322052,0.5646135210990906,-0.04464332014322281
10,0.6183409690856934,0.5598188042640686,-0.08187515288591385
11,0.6183579564094543,0.6186109781265259,-0.09344357252120972
12,0.6141871213912964,0.6503691673278809,-0.09789241850376129
13,0.6519087553024292,0.5767397880554199,-0.047126639634370804
14,0.6617742776870728,0.5672774314880371,-0.08546917140483856
15,0.6534863114356995,0.6175201535224915,-0.08459198474884033
16,0.6428937315940857,0.6491170525550842,-0.07649008929729462
17,0.6893212795257568,0.591935932636261,-0.05154211446642876
18,0.714540958404541,0.5299705862998962,-0.08184602856636047
19,0.7388594150543213,0.49570319056510925,-0.08690156787633896
20,0.7596179246902466,0.4616899788379669,-0.08517847210168839