0,0.38220593333244324,0.5035395622253418,1.455688618534623e-07
1,0.33523255586624146,0.4972648024559021,-0.013941144570708275
2,0.29232853651046753,0.4381619691848755,-0.021782653406262398
3,0.298103392124176,0.38852471113204956,-0.030332030728459358
4,0.33832794427871704,0.36725902557373047,-0.038965050131082535
5,0.3099537789821625,0.3376152217388153,-0.023337919265031815
6,0.2956026792526245,0.2505946159362793,-0.039735112339258194
7,0.2832660675048828,0.1942291259765625,-0.0507095567882061
8,0.269245982170105,0.14531975984573364,-0.061793867498636246
9,0.3450499475002289,0.33109763264656067,-0.026918476447463036
10,0.32372424006462097,0.29611849784851074,-0.05888107791543007
11,0.31430482864379883,0.3547551929950714,-0.06601902097463608
12,0.3145715892314911,0.39206504821777344,-0.06505804508924484
13,0.3817203938961029,0.3369463384151459,-0.03182486444711685
14,0.3594866096973419,0.3020825982093811,-0.06429529190063477
15,0.34272313117980957,0.3595298230648041,-0.06042312830686569
16,0.3387961983680725,0.4006505608558655,-0.04948970675468445
17,0.418837308883667,0.34833112359046936,-0.037587180733680725
18,0.4307824671268463,0.2755015194416046,-0.06680358201265335
19,0.43853360414505005,0.23466530442237854,-0.07373329997062683
20,0.4473879039287567,0.1909642517566681,-0.07325129956007004