0,0.7336699962615967,0.7074397206306458,-6.780756223179196e-08
1,0.6922044157981873,0.6798248291015625,-0.03456128016114235
2,0.6700450778007507,0.6258544325828552,-0.057140983641147614
3,0.7001848220825195,0.5877583622932434,-0.0772601068019867
4,0.7343320846557617,0.5644200444221497,-0.09515249729156494
5,0.6760327816009521,0.4884931147098541,-0.0457032136619091
6,0.6713900566101074,0.38662397861480713,-0.07185091823339462
7,0.6722076535224915,0.32334578037261963,-0.08840015530586243
8,0.6711474061012268,0.26484280824661255,-0.10174299776554108
9,0.7193316221237183,0.48792311549186707,-0.043000902980566025
10,0.7306725382804871,0.45978039503097534,-0.0847388282418251
11,0.7275963425636292,0.5309926867485046,-0.0953107699751854
12,0.7179368138313293,0.5719283819198608,-0.09553616493940353
13,0.7564581632614136,0.5040453672409058,-0.04337591677904129
14,0.7708480358123779,0.4827916920185089,-0.08400188386440277
15,0.7620302438735962,0.5410870313644409,-0.08127693086862564
16,0.74819016456604,0.5770235061645508,-0.06956691294908524
17,0.7905404567718506,0.5277007818222046,-0.04637310653924942
18,0.8235276937484741,0.46732965111732483,-0.07733459025621414
19,0.8522762060165405,0.43961071968078613,-0.08225419372320175
20,0.8735265731811523,0.4087449908256531,-0.07959422469139099