0,0.615446925163269,0.8590068817138672,-3.827974524028832e-07
1,0.5696220397949219,0.841744065284729,-0.04234946146607399
2,0.5410710573196411,0.8095690011978149,-0.07422233372926712
3,0.5540174245834351,0.7972560524940491,-0.10447646677494049
4,0.5859878063201904,0.791770875453949,-0.13226547837257385
5,0.552647054195404,0.6515135765075684,-0.06540848314762115
6,0.5385568141937256,0.5567283630371094,-0.09881605207920074
7,0.534026026725769,0.49255889654159546,-0.11792926490306854
8,0.5344463586807251,0.4352395534515381,-0.13062678277492523
9,0.6002365350723267,0.6427285671234131,-0.062200821936130524
10,0.593860387802124,0.6593204140663147,-0.10425899177789688
11,0.5862293243408203,0.7293490171432495,-0.11813236773014069
12,0.5782667398452759,0.7637571096420288,-0.12267253547906876
13,0.64078289270401,0.6595021486282349,-0.061419472098350525
14,0.6462085247039795,0.6777661442756653,-0.106937475502491
15,0.6280588507652283,0.7397233247756958,-0.10685375332832336
16,0.6098741292953491,0.7686551213264465,-0.09592094272375107
17,0.6787965893745422,0.6849364638328552,-0.06347031891345978
18,0.7111185789108276,0.6342336535453796,-0.09332525730133057
19,0.7387990355491638,0.605362594127655,-0.09380204230546951
20,0.7595171332359314,0.5730907320976257,-0.08767727762460709