0,0.5177779793739319,0.8516201972961426,2.955111995106563e-07
1,0.48495790362358093,0.8560934066772461,-0.026822879910469055
2,0.44574904441833496,0.8377954959869385,-0.05081503838300705
3,0.44237256050109863,0.8147091865539551,-0.07453066110610962
4,0.4619552791118622,0.8014108538627625,-0.09852644056081772
5,0.4397982060909271,0.7016550898551941,-0.04185286909341812
6,0.4190479815006256,0.6346700191497803,-0.06318618357181549
7,0.40159130096435547,0.5821872353553772,-0.0769423246383667
8,0.3884965479373932,0.5393483638763428,-0.08931306004524231
9,0.47769895195961,0.6899814605712891,-0.0435415543615818
10,0.46056103706359863,0.6703654527664185,-0.07844909280538559
11,0.4576421082019806,0.736457347869873,-0.08628939092159271
12,0.4603791832923889,0.7702427506446838,-0.08559999614953995
13,0.5180161595344543,0.692604660987854,-0.04741166532039642
14,0.5099788904190063,0.6749820709228516,-0.08249328285455704
15,0.49612194299697876,0.7323519587516785,-0.08076462149620056
16,0.49031323194503784,0.771577775478363,-0.07186868786811829
17,0.5577828884124756,0.7077123522758484,-0.05340227857232094
18,0.5743323564529419,0.6522772908210754,-0.08622805774211884
19,0.5901511907577515,0.6202858686447144,-0.0952657163143158
20,0.6070539951324463,0.5863828659057617,-0.09551144391298294