0,0.4033571481704712,0.7356898188591003,1.3736291748500662e-07
1,0.44883811473846436,0.7311931252479553,-0.02069733664393425
2,0.4923801124095917,0.6962546110153198,-0.0345945842564106
3,0.5006411671638489,0.6470097899436951,-0.047610048204660416
4,0.4690150320529938,0.6128515005111694,-0.0616556778550148
5,0.47957298159599304,0.5763559937477112,-0.028257926926016808
6,0.5122478604316711,0.5155535340309143,-0.040051694959402084
7,0.5338135957717896,0.466601699590683,-0.04637282341718674
8,0.5500091910362244,0.42561227083206177,-0.0526270754635334
9,0.4469115138053894,0.5671442747116089,-0.030460065230727196
10,0.4707527756690979,0.5338753461837769,-0.05491868779063225
11,0.4759412109851837,0.5809579491615295,-0.06434174627065659
12,0.4743938744068146,0.6153483986854553,-0.06680923700332642
13,0.41255882382392883,0.5714569687843323,-0.03376738354563713
14,0.4386123716831207,0.5580092072486877,-0.06383422762155533
15,0.44595852494239807,0.6271184086799622,-0.06799643486738205
16,0.44078123569488525,0.6756812930107117,-0.064743272960186
17,0.38079899549484253,0.5864067673683167,-0.03799881041049957
18,0.372073769569397,0.5253034830093384,-0.060834161937236786
19,0.3683444857597351,0.48669931292533875,-0.06926312297582626
20,0.36260780692100525,0.44978487491607666,-0.07372133433818817