0,0.6147514581680298,0.5902539491653442,-7.392225143121323e-08
1,0.6574370265007019,0.6015803813934326,-0.01584971323609352
2,0.7057480216026306,0.5688388347625732,-0.02760670706629753
3,0.7350915670394897,0.528129518032074,-0.03976111114025116
4,0.7229381203651428,0.4842411279678345,-0.05196163430809975
5,0.706821084022522,0.46035051345825195,-0.026112986728549004
6,0.7437678575515747,0.3814050555229187,-0.04386886954307556
7,0.7734002470970154,0.33394643664360046,-0.05333206057548523
8,0.7951759099960327,0.29472288489341736,-0.05947912484407425
9,0.6813663840293884,0.4436539113521576,-0.030861228704452515
10,0.719266951084137,0.44674214720726013,-0.06928257644176483
11,0.699800968170166,0.5159716606140137,-0.0791119784116745
12,0.6772671937942505,0.5553202629089355,-0.07603418081998825
13,0.653847336769104,0.43665045499801636,-0.03642640262842178
14,0.6910171508789062,0.4280914068222046,-0.07082564383745193
15,0.6866849660873413,0.4898283779621124,-0.06934519857168198
16,0.6736159324645996,0.5312083959579468,-0.05919841676950455
17,0.6254287958145142,0.4368892312049866,-0.04294520244002342
18,0.6394165754318237,0.3722628355026245,-0.06295420974493027
19,0.6520227789878845,0.33649271726608276,-0.06414151191711426
20,0.6643211841583252,0.30448389053344727,-0.06119183450937271