0,0.5197663307189941,0.5055434107780457,-8.011095076199126e-08
1,0.5689225196838379,0.508939802646637,-0.023019438609480858
2,0.6198496222496033,0.4658084511756897,-0.04086447134613991
3,0.6449039578437805,0.41084179282188416,-0.060293540358543396
4,0.6217557787895203,0.36325907707214355,-0.0794546976685524
5,0.6307401061058044,0.35488101840019226,-0.029414115473628044
6,0.6707538962364197,0.2688468098640442,-0.050228822976350784
7,0.699565589427948,0.21413736045360565,-0.05813644081354141
8,0.7212526798248291,0.172199085354805,-0.062247198075056076
9,0.5968930125236511,0.33827704191207886,-0.03344085067510605
10,0.6267544031143188,0.3274253010749817,-0.07750827819108963
11,0.6077426075935364,0.4045208692550659,-0.08593703806400299
12,0.5916774868965149,0.45011067390441895,-0.07955247908830643
13,0.5642814636230469,0.3327087461948395,-0.03947705030441284
14,0.591549813747406,0.3128591775894165,-0.08036249130964279
15,0.5838488340377808,0.3870275020599365,-0.07502270489931107
16,0.5718883275985718,0.4374138116836548,-0.05955783277750015
17,0.5312061905860901,0.3341737985610962,-0.04752494767308235
18,0.5329861640930176,0.2660583257675171,-0.07172878831624985
19,0.5364688038825989,0.22247326374053955,-0.0728427842259407
20,0.5439475774765015,0.17738154530525208,-0.06827901303768158