0,0.39099156856536865,0.5692440867424011,1.447082951244738e-07
1,0.35409289598464966,0.5708605647087097,-0.018773306161165237
2,0.30631130933761597,0.5319329500198364,-0.032947439700365067
3,0.2879346013069153,0.49875006079673767,-0.048064425587654114
4,0.3063907325267792,0.46923932433128357,-0.06303191184997559
5,0.301774263381958,0.4045717120170593,-0.02646295353770256
6,0.28153204917907715,0.3210681974887848,-0.04627656191587448
7,0.2636447250843048,0.26573729515075684,-0.05868232995271683
8,0.24740877747535706,0.22032752633094788,-0.06916821002960205
9,0.3364412486553192,0.39617326855659485,-0.03056519664824009
10,0.3097653090953827,0.37013816833496094,-0.06832853704690933
11,0.3031530976295471,0.4243520498275757,-0.08072911202907562
12,0.3052099645137787,0.464557409286499,-0.08197150379419327
13,0.37610089778900146,0.39879974722862244,-0.03653576225042343
14,0.3544738292694092,0.36767205595970154,-0.0742620974779129
15,0.3398139178752899,0.41201138496398926,-0.07666214555501938
16,0.33303794264793396,0.44633370637893677,-0.06922676414251328
17,0.41737663745880127,0.40938666462898254,-0.04336773231625557
18,0.42558810114860535,0.3396102786064148,-0.07318802177906036
19,0.4346129894256592,0.298785924911499,-0.08118372410535812
20,0.44249701499938965,0.2555522322654724,-0.08100011944770813