0,0.54953932762146,0.6282260417938232,-2.503339260329085e-07
1,0.5049867033958435,0.6189485192298889,-0.01181524433195591
2,0.45763474702835083,0.5685320496559143,-0.021327532827854156
3,0.4536365270614624,0.5216807723045349,-0.032366812229156494
4,0.49091458320617676,0.5090237855911255,-0.04035557061433792
5,0.47313451766967773,0.45912253856658936,-0.01092721801251173
6,0.45574238896369934,0.40904706716537476,-0.031931858509778976
7,0.45700281858444214,0.4494822025299072,-0.04348453879356384
8,0.46389245986938477,0.4772026538848877,-0.0506267249584198
9,0.5026967525482178,0.4493832290172577,-0.016548022627830505
10,0.48361101746559143,0.4052816927433014,-0.04408526420593262
11,0.47830912470817566,0.44703319668769836,-0.05458375811576843
12,0.4805201292037964,0.47719475626945496,-0.05715398117899895
13,0.5367872714996338,0.45006269216537476,-0.025341177359223366
14,0.5237929224967957,0.4114818572998047,-0.05100277438759804
15,0.5089435577392578,0.4486885368824005,-0.057587988674640656
16,0.5010740160942078,0.4809138774871826,-0.05686606466770172
17,0.572545051574707,0.46081769466400146,-0.03525996953248978
18,0.5845736265182495,0.3967164158821106,-0.05605766177177429
19,0.5924674272537231,0.35560014843940735,-0.06833081692457199
20,0.5987784266471863,0.3165423572063446,-0.07427781820297241