0,0.7350918650627136,0.7550532221794128,-4.519159446658705e-08
1,0.6931281685829163,0.7366127371788025,-0.03571011498570442
2,0.6660497188568115,0.690924882888794,-0.06214112043380737
3,0.6909050941467285,0.657298743724823,-0.08604606986045837
4,0.7199378609657288,0.6324601769447327,-0.10741298645734787
5,0.6707033514976501,0.5475460886955261,-0.05363059788942337
6,0.6653575301170349,0.4479888081550598,-0.08299876749515533
7,0.6655567288398743,0.3868618607521057,-0.1002010703086853
8,0.6644074320793152,0.3320618271827698,-0.11355610936880112
9,0.7133615612983704,0.5523693561553955,-0.050987012684345245
10,0.7204083800315857,0.5206412672996521,-0.09486392140388489
11,0.7144368886947632,0.595457136631012,-0.10347793251276016
12,0.7054399251937866,0.6325681209564209,-0.10263654589653015
13,0.7522392272949219,0.5686230659484863,-0.05134090408682823
14,0.7652510404586792,0.5381699800491333,-0.09352453052997589
15,0.7525478005409241,0.6006321907043457,-0.08682426810264587
16,0.7370460033416748,0.6364768743515015,-0.07288109511137009
17,0.7875499129295349,0.5887886881828308,-0.05442638322710991
18,0.8168941736221313,0.5265411734580994,-0.08638818562030792
19,0.8418107032775879,0.4962354600429535,-0.08994916081428528
20,0.8614858388900757,0.4572005569934845,-0.0864412784576416