0,0.6100354790687561,0.609836995601654,9.162674530216464e-08
1,0.5635921359062195,0.5984348058700562,-0.02974662557244301
2,0.5284243226051331,0.5536534786224365,-0.0513736866414547
3,0.5486471652984619,0.5131126046180725,-0.07136291265487671
4,0.5805058479309082,0.48830676078796387,-0.09010783582925797
5,0.5257003903388977,0.4162377119064331,-0.04629647359251976
6,0.5129058957099915,0.3139312267303467,-0.07261649519205093
7,0.506564736366272,0.24209532141685486,-0.09124093502759933
8,0.49689555168151855,0.18096736073493958,-0.10742400586605072
9,0.5674793720245361,0.40579959750175476,-0.04574548453092575
10,0.5685077905654907,0.38937902450561523,-0.08152438700199127
11,0.5715979337692261,0.45256292819976807,-0.08875319361686707
12,0.570600152015686,0.48327773809432983,-0.09052695333957672
13,0.6090514063835144,0.41487085819244385,-0.04827678203582764
14,0.616568386554718,0.4040406048297882,-0.08553344756364822
15,0.6111699938774109,0.45649051666259766,-0.08040677011013031
16,0.6049607992172241,0.48908761143684387,-0.07031752169132233
17,0.6515318155288696,0.4316479563713074,-0.053340766578912735
18,0.6774775981903076,0.36312487721443176,-0.08739802986383438
19,0.7014603614807129,0.3258301019668579,-0.09345906972885132
20,0.7217168211936951,0.28861308097839355,-0.09234848618507385