0,0.5331377387046814,0.7721168994903564,3.9320397604569735e-08
1,0.5794968008995056,0.7800761461257935,-0.01295585185289383
2,0.6276546120643616,0.7510031461715698,-0.025997979566454887
3,0.6612825393676758,0.7221579551696777,-0.039853934198617935
4,0.64484703540802,0.6885650753974915,-0.053907912224531174
5,0.6236870884895325,0.6301392912864685,-0.028171129524707794
6,0.6682877540588379,0.5567189455032349,-0.04690524563193321
7,0.7029904723167419,0.5124704837799072,-0.059235770255327225
8,0.7272531986236572,0.47429728507995605,-0.0698174461722374
9,0.597061276435852,0.6187387108802795,-0.036707181483507156
10,0.6392242312431335,0.6093746423721313,-0.07308021187782288
11,0.6302541494369507,0.6743956208229065,-0.08458903431892395
12,0.6115860939025879,0.7111038565635681,-0.08626021444797516
13,0.5682270526885986,0.6200643181800842,-0.04573848471045494
14,0.6082249283790588,0.5951388478279114,-0.07639379054307938
15,0.6157399415969849,0.6540558338165283,-0.0761018842458725
16,0.6110714673995972,0.6932101249694824,-0.07137764990329742
17,0.5384124517440796,0.630530059337616,-0.055886223912239075
18,0.5468975901603699,0.5799910426139832,-0.07790690660476685
19,0.5584553480148315,0.554902195930481,-0.08328630030155182
20,0.5692835450172424,0.5267877578735352,-0.0858832448720932