0,0.7591778039932251,0.6323049664497375,3.152667238381923e-09
1,0.7211686968803406,0.618344783782959,-0.041703157126903534
2,0.7001842856407166,0.5771905183792114,-0.06907039135694504
3,0.7263508439064026,0.5335946083068848,-0.09271776676177979
4,0.7568574547767639,0.4968867897987366,-0.11391060054302216
5,0.6892021894454956,0.44851499795913696,-0.05271708220243454
6,0.6732950210571289,0.35394516587257385,-0.07865266501903534
7,0.6670732498168945,0.2975705564022064,-0.09264431148767471
8,0.6606674790382385,0.24536748230457306,-0.10329724848270416
9,0.7275329828262329,0.43983402848243713,-0.04675126448273659
10,0.738939642906189,0.39487478137016296,-0.08911561965942383
11,0.7507210969924927,0.45868921279907227,-0.09977701306343079
12,0.7505589127540588,0.5034348368644714,-0.09843713790178299
13,0.7628042101860046,0.44646990299224854,-0.04396401345729828
14,0.776976466178894,0.4041489064693451,-0.08247992396354675
15,0.7814275622367859,0.4554086923599243,-0.08030654489994049
16,0.7769049406051636,0.49110060930252075,-0.06889531761407852
17,0.7939924001693726,0.4598136842250824,-0.044479850679636
18,0.8149178624153137,0.39664554595947266,-0.07188642024993896
19,0.8343443274497986,0.3656105101108551,-0.07636289298534393
20,0.8460792899131775,0.3326204717159271,-0.0736745223402977