0,0.35992953181266785,0.7021079063415527,2.2376741526386468e-07
1,0.3281581997871399,0.7040348649024963,-0.02590528503060341
2,0.27571922540664673,0.6742815971374512,-0.04866978898644447
3,0.25060832500457764,0.6398254036903381,-0.07213747501373291
4,0.2714805006980896,0.6025738716125488,-0.09496188163757324
5,0.2687954008579254,0.5324385166168213,-0.0398905873298645
6,0.23774483799934387,0.4376866817474365,-0.06855373084545135
7,0.2142864465713501,0.3749552369117737,-0.08384352922439575
8,0.19867035746574402,0.32542234659194946,-0.09673512727022171
9,0.3043149411678314,0.5217604637145996,-0.0439668744802475
10,0.26288315653800964,0.48562222719192505,-0.09191560745239258
11,0.26095253229141235,0.5604987144470215,-0.10000969469547272
12,0.26997923851013184,0.6016582250595093,-0.09569332748651505
13,0.34551137685775757,0.5224936604499817,-0.051406532526016235
14,0.3160974681377411,0.48706284165382385,-0.09660101681947708
15,0.30120059847831726,0.5477939248085022,-0.09430575370788574
16,0.297333300113678,0.5883760452270508,-0.0824725553393364
17,0.38887590169906616,0.5341137647628784,-0.06115676835179329
18,0.4002540707588196,0.4668843448162079,-0.10420085489749908
19,0.41154295206069946,0.42541560530662537,-0.11931635439395905
20,0.4230148494243622,0.37645211815834045,-0.12244556844234467