0,0.5803765058517456,0.8207628726959229,-6.825865028758926e-08
1,0.5340763926506042,0.8080859184265137,-0.04123251885175705
2,0.49262088537216187,0.7882604002952576,-0.07718301564455032
3,0.4966515302658081,0.7752276659011841,-0.11141840368509293
4,0.5232453942298889,0.7666345238685608,-0.1425517201423645
5,0.5011026859283447,0.6207443475723267,-0.06127721443772316
6,0.48322629928588867,0.5309844017028809,-0.09117646515369415
7,0.4748082458972931,0.4669274091720581,-0.10670111328363419
8,0.4710237979888916,0.41367071866989136,-0.1180633082985878
9,0.5440275073051453,0.6095926761627197,-0.05916561931371689
10,0.5320858359336853,0.6383985877037048,-0.09521717578172684
11,0.523945689201355,0.707806408405304,-0.10087661445140839
12,0.5227087736129761,0.7318921685218811,-0.10105495899915695
13,0.5820919275283813,0.6277111172676086,-0.06061476096510887
14,0.5800644755363464,0.6595601439476013,-0.10173490643501282
15,0.5642264485359192,0.719887375831604,-0.09451644122600555
16,0.5546536445617676,0.7481948137283325,-0.08092258870601654
17,0.619827151298523,0.6544312834739685,-0.06552615761756897
18,0.6491687297821045,0.6116970181465149,-0.09656685590744019
19,0.6763520836830139,0.5809627175331116,-0.09645447134971619
20,0.7010517120361328,0.5463005900382996,-0.09011489897966385