0,0.6047395467758179,0.8661617040634155,-9.481318841153552e-08
1,0.5628735423088074,0.8648865222930908,-0.03370446711778641
2,0.5257676243782043,0.8424039483070374,-0.06056404858827591
3,0.5326825976371765,0.818399965763092,-0.0861569494009018
4,0.558176577091217,0.7970015406608582,-0.10930661857128143
5,0.5113146305084229,0.7069091796875,-0.04837697371840477
6,0.4843353033065796,0.6223912835121155,-0.07613851130008698
7,0.4682077467441559,0.5692225694656372,-0.09192401170730591
8,0.45532292127609253,0.5210145115852356,-0.10435333847999573
9,0.5487150549888611,0.6904764771461487,-0.046862468123435974
10,0.5372281074523926,0.6792932152748108,-0.08154558390378952
11,0.5429595708847046,0.7442928552627563,-0.08723174780607224
12,0.5463613271713257,0.7729610204696655,-0.08779673278331757
13,0.5857871770858765,0.6929026246070862,-0.048960745334625244
14,0.5856125950813293,0.6793881058692932,-0.08632472157478333
15,0.5822786688804626,0.7403827905654907,-0.0791713148355484
16,0.5773758888244629,0.7761775255203247,-0.0670015811920166
17,0.6235591769218445,0.701042115688324,-0.05401363596320152
18,0.6433663368225098,0.6418960690498352,-0.08374517410993576
19,0.6654891967773438,0.6072067022323608,-0.0873011127114296
20,0.6830993890762329,0.5702168345451355,-0.08525217324495316