0,0.7209929823875427,0.7181733846664429,-4.607007397794405e-08
1,0.674137532711029,0.7052749991416931,-0.04155384749174118
2,0.6448279023170471,0.6617897748947144,-0.0708993449807167
3,0.6688488721847534,0.6251149773597717,-0.09724846482276917
4,0.7002571821212769,0.5973447561264038,-0.12100879848003387
5,0.6429671049118042,0.5140835642814636,-0.05902552232146263
6,0.6300965547561646,0.40836718678474426,-0.08959802985191345
7,0.6276462078094482,0.3435462713241577,-0.10816796869039536
8,0.624008297920227,0.2838658094406128,-0.12262087315320969
9,0.6866688132286072,0.5054464936256409,-0.054989445954561234
10,0.6964214444160461,0.4815104603767395,-0.09934377670288086
11,0.6991339921951294,0.5578860640525818,-0.10945875942707062
12,0.6921817064285278,0.5980295538902283,-0.11004078388214111
13,0.7263094186782837,0.5145153403282166,-0.05447784811258316
14,0.7424143552780151,0.4934294819831848,-0.09752157330513
15,0.7373991012573242,0.5601603984832764,-0.09201555699110031
16,0.7251859307289124,0.6015355587005615,-0.07862355560064316
17,0.7642284631729126,0.5300379395484924,-0.057390861213207245
18,0.794877290725708,0.4648217558860779,-0.08977417647838593
19,0.824377715587616,0.4300018548965454,-0.09430988878011703
20,0.845978856086731,0.3920169770717621,-0.09174696356058121