0,0.18873167037963867,0.8595120906829834,-3.360064226853865e-08
1,0.23000475764274597,0.8329732418060303,-0.03353210911154747
2,0.26469698548316956,0.779836118221283,-0.058850713074207306
3,0.24062231183052063,0.7405886650085449,-0.08326692134141922
4,0.1983252614736557,0.720883309841156,-0.1069672554731369
5,0.25823768973350525,0.6403666734695435,-0.04771466925740242
6,0.28405582904815674,0.5398544073104858,-0.07818344235420227
7,0.3012784421443939,0.47201991081237793,-0.09553656727075577
8,0.31074097752571106,0.42071008682250977,-0.10678872466087341
9,0.2102293223142624,0.6435229778289795,-0.04866267740726471
10,0.2184242308139801,0.6269351840019226,-0.09529240429401398
11,0.21625816822052002,0.7091941237449646,-0.10742714256048203
12,0.21436110138893127,0.7438124418258667,-0.10717181861400604
13,0.16956660151481628,0.66119384765625,-0.0522291325032711
14,0.16630122065544128,0.6396332383155823,-0.09740179032087326
15,0.17964902520179749,0.711372435092926,-0.09493636339902878
16,0.1882704794406891,0.7502253651618958,-0.08394560217857361
17,0.13271765410900116,0.688047468662262,-0.05799579247832298
18,0.0974021926522255,0.6347911953926086,-0.08686017245054245
19,0.07359351217746735,0.6104512214660645,-0.08670412003993988
20,0.05441129207611084,0.5695464611053467,-0.08152425289154053