0,0.7302539944648743,0.542960524559021,1.1363079721604663e-07
1,0.6907391548156738,0.5123914480209351,-0.033174507319927216
2,0.6724192500114441,0.45940491557121277,-0.05708162114024162
3,0.698280394077301,0.41351696848869324,-0.07834132760763168
4,0.7271233797073364,0.3814917504787445,-0.09751750528812408
5,0.6710053086280823,0.3334733247756958,-0.044645074754953384
6,0.6603792905807495,0.23521777987480164,-0.06948508322238922
7,0.6581881642341614,0.17103509604930878,-0.08462817221879959
8,0.6553224921226501,0.11844135820865631,-0.09678392112255096
9,0.7118732333183289,0.3342772126197815,-0.04162711277604103
10,0.7224602103233337,0.2870011329650879,-0.07922513782978058
11,0.7222581505775452,0.3537159860134125,-0.08472535014152527
12,0.7152854204177856,0.39216160774230957,-0.08112264424562454
13,0.749747633934021,0.34842780232429504,-0.041733354330062866
14,0.7643918991088867,0.3023013472557068,-0.07480552792549133
15,0.758956789970398,0.35273879766464233,-0.0663522481918335
16,0.7489878535270691,0.3893718719482422,-0.05284152552485466
17,0.7817517518997192,0.3710409998893738,-0.045065347105264664
18,0.8108829259872437,0.3073025643825531,-0.07401037216186523
19,0.8316740989685059,0.27003154158592224,-0.07906949520111084
20,0.8476621508598328,0.2295302301645279,-0.0768463984131813