0,0.49971887469291687,0.8116739988327026,1.4189588171120704e-07
1,0.543012797832489,0.8189697861671448,-0.017631733790040016
2,0.5943371653556824,0.7860665917396545,-0.03281863406300545
3,0.6184746026992798,0.7528274059295654,-0.04939349368214607
4,0.5873708128929138,0.7348644137382507,-0.06746230274438858
5,0.5917906165122986,0.6593130230903625,-0.030828135088086128
6,0.6338006258010864,0.5824558734893799,-0.05204309895634651
7,0.6694505214691162,0.5379326939582825,-0.0686962828040123
8,0.693629264831543,0.4997944235801697,-0.08315374702215195
9,0.5606799721717834,0.644680917263031,-0.04025306925177574
10,0.5865153074264526,0.6297549605369568,-0.08012603968381882
11,0.5809334516525269,0.6962699890136719,-0.09572075307369232
12,0.5654712319374084,0.7351085543632507,-0.10033942759037018
13,0.5256439447402954,0.6473388671875,-0.05050007998943329
14,0.54970383644104,0.6162815093994141,-0.081938736140728
15,0.5585685968399048,0.675416886806488,-0.08300565928220749
16,0.5538942813873291,0.7165674567222595,-0.07953215390443802
17,0.48899030685424805,0.6620550155639648,-0.0627434253692627
18,0.48953109979629517,0.6143696904182434,-0.08548343181610107
19,0.49409759044647217,0.6011531949043274,-0.08918268233537674
20,0.49322429299354553,0.5846222043037415,-0.09032416343688965