0,0.7816667556762695,0.7435733079910278,-1.3802653597849712e-07
1,0.7410619854927063,0.7189974188804626,-0.046268485486507416
2,0.7214754819869995,0.6715540289878845,-0.07627250999212265
3,0.7563523054122925,0.637209415435791,-0.10189872980117798
4,0.7956533432006836,0.6129648089408875,-0.1239316388964653
5,0.7253945469856262,0.5280455946922302,-0.06148438900709152
6,0.7235265374183655,0.4241979122161865,-0.09018425643444061
7,0.7264642119407654,0.36073946952819824,-0.10671189427375793
8,0.7285493016242981,0.30179890990257263,-0.1194007471203804
9,0.7693301439285278,0.5220394730567932,-0.055480558425188065
10,0.7902852296829224,0.5026500821113586,-0.0988461971282959
11,0.7884542942047119,0.5773683786392212,-0.1105801910161972
12,0.7774810791015625,0.6186344027519226,-0.11102498322725296
13,0.8073198199272156,0.5350392460823059,-0.05277060717344284
14,0.8332443833351135,0.5251122117042542,-0.09482839703559875
15,0.8214871883392334,0.5876595377922058,-0.09228762984275818
16,0.8040022253990173,0.6208257675170898,-0.07988139241933823
17,0.8426253199577332,0.5569050312042236,-0.05378273129463196
18,0.8793794512748718,0.49965429306030273,-0.08283555507659912
19,0.9109798073768616,0.47239628434181213,-0.08587709814310074
20,0.934113085269928,0.44245097041130066,-0.08189501613378525