0,0.6979759931564331,0.5664100646972656,8.794367545306159e-08
1,0.6557390689849854,0.5493819117546082,-0.0288461335003376
2,0.6269580125808716,0.5022900104522705,-0.050265152007341385
3,0.6458029747009277,0.46011024713516235,-0.06981005519628525
4,0.6708659529685974,0.42968514561653137,-0.08734405785799026
5,0.6225672364234924,0.3743278682231903,-0.043298494070768356
6,0.6057801246643066,0.27667850255966187,-0.07069279253482819
7,0.5981302857398987,0.21174709498882294,-0.090263731777668
8,0.58961021900177,0.15505360066890717,-0.10610159486532211
9,0.6625939011573792,0.36914774775505066,-0.04224833473563194
10,0.6680359840393066,0.3315501809120178,-0.08033107966184616
11,0.6678836345672607,0.3948211371898651,-0.08901288360357285
12,0.6623958945274353,0.4276207983493805,-0.08966708183288574
13,0.7007170915603638,0.3767041862010956,-0.043913234025239944
14,0.7126311659812927,0.33987757563591003,-0.0777217224240303
15,0.7055751085281372,0.3912951946258545,-0.07017461955547333
16,0.6961436867713928,0.4266951382160187,-0.0582146942615509
17,0.7369839549064636,0.3913722634315491,-0.0483955517411232
18,0.7623439431190491,0.32585352659225464,-0.07745809108018875
19,0.7823609709739685,0.28905320167541504,-0.08149895071983337
20,0.7991620302200317,0.24944816529750824,-0.07890616357326508