0,0.4135480225086212,0.8006001710891724,2.3603327292676113e-07
1,0.45910924673080444,0.8041738867759705,-0.02266845479607582
2,0.4996238350868225,0.7887476682662964,-0.042658016085624695
3,0.5083962082862854,0.7533402442932129,-0.06141861155629158
4,0.48331618309020996,0.7214587330818176,-0.08111052215099335
5,0.5041052103042603,0.6572490334510803,-0.043519649654626846
6,0.539077639579773,0.6009001731872559,-0.06605557352304459
7,0.5694077014923096,0.5562086701393127,-0.08314155787229538
8,0.5911943316459656,0.5178744792938232,-0.09793781489133835
9,0.4717292785644531,0.6347326636314392,-0.04909656196832657
10,0.4929370582103729,0.6372385621070862,-0.07906497269868851
11,0.4917452931404114,0.6858706474304199,-0.09010037034749985
12,0.48516157269477844,0.7117737531661987,-0.0959642231464386
13,0.43217334151268005,0.6373125910758972,-0.05596388131380081
14,0.4520857334136963,0.6580114960670471,-0.0879245474934578
15,0.45492643117904663,0.7253085374832153,-0.09142007678747177
16,0.4485563635826111,0.7652193903923035,-0.09096171706914902
17,0.3929137587547302,0.6586897969245911,-0.06436986476182938
18,0.3861314058303833,0.6166508793830872,-0.09186659753322601
19,0.38583630323410034,0.5910382270812988,-0.09918706864118576
20,0.38336291909217834,0.5635298490524292,-0.10320857167243958