0,0.27212467789649963,0.5518275499343872,2.17637477817334e-07
1,0.23798783123493195,0.5571168065071106,-0.01670076511800289
2,0.17428913712501526,0.5183666348457336,-0.030734151601791382
3,0.13693886995315552,0.48030510544776917,-0.04580502584576607
4,0.1601777970790863,0.4451015591621399,-0.0612228661775589
5,0.18627285957336426,0.3862752616405487,-0.024139532819390297
6,0.1681196391582489,0.29008540511131287,-0.042640987783670425
7,0.15226086974143982,0.231112539768219,-0.05294160172343254
8,0.138311967253685,0.18493694067001343,-0.06273016333580017
9,0.21639636158943176,0.37699946761131287,-0.029302269220352173
10,0.1757255345582962,0.3465791344642639,-0.07018062472343445
11,0.16713057458400726,0.4076227843761444,-0.08219801634550095
12,0.1693272739648819,0.4511239528656006,-0.08075185120105743
13,0.25227683782577515,0.37686270475387573,-0.036110639572143555
14,0.2210843414068222,0.3435089886188507,-0.07509399205446243
15,0.198102205991745,0.3894897401332855,-0.07986541092395782
16,0.18342651426792145,0.4242919087409973,-0.07263467460870743
17,0.2909446954727173,0.3851097524166107,-0.04349309578537941
18,0.29547375440597534,0.31309086084365845,-0.07610625773668289
19,0.30439692735671997,0.271206259727478,-0.08845004439353943
20,0.31142765283584595,0.2282261997461319,-0.09047475457191467