0,0.46512943506240845,0.7934913635253906,5.302199213019776e-08
1,0.5132335424423218,0.8016897439956665,-0.014889237470924854
2,0.5644649267196655,0.7679218053817749,-0.02696552500128746
3,0.5996367931365967,0.7321637868881226,-0.03921842202544212
4,0.5806423425674438,0.6966701149940491,-0.05214648321270943
5,0.558990478515625,0.6429917812347412,-0.0257358867675066
6,0.6025153994560242,0.5712323188781738,-0.04268016666173935
7,0.6382963061332703,0.5250271558761597,-0.05406569689512253
8,0.6638782024383545,0.48625448346138,-0.06389831006526947
9,0.5307307839393616,0.6300965547561646,-0.03233690559864044
10,0.5720093250274658,0.6145238280296326,-0.06683910638093948
11,0.5603004097938538,0.684017539024353,-0.07749676704406738
12,0.5399894714355469,0.7271335124969482,-0.07776403427124023
13,0.4989611804485321,0.6303892135620117,-0.03961889445781708
14,0.5366247296333313,0.6084560751914978,-0.070027656853199
15,0.5439425110816956,0.670412540435791,-0.07038337737321854
16,0.5381525754928589,0.7132408618927002,-0.06513887643814087
17,0.4649805426597595,0.641035795211792,-0.0479436032474041
18,0.4697606563568115,0.5826809406280518,-0.06895594298839569
19,0.48056840896606445,0.5528842210769653,-0.073908232152462
20,0.49039992690086365,0.522747814655304,-0.0760573148727417