0,0.29858189821243286,0.772687554359436,5.814275993998308e-08
1,0.3413681089878082,0.755152702331543,-0.03132302686572075
2,0.3828536868095398,0.7073096632957458,-0.055493101477622986
3,0.38172781467437744,0.6504039764404297,-0.07914485782384872
4,0.3461085557937622,0.621606707572937,-0.10118819028139114
5,0.39599934220314026,0.5697131156921387,-0.03966280817985535
6,0.4319270849227905,0.47383832931518555,-0.06202460825443268
7,0.4569087028503418,0.4152423143386841,-0.07315019518136978
8,0.4747123718261719,0.3698740005493164,-0.0812586322426796
9,0.35322070121765137,0.5566091537475586,-0.041364457458257675
10,0.3679611384868622,0.5209718942642212,-0.07692333310842514
11,0.3666965663433075,0.5808807015419006,-0.08668740093708038
12,0.36580216884613037,0.6099990010261536,-0.08780089765787125
13,0.31238853931427,0.5591152906417847,-0.04535888507962227
14,0.316571980714798,0.49402326345443726,-0.08036203682422638
15,0.3240695595741272,0.5574972033500671,-0.07654666900634766
16,0.3266604542732239,0.6080250144004822,-0.06799283623695374
17,0.2720094919204712,0.5760728716850281,-0.05222548916935921
18,0.24399259686470032,0.5091224908828735,-0.0777769610285759
19,0.22208650410175323,0.4686320424079895,-0.08145173639059067
20,0.20348864793777466,0.4239131510257721,-0.08093304932117462