0,0.43434926867485046,0.6372230648994446,-1.60362091605748e-07
1,0.4033105969429016,0.6416856646537781,-0.012781091034412384
2,0.35154685378074646,0.6101595163345337,-0.022071506828069687
3,0.322035014629364,0.577682375907898,-0.0321042537689209
4,0.3359614908695221,0.5515908002853394,-0.03873792663216591
5,0.3580600917339325,0.506351113319397,-0.013638840988278389
6,0.337821900844574,0.45224645733833313,-0.035776857286691666
7,0.3282061815261841,0.48794716596603394,-0.046281326562166214
8,0.32868874073028564,0.5213413238525391,-0.05168918892741203
9,0.3842546045780182,0.4945261478424072,-0.01759168691933155
10,0.3595699071884155,0.4500918686389923,-0.04599476233124733
11,0.3460114002227783,0.49199652671813965,-0.05477827042341232
12,0.34577101469039917,0.5211997628211975,-0.05532422289252281
13,0.4163948893547058,0.4911864995956421,-0.02480155974626541
14,0.3944527804851532,0.4490475058555603,-0.051725417375564575
15,0.37492862343788147,0.49268293380737305,-0.0545438751578331
16,0.3662096858024597,0.5273870825767517,-0.050264786928892136
17,0.4505441188812256,0.49598202109336853,-0.03285098820924759
18,0.4553857743740082,0.4314694404602051,-0.055580686777830124
19,0.4578026235103607,0.3946616053581238,-0.06613348424434662
20,0.4588429629802704,0.3568847179412842,-0.07002530992031097