0,0.4937433898448944,0.48004117608070374,1.0829923269284336e-07
1,0.5408273935317993,0.4639882445335388,-0.028203513473272324
2,0.5842914581298828,0.40998542308807373,-0.047420620918273926
3,0.5861113667488098,0.3422488570213318,-0.0646190345287323
4,0.5561097860336304,0.3023902177810669,-0.08022066950798035
5,0.600353479385376,0.29372042417526245,-0.03385678306221962
6,0.6396675705909729,0.2055848240852356,-0.05200204625725746
7,0.6668717861175537,0.1507871448993683,-0.062198225408792496
8,0.6843621730804443,0.10788778960704803,-0.07047358900308609
9,0.560429573059082,0.271458238363266,-0.033073458820581436
10,0.5827374458312988,0.21663740277290344,-0.0625913143157959
11,0.5776299834251404,0.27836874127388,-0.06920409202575684
12,0.5701047778129578,0.3145393133163452,-0.06774327158927917
13,0.5210412740707397,0.264347642660141,-0.03425602987408638
14,0.5295835137367249,0.18316365778446198,-0.05968702957034111
15,0.536249577999115,0.2369629442691803,-0.054385144263505936
16,0.5351239442825317,0.28382745385169983,-0.046388816088438034
17,0.47707638144493103,0.2747609615325928,-0.03835207223892212
18,0.4548618793487549,0.19652439653873444,-0.059487611055374146
19,0.4405425488948822,0.14790411293506622,-0.06454231590032578
20,0.4286326467990875,0.09949889779090881,-0.06571564078330994