0,0.6790120601654053,0.8254125714302063,-3.0242821935644315e-07
1,0.6341717839241028,0.8023291826248169,-0.03487638011574745
2,0.6126588582992554,0.7616989612579346,-0.06004023179411888
3,0.6318053007125854,0.7366134524345398,-0.08453311771154404
4,0.6648186445236206,0.7245479226112366,-0.1071736067533493
5,0.6105388402938843,0.6325961351394653,-0.05220571905374527
6,0.590794563293457,0.5388882160186768,-0.0834377110004425
7,0.585335910320282,0.47413724660873413,-0.10045197606086731
8,0.5828743577003479,0.4178965091705322,-0.11073963344097137
9,0.6513710021972656,0.6197980642318726,-0.05081459507346153
10,0.6566118001937866,0.6190198659896851,-0.09259802103042603
11,0.6533288359642029,0.6833982467651367,-0.10542842745780945
12,0.6423311829566956,0.7150986790657043,-0.10688836872577667
13,0.6892737746238708,0.6267111897468567,-0.05190860107541084
14,0.7027526497840881,0.6309022307395935,-0.09657839685678482
15,0.6904793381690979,0.6896283626556396,-0.0979391559958458
16,0.6740583777427673,0.7154836654663086,-0.08675604313611984
17,0.726740300655365,0.6427261829376221,-0.05498702451586723
18,0.7522300481796265,0.5841350555419922,-0.0823904424905777
19,0.7761766314506531,0.5574286580085754,-0.08269978314638138
20,0.7943242788314819,0.528449535369873,-0.07624160498380661