0,0.5993824601173401,0.8710984587669373,-2.5294443162238167e-07
1,0.5543903708457947,0.852200448513031,-0.04424475133419037
2,0.5211648941040039,0.8234120607376099,-0.07971256226301193
3,0.5285641551017761,0.8054379224777222,-0.11289975792169571
4,0.5609551668167114,0.796667218208313,-0.1434514820575714
5,0.5302066802978516,0.6659970879554749,-0.06863183528184891
6,0.5188907384872437,0.5663169026374817,-0.1025642678141594
7,0.5130211114883423,0.5039395689964294,-0.12167702615261078
8,0.5109815001487732,0.44973260164260864,-0.1347680389881134
9,0.5764544606208801,0.6561543345451355,-0.06498213112354279
10,0.5659746527671814,0.6657470464706421,-0.10632351040840149
11,0.5601712465286255,0.7342931628227234,-0.11825445294380188
12,0.55487060546875,0.7694084644317627,-0.12238609045743942
13,0.6159970164299011,0.6708334684371948,-0.06444115936756134
14,0.6187803745269775,0.6803743243217468,-0.10816703736782074
15,0.6034034490585327,0.7389864921569824,-0.10676281154155731
16,0.588628888130188,0.7692316770553589,-0.09641561657190323
17,0.6533342003822327,0.6927544474601746,-0.06719473749399185
18,0.6840476989746094,0.6392369270324707,-0.0968395248055458
19,0.7139149904251099,0.6096441149711609,-0.09868957102298737
20,0.7379404902458191,0.5768939852714539,-0.09452938288450241