0,0.7489128708839417,0.714130699634552,-1.538803644507425e-07
1,0.7027183175086975,0.6996749639511108,-0.04186951741576195
2,0.6751742362976074,0.6566658020019531,-0.07055151462554932
3,0.6977978944778442,0.6270413398742676,-0.09594478458166122
4,0.7301245331764221,0.6015629768371582,-0.11830085515975952
5,0.6669943928718567,0.5173957347869873,-0.06230641528964043
6,0.6544121503829956,0.4147877097129822,-0.09366147220134735
7,0.6501960158348083,0.3505944013595581,-0.1121106743812561
8,0.6465997695922852,0.2922067642211914,-0.12565547227859497
9,0.708690881729126,0.5047609806060791,-0.057733114808797836
10,0.7228017449378967,0.4875343143939972,-0.10038995742797852
11,0.7216440439224243,0.5586851239204407,-0.11154454201459885
12,0.7118307948112488,0.591669499874115,-0.11307819932699203
13,0.7472416162490845,0.5102217793464661,-0.05621323734521866
14,0.7680394649505615,0.4983322024345398,-0.09804319590330124
15,0.7572836875915527,0.5624716877937317,-0.09454377740621567
16,0.7401193380355835,0.5948494672775269,-0.08245526999235153
17,0.7854054570198059,0.5233211517333984,-0.05796343460679054
18,0.8139341473579407,0.46102067828178406,-0.08841374516487122
19,0.8419239521026611,0.42896872758865356,-0.09191364049911499
20,0.8637340664863586,0.39265522360801697,-0.08844217658042908