0,0.3835752308368683,0.637229323387146,9.705060932674314e-08
1,0.3460514545440674,0.6395378112792969,-0.02670537866652012
2,0.2963598072528839,0.6027778387069702,-0.04715823009610176
3,0.27329036593437195,0.5616665482521057,-0.06760648638010025
4,0.2904331684112549,0.5246099829673767,-0.08678196370601654
5,0.28839877247810364,0.4734637439250946,-0.03875814378261566
6,0.254414439201355,0.3795545995235443,-0.0692615881562233
7,0.23404283821582794,0.31712865829467773,-0.08935066312551498
8,0.21798750758171082,0.2661133408546448,-0.10468128323554993
9,0.32035204768180847,0.4635542631149292,-0.03938056901097298
10,0.28534701466560364,0.41988903284072876,-0.0824776366353035
11,0.28325799107551575,0.4836888611316681,-0.09298603981733322
12,0.2871931195259094,0.5221877694129944,-0.0923953428864479
13,0.36118364334106445,0.46400168538093567,-0.043101854622364044
14,0.33949166536331177,0.41707396507263184,-0.08313421905040741
15,0.3272450864315033,0.4750221371650696,-0.07855435460805893
16,0.3224240243434906,0.5183150172233582,-0.06539462506771088
17,0.4042126536369324,0.4711145758628845,-0.04910268262028694
18,0.4174528121948242,0.39720386266708374,-0.08148195594549179
19,0.4304466247558594,0.3524462580680847,-0.08869102597236633
20,0.4436563551425934,0.3047579824924469,-0.08744111657142639