0,0.44674021005630493,0.8901589512825012,1.351927494397387e-07
1,0.4842313528060913,0.8997939825057983,-0.019466402009129524
2,0.5283037424087524,0.8819648623466492,-0.039042532444000244
3,0.544991672039032,0.8542437553405762,-0.05882007256150246
4,0.5227735042572021,0.8286178112030029,-0.07867276668548584
5,0.5515740513801575,0.7500004768371582,-0.03797096014022827
6,0.5971611142158508,0.6865981817245483,-0.06431350111961365
7,0.636643648147583,0.6463187336921692,-0.0856003612279892
8,0.6651845574378967,0.611748456954956,-0.10302838683128357
9,0.5158673524856567,0.730171263217926,-0.04481476917862892
10,0.5379459261894226,0.7179599404335022,-0.0831058919429779
11,0.5269836187362671,0.7895869612693787,-0.09646791219711304
12,0.5130389928817749,0.8277232646942139,-0.1012948602437973
13,0.4789075255393982,0.7281168103218079,-0.05283798649907112
14,0.5018975138664246,0.6900877356529236,-0.08290936052799225
15,0.5035437941551208,0.7558917999267578,-0.07975079119205475
16,0.4972991645336151,0.8033969402313232,-0.07505079358816147
17,0.44201022386550903,0.7418464422225952,-0.06309662014245987
18,0.4340541660785675,0.6928514242172241,-0.08816679567098618
19,0.4249803423881531,0.6660807132720947,-0.09318985044956207
20,0.41812580823898315,0.6300684809684753,-0.09530096501111984