0,0.5938432812690735,0.9049324989318848,-3.626796853950509e-07
1,0.5596511363983154,0.8886844515800476,-0.035547468811273575
2,0.5381871461868286,0.8700472116470337,-0.06589378416538239
3,0.5426138043403625,0.8740700483322144,-0.09545835107564926
4,0.5521012544631958,0.877021849155426,-0.1250874251127243
5,0.5418664813041687,0.7292470335960388,-0.07308634370565414
6,0.5253159403800964,0.6477025151252747,-0.10665898770093918
7,0.5172000527381897,0.5831121206283569,-0.12510785460472107
8,0.5151125192642212,0.5304821729660034,-0.13748909533023834
9,0.5870686173439026,0.7146848440170288,-0.07368481159210205
10,0.57590651512146,0.7555115818977356,-0.11436625570058823
11,0.571603000164032,0.8228049874305725,-0.1277996450662613
12,0.5651737451553345,0.8557357788085938,-0.1337677240371704
13,0.6263378858566284,0.7318797707557678,-0.07513606548309326
14,0.6248732209205627,0.7839752435684204,-0.11892979592084885
15,0.6088199615478516,0.847690761089325,-0.11950891464948654
16,0.5936381816864014,0.8736484050750732,-0.11103463172912598
17,0.6656094789505005,0.7646717429161072,-0.07883913069963455
18,0.6960193514823914,0.7212514281272888,-0.1117551252245903
19,0.7214699983596802,0.6940218210220337,-0.1127433031797409
20,0.7414411902427673,0.6640794277191162,-0.10782196372747421