0,0.6853405237197876,0.5159044861793518,1.0773116088103052e-07
1,0.6445953249931335,0.4924415946006775,-0.02719755284488201
2,0.6217180490493774,0.43874770402908325,-0.04606907442212105
3,0.6412337422370911,0.3927612900733948,-0.06299436837434769
4,0.6655213236808777,0.3615611493587494,-0.07805762439966202
5,0.6156414747238159,0.31380414962768555,-0.03783265873789787
6,0.6029989719390869,0.21533507108688354,-0.061005257070064545
7,0.5989506244659424,0.15117572247982025,-0.0774630531668663
8,0.5941810607910156,0.0966738760471344,-0.09115269035100937
9,0.6564458012580872,0.31147196888923645,-0.03733585402369499
10,0.6653221845626831,0.26311251521110535,-0.07512065768241882
11,0.6673950552940369,0.32313159108161926,-0.08527184277772903
12,0.6628099083900452,0.36569488048553467,-0.08552084863185883
13,0.6952031254768372,0.3230254054069519,-0.03917437419295311
14,0.7082774043083191,0.27754631638526917,-0.07167957723140717
15,0.7053865790367126,0.32177501916885376,-0.06725139170885086
16,0.6994863152503967,0.3594146966934204,-0.05700166895985603
17,0.7304798364639282,0.3433743119239807,-0.04352074861526489
18,0.7581170201301575,0.2784111499786377,-0.07147334516048431
19,0.7785428166389465,0.2400415539741516,-0.07745838165283203
20,0.7951052784919739,0.20184215903282166,-0.07636208832263947