0,0.7139509320259094,0.8648715615272522,-1.5382742901692836e-07
1,0.6698473691940308,0.8411458134651184,-0.03770291805267334
2,0.6431654095649719,0.7981430888175964,-0.0653144121170044
3,0.663266122341156,0.7716252207756042,-0.09053248167037964
4,0.6957567930221558,0.7554718852043152,-0.1125943660736084
5,0.6525447368621826,0.6541430354118347,-0.05544159561395645
6,0.6484049558639526,0.5543012619018555,-0.08521752804517746
7,0.6502634882926941,0.49292561411857605,-0.10375931859016418
8,0.6519584059715271,0.43496155738830566,-0.11814477294683456
9,0.6944020390510559,0.6500453948974609,-0.05251319333910942
10,0.6998510956764221,0.6405851244926453,-0.0913710668683052
11,0.6938926577568054,0.7091742157936096,-0.10092435032129288
12,0.6834315061569214,0.7405685186386108,-0.1032683476805687
13,0.7315558195114136,0.6655312180519104,-0.05268324911594391
14,0.7460688352584839,0.6570240259170532,-0.09252380579710007
15,0.7329081296920776,0.7198132872581482,-0.08709743618965149
16,0.7170084714889526,0.7534168362617493,-0.07493539154529572
17,0.7671464085578918,0.6896907091140747,-0.05599179491400719
18,0.8010017275810242,0.6378637552261353,-0.0852256715297699
19,0.8306471705436707,0.6119425296783447,-0.08758368343114853
20,0.8542877435684204,0.5811004042625427,-0.08396266400814056