0,0.3771685063838959,0.8339109420776367,1.2364715473722754e-08
1,0.42500293254852295,0.8215210437774658,-0.020679350942373276
2,0.4691416025161743,0.7890858054161072,-0.04296043887734413
3,0.4706972539424896,0.7466712594032288,-0.06494804471731186
4,0.43732672929763794,0.7203306555747986,-0.08715987205505371
5,0.4670692980289459,0.6403083205223083,-0.047377809882164
6,0.503949761390686,0.5550562143325806,-0.07205739617347717
7,0.5306884050369263,0.49918362498283386,-0.08966532349586487
8,0.5483813285827637,0.45277273654937744,-0.10460863262414932
9,0.4254918098449707,0.630000114440918,-0.055336300283670425
10,0.4548422694206238,0.6249876022338867,-0.09602604806423187
11,0.4558883309364319,0.697624921798706,-0.11291354149580002
12,0.44484272599220276,0.7378711104393005,-0.1204724833369255
13,0.3839852809906006,0.6393253803253174,-0.06318032741546631
14,0.4070526361465454,0.6058809757232666,-0.09959739446640015
15,0.4202808737754822,0.6783435344696045,-0.10303027182817459
16,0.42022332549095154,0.730065643787384,-0.10209332406520844
17,0.34538352489471436,0.6618987321853638,-0.07210779190063477
18,0.3222421407699585,0.6065453290939331,-0.10041651129722595
19,0.3058386743068695,0.579413115978241,-0.10772597044706345
20,0.29100167751312256,0.5442422032356262,-0.1114950031042099