0,0.388476699590683,0.6690766215324402,1.6099612309972144e-07
1,0.3593958616256714,0.6812543272972107,-0.020374462008476257
2,0.3033927381038666,0.6543850898742676,-0.03587155044078827
3,0.2715409994125366,0.6263329982757568,-0.05182597413659096
4,0.2847025692462921,0.5944980382919312,-0.06741628795862198
5,0.29851529002189636,0.5281892418861389,-0.031215546652674675
6,0.2736443281173706,0.44016698002815247,-0.05441294610500336
7,0.25534647703170776,0.3842408061027527,-0.06688106060028076
8,0.24188706278800964,0.33985328674316406,-0.07723519951105118
9,0.33009079098701477,0.5164031982421875,-0.03443077579140663
10,0.29082462191581726,0.48402413725852966,-0.07720306515693665
11,0.2853916585445404,0.5508013367652893,-0.08625128120183945
12,0.29099059104919434,0.5952368378639221,-0.08273530751466751
13,0.3661345839500427,0.5163647532463074,-0.04002946615219116
14,0.3348802328109741,0.4857606291770935,-0.08012497425079346
15,0.3200818598270416,0.544992208480835,-0.07948698848485947
16,0.31515464186668396,0.5877660512924194,-0.06843733787536621
17,0.40236324071884155,0.5267845392227173,-0.0469466932117939
18,0.40553221106529236,0.465957909822464,-0.08146913349628448
19,0.4102579951286316,0.4307922124862671,-0.0930146798491478
20,0.41506797075271606,0.38953936100006104,-0.09428329020738602