0,0.4970487356185913,0.7559889554977417,3.814455951101081e-08
1,0.5475606918334961,0.7586259841918945,-0.014525504782795906
2,0.5929301381111145,0.7286821603775024,-0.029518673196434975
3,0.615530788898468,0.6932891607284546,-0.04641340300440788
4,0.5942374467849731,0.6618126034736633,-0.06456436961889267
5,0.5875135064125061,0.602163553237915,-0.032012198120355606
6,0.6312220096588135,0.5334919691085815,-0.05113524571061134
7,0.6624413132667542,0.4846441149711609,-0.06383497267961502
8,0.6855787038803101,0.44605013728141785,-0.07379371672868729
9,0.5572179555892944,0.5906586050987244,-0.040982019156217575
10,0.5906586647033691,0.6008162498474121,-0.07415816187858582
11,0.5869784951210022,0.6543854475021362,-0.08577193319797516
12,0.576038658618927,0.6874099969863892,-0.08857649564743042
13,0.524117648601532,0.5977472066879272,-0.05020327493548393
14,0.5573889017105103,0.6085559725761414,-0.08019106835126877
15,0.5584754347801208,0.6654019951820374,-0.08027500659227371
16,0.5503633618354797,0.7021048665046692,-0.07536723464727402
17,0.49389615654945374,0.6175058484077454,-0.060867615044116974
18,0.49867531657218933,0.5627472400665283,-0.08005383610725403
19,0.5059584379196167,0.5329375267028809,-0.08151319622993469
20,0.5110853910446167,0.5102657079696655,-0.08075156807899475