0,0.7908332943916321,0.5731035470962524,-9.129195177592919e-08
1,0.7487747669219971,0.5396121740341187,-0.03007686510682106
2,0.7276493310928345,0.4771137237548828,-0.0486464649438858
3,0.7614209651947021,0.42815858125686646,-0.06503405421972275
4,0.8003761768341064,0.40433651208877563,-0.07838901877403259
5,0.7200525999069214,0.3675399422645569,-0.03675125911831856
6,0.7120622992515564,0.2713286876678467,-0.06088792160153389
7,0.7103411555290222,0.21058626472949982,-0.07720311731100082
8,0.7075597047805786,0.15553231537342072,-0.08991366624832153
9,0.7593791484832764,0.36282971501350403,-0.03314663842320442
10,0.7743539214134216,0.3475099205970764,-0.06824326515197754
11,0.7662887573242188,0.4116101562976837,-0.07724911719560623
12,0.7539240121841431,0.43682846426963806,-0.07782980799674988
13,0.7950121760368347,0.37212100625038147,-0.03220290318131447
14,0.8154302835464478,0.3547170162200928,-0.06642875075340271
15,0.8000798225402832,0.4111209511756897,-0.06127817556262016
16,0.7827999591827393,0.4397888481616974,-0.04934104532003403
17,0.8277474045753479,0.3877350986003876,-0.0338129848241806
18,0.8541100025177002,0.3330598473548889,-0.05899285525083542
19,0.87408447265625,0.30040526390075684,-0.06015612557530403
20,0.8916597366333008,0.2650413513183594,-0.054945945739746094