0,0.49698197841644287,0.8426135778427124,1.5528763697147951e-07
1,0.5508934855461121,0.8417197465896606,-0.022430287674069405
2,0.5874329805374146,0.8190599083900452,-0.04845092073082924
3,0.6053825616836548,0.7856140732765198,-0.07465579360723495
4,0.5802281498908997,0.7664564251899719,-0.101381815969944
5,0.5784083008766174,0.687537431716919,-0.05280314385890961
6,0.6174307465553284,0.6232479810714722,-0.0781906321644783
7,0.647972583770752,0.5709648728370667,-0.09417328238487244
8,0.6697195172309875,0.5323037505149841,-0.10853512585163116
9,0.5480561852455139,0.6748188734054565,-0.06018613278865814
10,0.5695114135742188,0.6931664943695068,-0.09532660245895386
11,0.5694640874862671,0.7485957145690918,-0.1041765883564949
12,0.5647307634353638,0.7808250188827515,-0.10831411927938461
13,0.5139174461364746,0.6886393427848816,-0.0684598833322525
14,0.5364548563957214,0.7011772990226746,-0.10050878673791885
15,0.5489653944969177,0.7623140811920166,-0.1017039343714714
16,0.5488281846046448,0.8035532236099243,-0.10142447799444199
17,0.48361051082611084,0.7207044363021851,-0.07891524583101273
18,0.47089070081710815,0.6824271082878113,-0.10815677791833878
19,0.4711134433746338,0.6536968946456909,-0.11872045695781708
20,0.468570739030838,0.6264631152153015,-0.12573681771755219