0,0.5794538259506226,0.7922799587249756,1.3526322106827138e-07
1,0.6241264939308167,0.8057951927185059,-0.015029179863631725
2,0.6680528521537781,0.7878631353378296,-0.03218270465731621
3,0.6956798434257507,0.7648926377296448,-0.05035201087594032
4,0.6834245920181274,0.7363677024841309,-0.07025763392448425
5,0.6650295257568359,0.6639838814735413,-0.03342078626155853
6,0.701215922832489,0.6053848266601562,-0.05422713980078697
7,0.7348209619522095,0.5625624656677246,-0.06761544942855835
8,0.7584282159805298,0.5272046327590942,-0.07806261628866196
9,0.6385439038276672,0.6486608386039734,-0.04077690839767456
10,0.6791256070137024,0.6654475927352905,-0.07496438175439835
11,0.6682888865470886,0.7260196805000305,-0.08301408588886261
12,0.6492498517036438,0.7550069689750671,-0.0821775272488594
13,0.6083227396011353,0.6517444849014282,-0.04891865700483322
14,0.6491661667823792,0.6643182635307312,-0.08063820004463196
15,0.6465325355529785,0.7246212363243103,-0.07777809351682663
16,0.6335194706916809,0.757860004901886,-0.06986820697784424
17,0.5773595571517944,0.6682836413383484,-0.0583222433924675
18,0.5932584404945374,0.625010073184967,-0.08298823982477188
19,0.6103414297103882,0.6086533665657043,-0.08707841485738754
20,0.6241605877876282,0.5953012704849243,-0.08704856038093567