0,0.5333915948867798,0.8479644656181335,1.469063732884024e-07
1,0.579261064529419,0.854333758354187,-0.021389884874224663
2,0.6188591718673706,0.8384643793106079,-0.047475915402173996
3,0.6443355083465576,0.8144486546516418,-0.07436231523752213
4,0.6246094703674316,0.7887982726097107,-0.10276126116514206
5,0.6187772750854492,0.7004433870315552,-0.047558605670928955
6,0.6611515283584595,0.652232825756073,-0.07371596992015839
7,0.6961677074432373,0.6080430746078491,-0.08858494460582733
8,0.7220394611358643,0.574504554271698,-0.09953589737415314
9,0.5874325037002563,0.683597207069397,-0.05494685098528862
10,0.6300004124641418,0.7265059351921082,-0.0929567888379097
11,0.6162967085838318,0.784635066986084,-0.10060792416334152
12,0.6003627777099609,0.8052129149436951,-0.09972469508647919
13,0.5544726848602295,0.6935924291610718,-0.0631822869181633
14,0.5957623720169067,0.7242158651351929,-0.09783376753330231
15,0.5925257205963135,0.7813819646835327,-0.0949544832110405
16,0.5827240347862244,0.8084725141525269,-0.08787386119365692
17,0.523617684841156,0.7203037738800049,-0.07323820143938065
18,0.5285201072692871,0.6869465112686157,-0.09962517768144608
19,0.5378201007843018,0.6673595905303955,-0.10385706275701523
20,0.5461750626564026,0.6495192646980286,-0.10385952889919281