0,0.5384498834609985,0.7601441740989685,-3.309630258740981e-08
1,0.5863305926322937,0.7656807899475098,-0.01839945837855339
2,0.6332859396934509,0.7347486019134521,-0.0356181301176548
3,0.6585642099380493,0.6977056264877319,-0.053853802382946014
4,0.6462988257408142,0.6548967957496643,-0.0725436806678772
5,0.6387752294540405,0.6128132343292236,-0.034709904342889786
6,0.6876682043075562,0.5413272976875305,-0.056732553988695145
7,0.7230796813964844,0.49614614248275757,-0.06920531392097473
8,0.7497644424438477,0.45847436785697937,-0.07787073403596878
9,0.6087480187416077,0.595423698425293,-0.04074081778526306
10,0.6495161056518555,0.6118097901344299,-0.07993686199188232
11,0.6274324655532837,0.6817561984062195,-0.08848840743303299
12,0.6043881177902222,0.7175003290176392,-0.08601075410842896
13,0.5765858292579651,0.5922552943229675,-0.047803398221731186
14,0.6161389350891113,0.5970159769058228,-0.08312813192605972
15,0.6026952266693115,0.6620409488677979,-0.07822417467832565
16,0.584663987159729,0.6996076703071594,-0.06696214526891708
17,0.5447141528129578,0.6002528667449951,-0.0565035380423069
18,0.5599618554115295,0.5410307049751282,-0.07973479479551315
19,0.5735689401626587,0.5093973278999329,-0.08108509331941605
20,0.5861620903015137,0.4794369339942932,-0.07842402160167694