0,0.6798946857452393,0.7574084997177124,9.154064173344523e-08
1,0.7236208915710449,0.7605190277099609,-0.015035406686365604
2,0.7653916478157043,0.7315506339073181,-0.03157939016819
3,0.7850093841552734,0.7022342681884766,-0.04932358115911484
4,0.7648686766624451,0.6770167946815491,-0.06878750026226044
5,0.7550514936447144,0.6070942282676697,-0.03644143417477608
6,0.7949879169464111,0.5392749309539795,-0.05768042430281639
7,0.8276599049568176,0.49470391869544983,-0.07007366418838501
8,0.8508103489875793,0.4534892737865448,-0.0798228308558464
9,0.7258118987083435,0.5950382947921753,-0.04427260160446167
10,0.7771152257919312,0.6104615926742554,-0.07764085382223129
11,0.7613169550895691,0.6693115830421448,-0.08386199921369553
12,0.7379003763198853,0.6863306760787964,-0.082015760242939
13,0.6958020925521851,0.6038564443588257,-0.0526592992246151
14,0.7436291575431824,0.6230077743530273,-0.08597017079591751
15,0.7329002618789673,0.6826303601264954,-0.08013030886650085
16,0.7165060043334961,0.7029061317443848,-0.06924143433570862
17,0.667180061340332,0.6253532767295837,-0.062099821865558624
18,0.6846600770950317,0.583175778388977,-0.08689627796411514
19,0.7019233703613281,0.5630262494087219,-0.08794699609279633
20,0.7165940403938293,0.5394399762153625,-0.08526574075222015