0,0.7733244895935059,0.7311810255050659,-1.0544823680902482e-07
1,0.7291479110717773,0.7179300785064697,-0.04752153158187866
2,0.7027487754821777,0.6757493019104004,-0.08000122010707855
3,0.734028697013855,0.6429068446159363,-0.10853440314531326
4,0.7691569328308105,0.6152136325836182,-0.13424456119537354
5,0.6993825435638428,0.5278952121734619,-0.06891459971666336
6,0.6925998330116272,0.41921523213386536,-0.10059422999620438
7,0.6926991939544678,0.3575204014778137,-0.11756642907857895
8,0.691762387752533,0.29933375120162964,-0.12984240055084229
9,0.7442105412483215,0.5218751430511475,-0.06270033866167068
10,0.7641224265098572,0.4989018440246582,-0.11089684814214706
11,0.7663461565971375,0.5806580781936646,-0.12156534194946289
12,0.7578176259994507,0.6253941059112549,-0.1206696406006813
13,0.7840705513954163,0.5321863293647766,-0.05972589552402496
14,0.8096115589141846,0.5083675980567932,-0.10698156803846359
15,0.8054128289222717,0.582463264465332,-0.10175880044698715
16,0.7929684519767761,0.6257453560829163,-0.0864783301949501
17,0.8213018178939819,0.5490059852600098,-0.06030501425266266
18,0.8510054349899292,0.48248574137687683,-0.09198950976133347
19,0.877962052822113,0.4524560272693634,-0.09351621568202972
20,0.8981473445892334,0.4181262254714966,-0.0878821536898613