0,0.10645835846662521,0.822391927242279,4.718147295079689e-08
1,0.14500589668750763,0.7880693078041077,-0.034177277237176895
2,0.156912162899971,0.7195800542831421,-0.05412109196186066
3,0.11571080982685089,0.6742779016494751,-0.07058415561914444
4,0.07075746357440948,0.6546455025672913,-0.08528842777013779
5,0.1526176929473877,0.5988999605178833,-0.03642361983656883
6,0.16618606448173523,0.500517725944519,-0.05846463516354561
7,0.17461372911930084,0.4371039569377899,-0.07295607775449753
8,0.17804886400699615,0.38732674717903137,-0.08359848707914352
9,0.10369107872247696,0.599126935005188,-0.033268071711063385
10,0.09365788102149963,0.5655862092971802,-0.07161588221788406
11,0.10097717493772507,0.6316704750061035,-0.08467543870210648
12,0.10934371501207352,0.6784986257553101,-0.0853518545627594
13,0.06258407235145569,0.6155434250831604,-0.032685574144124985
14,0.04199622571468353,0.5521349310874939,-0.062514528632164
15,0.05225691571831703,0.5883715152740479,-0.06016750633716583
16,0.06263750791549683,0.6202294826507568,-0.05248232185840607
17,0.030320852994918823,0.647629976272583,-0.035060539841651917
18,-0.005667760968208313,0.595238447189331,-0.053268034011125565
19,-0.022940002381801605,0.5723812580108643,-0.05236654728651047
20,-0.03509043902158737,0.5467780828475952,-0.04795007407665253