0,0.3941558599472046,0.7878929376602173,4.1566568143025506e-07
1,0.35595399141311646,0.7995456457138062,-0.020016739144921303
2,0.2986128330230713,0.7838845252990723,-0.036629341542720795
3,0.2741326093673706,0.7551148533821106,-0.05283923074603081
4,0.2990877330303192,0.729276180267334,-0.07028137892484665
5,0.2931365966796875,0.6449134945869446,-0.036710336804389954
6,0.260158896446228,0.5570162534713745,-0.06387759745121002
7,0.2331075668334961,0.5018631219863892,-0.08357478678226471
8,0.21272554993629456,0.45591646432876587,-0.09950251877307892
9,0.3239234387874603,0.6316879391670227,-0.0431041456758976
10,0.28348416090011597,0.6142663359642029,-0.08618898689746857
11,0.28142473101615906,0.6811185479164124,-0.10075100511312485
12,0.2888779938220978,0.7185472249984741,-0.10199891775846481
13,0.3596554398536682,0.6321990489959717,-0.051566991955041885
14,0.3302777111530304,0.6145057082176208,-0.09336738288402557
15,0.3154619634151459,0.6704987287521362,-0.1021927073597908
16,0.3128737509250641,0.7080014944076538,-0.0980963408946991
17,0.39907124638557434,0.6432405710220337,-0.06114144250750542
18,0.40428245067596436,0.57685387134552,-0.10047145187854767
19,0.40714389085769653,0.5421302318572998,-0.1159784272313118
20,0.4134790301322937,0.5076176524162292,-0.11938906461000443