0,0.3715386390686035,0.6525168418884277,1.003148497602524e-07
1,0.3304228186607361,0.6521990299224854,-0.030328165739774704
2,0.27989012002944946,0.6171992421150208,-0.053534939885139465
3,0.2557363212108612,0.58185213804245,-0.07651641219854355
4,0.27442535758018494,0.5393246412277222,-0.09715155512094498
5,0.2673552632331848,0.475629061460495,-0.03833821415901184
6,0.23350681364536285,0.3811591863632202,-0.06618796288967133
7,0.21168793737888336,0.32241564989089966,-0.08181101828813553
8,0.19526970386505127,0.2728196978569031,-0.09452931582927704
9,0.3029024302959442,0.4661809802055359,-0.039512235671281815
10,0.2676473557949066,0.42708054184913635,-0.0880296379327774
11,0.2629290819168091,0.49375349283218384,-0.10102202743291855
12,0.2667456865310669,0.5366569757461548,-0.1011505201458931
13,0.3453395664691925,0.46833866834640503,-0.044059183448553085
14,0.3176618218421936,0.4268673062324524,-0.08995011448860168
15,0.3039921820163727,0.48770806193351746,-0.0877290740609169
16,0.29810401797294617,0.5300748348236084,-0.07558062672615051
17,0.3879376947879791,0.47914621233940125,-0.050937991589307785
18,0.3987117111682892,0.4072919189929962,-0.08665455877780914
19,0.4089534878730774,0.363994300365448,-0.09595572203397751
20,0.41734224557876587,0.3138723373413086,-0.09621690958738327