0,0.7053911685943604,0.5613819360733032,8.84089388364373e-08
1,0.7568635940551758,0.566468358039856,-0.021877506747841835
2,0.8084944486618042,0.5377545356750488,-0.04130706191062927
3,0.8412692546844482,0.4905083179473877,-0.06076524779200554
4,0.8263278007507324,0.4407975971698761,-0.0787452831864357
5,0.8214660286903381,0.4200068712234497,-0.030259106308221817
6,0.8646766543388367,0.33715391159057617,-0.048721153289079666
7,0.8945189714431763,0.2855404019355774,-0.05619414523243904
8,0.9143387079238892,0.24496333301067352,-0.061290960758924484
9,0.7931231260299683,0.39946693181991577,-0.03396737948060036
10,0.8339728116989136,0.3584412932395935,-0.06779123842716217
11,0.8313284516334534,0.4197058379650116,-0.07496602833271027
12,0.8232800960540771,0.45568153262138367,-0.07198493927717209
13,0.7633972764015198,0.38899049162864685,-0.039185378700494766
14,0.7989658117294312,0.32358449697494507,-0.06811495125293732
15,0.8090056777000427,0.3815045654773712,-0.06469303369522095
16,0.8062841892242432,0.42912834882736206,-0.05642595514655113
17,0.7281107902526855,0.38925430178642273,-0.04651176929473877
18,0.7285045385360718,0.3217909038066864,-0.06623978912830353
19,0.7345434427261353,0.279971182346344,-0.07162723690271378
20,0.7403985857963562,0.23583397269248962,-0.07330390810966492