0,0.7819820046424866,0.7265747785568237,-3.55868827739414e-08
1,0.7402732372283936,0.7175368070602417,-0.05466339737176895
2,0.7179105877876282,0.681555449962616,-0.09128741919994354
3,0.7487487196922302,0.6518781185150146,-0.12297482043504715
4,0.7821350693702698,0.6179627180099487,-0.15140071511268616
5,0.7140199542045593,0.5257940292358398,-0.07471450418233871
6,0.7061871886253357,0.4173296093940735,-0.10717983543872833
7,0.7060538530349731,0.35528329014778137,-0.12281671166419983
8,0.7064869999885559,0.2973681092262268,-0.13341793417930603
9,0.7584130764007568,0.5205026865005493,-0.06569290161132812
10,0.7799415588378906,0.4951997399330139,-0.1162358820438385
11,0.782089352607727,0.5785151124000549,-0.12723496556282043
12,0.7733225226402283,0.6258183717727661,-0.12504857778549194
13,0.7972373366355896,0.5316036939620972,-0.060518648475408554
14,0.8242657780647278,0.5101293921470642,-0.11053596436977386
15,0.8186941146850586,0.5862537622451782,-0.1062021553516388
16,0.8038910627365112,0.6306393146514893,-0.08996803313493729
17,0.8326713442802429,0.548417329788208,-0.05936519056558609
18,0.8655580282211304,0.4818361699581146,-0.09258153289556503
19,0.8937767148017883,0.4520391523838043,-0.09506835788488388
20,0.9132676124572754,0.41850587725639343,-0.08930520713329315