0,0.40470966696739197,0.8234009742736816,6.651729478335255e-08
1,0.45458921790122986,0.8227167725563049,-0.01603761315345764
2,0.5018009543418884,0.7834930419921875,-0.03018513321876526
3,0.5225929021835327,0.7389426827430725,-0.0456625260412693
4,0.4914966821670532,0.7167831063270569,-0.06259287893772125
5,0.4987669289112091,0.6580154895782471,-0.025811173021793365
6,0.5380982756614685,0.5823496580123901,-0.04246838018298149
7,0.5678987503051758,0.5299067497253418,-0.05486994609236717
8,0.5890988707542419,0.48713910579681396,-0.0658552348613739
9,0.4631250500679016,0.6476808190345764,-0.03388281166553497
10,0.49012094736099243,0.6372840404510498,-0.06905782967805862
11,0.4867701828479767,0.6999656558036804,-0.08340808749198914
12,0.4757811427116394,0.7392005324363708,-0.08739285171031952
13,0.42585375905036926,0.6534824967384338,-0.04242052882909775
14,0.4493370056152344,0.6386207342147827,-0.07495711743831635
15,0.46002960205078125,0.6974977254867554,-0.07834289222955704
16,0.45767906308174133,0.7407200336456299,-0.07516781985759735
17,0.39019379019737244,0.6703172326087952,-0.052023567259311676
18,0.3817160725593567,0.6119085550308228,-0.07477524131536484
19,0.37785011529922485,0.5765494704246521,-0.07957051694393158
20,0.3732421398162842,0.5403703451156616,-0.0811118483543396