0,0.4226266145706177,0.6880207061767578,2.5498124500700214e-08
1,0.4637632966041565,0.6862432956695557,-0.024655479937791824
2,0.50457763671875,0.6552505493164062,-0.04580163583159447
3,0.5189034938812256,0.6151531934738159,-0.06707766652107239
4,0.49569979310035706,0.5774861574172974,-0.08844195306301117
5,0.5195711851119995,0.5243318676948547,-0.037480201572179794
6,0.5523380637168884,0.4438321590423584,-0.05984385684132576
7,0.5813019275665283,0.38727501034736633,-0.07324003428220749
8,0.6018654704093933,0.34313517808914185,-0.08278937637805939
9,0.48040416836738586,0.5055997371673584,-0.04204949364066124
10,0.5028207898139954,0.5103440880775452,-0.0822012722492218
11,0.48453596234321594,0.5883318185806274,-0.09128903597593307
12,0.46909287571907043,0.6315460205078125,-0.0887058898806572
13,0.4408271312713623,0.508240282535553,-0.048274531960487366
14,0.4584447145462036,0.5091166496276855,-0.0845559686422348
15,0.45655280351638794,0.5788807272911072,-0.08013260364532471
16,0.4501340687274933,0.6227564811706543,-0.06907281279563904
17,0.40285739302635193,0.5243437886238098,-0.05657440796494484
18,0.39670753479003906,0.4667990505695343,-0.07905539870262146
19,0.3935943841934204,0.43356192111968994,-0.07773247361183167
20,0.3925136923789978,0.3971288204193115,-0.07294633984565735