0,0.7322980761528015,0.7570579648017883,-1.5636255623618922e-09
1,0.691791296005249,0.7388831377029419,-0.03512105718255043
2,0.6634818911552429,0.6956136226654053,-0.06246918439865112
3,0.6836269497871399,0.6617258787155151,-0.08783979713916779
4,0.7098722457885742,0.6334913372993469,-0.11098022013902664
5,0.6644625067710876,0.5517486333847046,-0.05246227607131004
6,0.6556751132011414,0.4523686468601227,-0.08162927627563477
7,0.6542730927467346,0.3892015814781189,-0.09838957339525223
8,0.6521877646446228,0.3346399664878845,-0.11113987863063812
9,0.7064297199249268,0.5554903745651245,-0.05020171031355858
10,0.7117233276367188,0.522772490978241,-0.09350848942995071
11,0.7069228887557983,0.5953046083450317,-0.10135148465633392
12,0.6991592645645142,0.6324877142906189,-0.09968148916959763
13,0.745536744594574,0.5708312392234802,-0.05102537199854851
14,0.7559496760368347,0.5387068390846252,-0.0922790914773941
15,0.7436398863792419,0.5977349877357483,-0.08552510291337967
16,0.7285661101341248,0.6326634883880615,-0.07165414839982986
17,0.7809578776359558,0.5907497406005859,-0.0545772984623909
18,0.8082603812217712,0.5283129811286926,-0.08593642711639404
19,0.8321674466133118,0.4974028170108795,-0.08947707712650299
20,0.8508226871490479,0.4587744474411011,-0.08587723225355148