0,0.5402717590332031,0.7927468419075012,2.7874373031977484e-08
1,0.4991922080516815,0.7912331223487854,-0.02888938970863819
2,0.45290571451187134,0.7613657116889954,-0.051247354596853256
3,0.4501335024833679,0.7338091135025024,-0.0732310339808464
4,0.47825005650520325,0.7121763825416565,-0.09384845942258835
5,0.45231032371520996,0.6161632537841797,-0.03589772805571556
6,0.43418675661087036,0.540250301361084,-0.05636337772011757
7,0.42247939109802246,0.4903552532196045,-0.06698455661535263
8,0.4132857918739319,0.4473375082015991,-0.07617403566837311
9,0.493201345205307,0.6071986556053162,-0.03650423139333725
10,0.47495344281196594,0.5853006839752197,-0.07303567975759506
11,0.47076278924942017,0.653988242149353,-0.08148111402988434
12,0.4725331962108612,0.6939055323600769,-0.08120865374803543
13,0.5343089699745178,0.6134350895881653,-0.040143437683582306
14,0.5245161652565002,0.5893383026123047,-0.08055665343999863
15,0.5129168033599854,0.6516571044921875,-0.07817443460226059
16,0.5066990852355957,0.6933209896087646,-0.06700503081083298
17,0.574241042137146,0.6287732124328613,-0.04566505178809166
18,0.5917895436286926,0.562290608882904,-0.0768539234995842
19,0.6103541851043701,0.5218573212623596,-0.08285972476005554
20,0.6276949644088745,0.4795459508895874,-0.08155043423175812