0,0.5992295742034912,0.5852242112159729,6.538453334314909e-08
1,0.555472195148468,0.5684710144996643,-0.020859114825725555
2,0.5197023153305054,0.5115488767623901,-0.036728642880916595
3,0.5424020886421204,0.4642218053340912,-0.05276618152856827
4,0.5788556337356567,0.4385264813899994,-0.06785889714956284
5,0.5265367031097412,0.388181209564209,-0.03535432368516922
6,0.5147930383682251,0.29155150055885315,-0.058485206216573715
7,0.5076467990875244,0.22395862638950348,-0.0742998868227005
8,0.49875760078430176,0.16781257092952728,-0.08786666393280029
9,0.5652101635932922,0.3867723345756531,-0.03777174651622772
10,0.5567822456359863,0.3682534992694855,-0.0744185820221901
11,0.5515426993370056,0.4298954904079437,-0.0832194834947586
12,0.5506147742271423,0.4612542688846588,-0.0844399482011795
13,0.6032127141952515,0.398893803358078,-0.042162586003541946
14,0.6030324101448059,0.3816239535808563,-0.07898891717195511
15,0.5887901186943054,0.4348333477973938,-0.0744742751121521
16,0.5808086395263672,0.4688773453235626,-0.06382693350315094
17,0.6401872038841248,0.4155386686325073,-0.0481124185025692
18,0.6632649302482605,0.34579285979270935,-0.0797048807144165
19,0.681585431098938,0.3069867491722107,-0.08451369404792786
20,0.699349582195282,0.26501044631004333,-0.08204573392868042