0,0.6086653470993042,0.47146910429000854,9.777081544370958e-08
1,0.5668025612831116,0.4498980641365051,-0.01496801059693098
2,0.5318538546562195,0.3909721374511719,-0.025448886677622795
3,0.543708086013794,0.33711671829223633,-0.03641650080680847
4,0.5695303082466125,0.30865851044654846,-0.046112872660160065
5,0.5283054709434509,0.2744782269001007,-0.02094472013413906
6,0.5090813040733337,0.18962362408638,-0.03687753900885582
7,0.4965791404247284,0.12996076047420502,-0.048698414117097855
8,0.4851747751235962,0.08203256130218506,-0.05973784998059273
9,0.5662350058555603,0.2705921232700348,-0.025262290611863136
10,0.5551714301109314,0.22458305954933167,-0.05665932223200798
11,0.5508715510368347,0.26797524094581604,-0.06837527453899384
12,0.5515843629837036,0.3050711154937744,-0.07081467658281326
13,0.604987621307373,0.2804047167301178,-0.03066866658627987
14,0.6028940677642822,0.2400658130645752,-0.059693899005651474
15,0.5923823714256287,0.2801479399204254,-0.059796638786792755
16,0.5882483124732971,0.31763675808906555,-0.053231045603752136
17,0.6413438320159912,0.3001434803009033,-0.03733393922448158
18,0.6628168821334839,0.2334657609462738,-0.06277824193239212
19,0.6783088445663452,0.19167669117450714,-0.0706200823187828
20,0.6940377950668335,0.15210801362991333,-0.07143213599920273