0,0.3037681579589844,0.8303235173225403,8.084963099008746e-08
1,0.3498428165912628,0.8270350098609924,-0.01813313364982605
2,0.40054023265838623,0.7850017547607422,-0.029704464599490166
3,0.4093662202358246,0.730211079120636,-0.04058163985610008
4,0.3730665445327759,0.703288197517395,-0.05229082331061363
5,0.3889293968677521,0.667353093624115,-0.02970391884446144
6,0.42692989110946655,0.5997965335845947,-0.04377033933997154
7,0.4553508758544922,0.553034245967865,-0.0525372289121151
8,0.4751051366329193,0.5141261219978333,-0.0621873177587986
9,0.3546220660209656,0.6530954837799072,-0.03520498052239418
10,0.37426185607910156,0.6203873157501221,-0.06209997087717056
11,0.3748507797718048,0.679023265838623,-0.07196404784917831
12,0.3706621825695038,0.7164815068244934,-0.07644699513912201
13,0.31749817728996277,0.6555537581443787,-0.04162069410085678
14,0.3370186686515808,0.628183901309967,-0.07188069075345993
15,0.34597498178482056,0.6942861676216125,-0.07528594881296158
16,0.34312963485717773,0.7389982342720032,-0.07466434687376022
17,0.28041473031044006,0.6686145663261414,-0.049044493585824966
18,0.26839613914489746,0.6095102429389954,-0.07499709725379944
19,0.2617378830909729,0.5734900832176208,-0.08425845205783844
20,0.25347045063972473,0.5318549275398254,-0.09068640321493149