0,0.5197054743766785,0.581640362739563,-6.590106682580199e-09
1,0.5654505491256714,0.5788989067077637,-0.010704020969569683
2,0.6167933344841003,0.5294924378395081,-0.017640380188822746
3,0.6475735306739807,0.47634199261665344,-0.02510877139866352
4,0.6254627108573914,0.43565741181373596,-0.03248472139239311
5,0.6046913862228394,0.42770203948020935,-0.018452957272529602
6,0.6426034569740295,0.34037503600120544,-0.030799131840467453
7,0.6718736886978149,0.2901930510997772,-0.03772223740816116
8,0.6923007369041443,0.24562564492225647,-0.04360635578632355
9,0.5783321261405945,0.412439227104187,-0.024325944483280182
10,0.615833580493927,0.37304994463920593,-0.05564409866929054
11,0.6125449538230896,0.4424813389778137,-0.0653199702501297
12,0.5979823470115662,0.4896305799484253,-0.06407832354307175
13,0.549468457698822,0.4051224887371063,-0.030177345499396324
14,0.5868015885353088,0.3485281467437744,-0.05694371089339256
15,0.5968431830406189,0.40721049904823303,-0.056948717683553696
16,0.5919759273529053,0.45524802803993225,-0.05088592320680618
17,0.5169031620025635,0.40676349401474,-0.036637794226408005
18,0.5176302194595337,0.333645761013031,-0.05392184481024742
19,0.5264343023300171,0.29319798946380615,-0.058719031512737274
20,0.5353312492370605,0.2550845146179199,-0.06032707542181015