0,0.34242019057273865,0.5624458193778992,1.749817499785422e-07
1,0.3073628544807434,0.5638363361358643,-0.021931754425168037
2,0.25617679953575134,0.5280972123146057,-0.03945450484752655
3,0.22481054067611694,0.49638041853904724,-0.057729609310626984
4,0.24215728044509888,0.462715208530426,-0.07526067644357681
5,0.2648732662200928,0.4016477167606354,-0.03147619962692261
6,0.24160084128379822,0.3070101737976074,-0.05504252389073372
7,0.22287686169147491,0.2515348196029663,-0.06700458377599716
8,0.20923277735710144,0.20722511410713196,-0.07593177258968353
9,0.2947395145893097,0.3974575400352478,-0.03386222571134567
10,0.25576987862586975,0.35496044158935547,-0.07399781793355942
11,0.2421497404575348,0.4067741632461548,-0.08310702443122864
12,0.24417340755462646,0.44249653816223145,-0.080488421022892
13,0.3297618627548218,0.40287867188453674,-0.038927268236875534
14,0.30217233300209045,0.3656492829322815,-0.07831760495901108
15,0.2802656888961792,0.4103165566921234,-0.07819253206253052
16,0.272116482257843,0.4415423274040222,-0.06744340062141418
17,0.3669903576374054,0.4139863848686218,-0.045340824872255325
18,0.37341973185539246,0.340880423784256,-0.07579584419727325
19,0.3807060718536377,0.29873624444007874,-0.08377619087696075
20,0.39039346575737,0.2539897561073303,-0.08285407721996307