0,0.5252220034599304,0.7946416139602661,1.2872276045072795e-07
1,0.48354199528694153,0.7904047966003418,-0.023987717926502228
2,0.4395133852958679,0.757458508014679,-0.042613882571458817
3,0.43845492601394653,0.7267000079154968,-0.0609813928604126
4,0.4676857590675354,0.7118644714355469,-0.07903321832418442
5,0.444521963596344,0.6204425096511841,-0.03177342191338539
6,0.43061986565589905,0.5485743880271912,-0.04886749014258385
7,0.4200647175312042,0.49768131971359253,-0.05891001224517822
8,0.4130713939666748,0.45442819595336914,-0.06849175691604614
9,0.4858975410461426,0.6128157377243042,-0.0332702212035656
10,0.4718864858150482,0.5860913395881653,-0.06648935377597809
11,0.46491336822509766,0.6476860642433167,-0.07593493163585663
12,0.46505266427993774,0.6859204769134521,-0.07684648782014847
13,0.5279971361160278,0.6201065182685852,-0.03699745610356331
14,0.522668719291687,0.5960109829902649,-0.07358606904745102
15,0.5063543319702148,0.6505178213119507,-0.07539118081331253
16,0.4967843294143677,0.6878409385681152,-0.06810247153043747
17,0.5695189833641052,0.6374640464782715,-0.0420844592154026
18,0.5884636044502258,0.5743151307106018,-0.07306638360023499
19,0.6074777245521545,0.537846565246582,-0.08261605352163315
20,0.6262961626052856,0.5002317428588867,-0.08386176079511642