0,0.3371387720108032,0.6935454607009888,3.634884819803119e-07
1,0.29546689987182617,0.6898291707038879,-0.019004033878445625
2,0.24226900935173035,0.6693305969238281,-0.03902734816074371
3,0.20707270503044128,0.6489025950431824,-0.05975943058729172
4,0.2190185785293579,0.6216407418251038,-0.08088507503271103
5,0.2486039400100708,0.52728271484375,-0.03374188020825386
6,0.22448328137397766,0.4346744120121002,-0.05950969085097313
7,0.20128615200519562,0.3784939646720886,-0.07262229174375534
8,0.18720607459545135,0.3364719748497009,-0.08165507763624191
9,0.2811184227466583,0.5232709050178528,-0.040005043148994446
10,0.2325608879327774,0.49966490268707275,-0.0827699601650238
11,0.21834509074687958,0.5622539520263672,-0.09233636409044266
12,0.2181340456008911,0.6082586050033569,-0.08855026960372925
13,0.3160600960254669,0.532216489315033,-0.04861152172088623
14,0.27646225690841675,0.5115076899528503,-0.09120316803455353
15,0.25563108921051025,0.5609238147735596,-0.09704533964395523
16,0.24637261033058167,0.6000492572784424,-0.08973287045955658
17,0.3499600887298584,0.5527814626693726,-0.057929910719394684
18,0.35326504707336426,0.5013821721076965,-0.09369301795959473
19,0.35576480627059937,0.46879440546035767,-0.10733578354120255
20,0.35742396116256714,0.4343000054359436,-0.10959946364164352