0,0.36751940846443176,0.577717661857605,8.572163068265581e-08
1,0.3237629532814026,0.5670862197875977,-0.021716183051466942
2,0.2814961075782776,0.5296361446380615,-0.03868257254362106
3,0.2598536014556885,0.5013383030891418,-0.056321460753679276
4,0.27663111686706543,0.4698329269886017,-0.07288061082363129
5,0.2871379256248474,0.4045371115207672,-0.027311742305755615
6,0.2611948251724243,0.3216709792613983,-0.04947350546717644
7,0.2433299720287323,0.26824721693992615,-0.06287065893411636
8,0.2294483184814453,0.22383813560009003,-0.07233396917581558
9,0.3181218206882477,0.4007778465747833,-0.02985583245754242
10,0.29402095079421997,0.37176790833473206,-0.06890992820262909
11,0.28478771448135376,0.41588228940963745,-0.08340013027191162
12,0.2827180325984955,0.4533504247665405,-0.08585239201784134
13,0.35393285751342773,0.4070454239845276,-0.03477472439408302
14,0.33549827337265015,0.37033241987228394,-0.0734683945775032
15,0.3169419467449188,0.4117736220359802,-0.07729925215244293
16,0.3066231310367584,0.44729486107826233,-0.06993859261274338
17,0.39108598232269287,0.41773879528045654,-0.04078522324562073
18,0.40323978662490845,0.3459056615829468,-0.06744091212749481
19,0.41292545199394226,0.30230483412742615,-0.07393331080675125
20,0.4215746521949768,0.25977659225463867,-0.07298174500465393