0,0.6088998913764954,0.6785129904747009,-1.0584337672980837e-07
1,0.6557984352111816,0.6845617294311523,-0.016201192513108253
2,0.7063195109367371,0.6575267314910889,-0.031520090997219086
3,0.7365953922271729,0.6226742267608643,-0.04793862625956535
4,0.7262307405471802,0.5770668387413025,-0.06449155509471893
5,0.7112118601799011,0.5377557277679443,-0.03144329786300659
6,0.7589690089225769,0.4659983515739441,-0.05148790404200554
7,0.7913039326667786,0.4238077700138092,-0.060652073472738266
8,0.8156920075416565,0.38805443048477173,-0.06632240116596222
9,0.6827480792999268,0.5204278230667114,-0.037985801696777344
10,0.7235417366027832,0.5347262620925903,-0.0783642902970314
11,0.7012847661972046,0.6041852235794067,-0.08769326657056808
12,0.6776905655860901,0.6423043012619019,-0.08457620441913605
13,0.652687668800354,0.5173913836479187,-0.045335717499256134
14,0.6928822994232178,0.523594856262207,-0.082529716193676
15,0.6849357485771179,0.5873092412948608,-0.08046767115592957
16,0.6714606881141663,0.6263695359230042,-0.06985267996788025
17,0.6226345896720886,0.5234711170196533,-0.053665727376937866
18,0.6403912305831909,0.46312645077705383,-0.07605285197496414
19,0.6562337875366211,0.43072670698165894,-0.07771039754152298
20,0.6712146401405334,0.40222257375717163,-0.07499741017818451