0,0.4982083737850189,0.5514541864395142,-1.7760851278580958e-07
1,0.5514580607414246,0.5479675531387329,-0.019492818042635918
2,0.6037917137145996,0.4965302646160126,-0.030694270506501198
3,0.6250305771827698,0.43989312648773193,-0.04365519806742668
4,0.6069219708442688,0.39480510354042053,-0.05632518231868744
5,0.6177902221679688,0.38344302773475647,-0.01931663043797016
6,0.6612861752510071,0.30205440521240234,-0.03778562322258949
7,0.6910141110420227,0.25515925884246826,-0.04700670763850212
8,0.7151212096214294,0.2147042602300644,-0.05171339586377144
9,0.5838523507118225,0.36699920892715454,-0.02353944629430771
10,0.6102128028869629,0.35239842534065247,-0.06464549154043198
11,0.5912917256355286,0.423848956823349,-0.07820236682891846
12,0.5733769536018372,0.47230297327041626,-0.07607820630073547
13,0.5486944913864136,0.3630754351615906,-0.029291147366166115
14,0.5729773640632629,0.34423908591270447,-0.06901191920042038
15,0.5615377426147461,0.41634097695350647,-0.06897782534360886
16,0.548541247844696,0.4647117257118225,-0.05642322450876236
17,0.5136768221855164,0.3662024736404419,-0.0362510047852993
18,0.5190070271492004,0.2917672097682953,-0.057425495237112045
19,0.523003101348877,0.24620814621448517,-0.057311709970235825
20,0.5299392938613892,0.20080554485321045,-0.05157197639346123