0,0.6116966009140015,0.5884899497032166,3.0416718033166035e-08
1,0.565464973449707,0.5806088447570801,-0.022474117577075958
2,0.5286155343055725,0.5365293622016907,-0.03766247257590294
3,0.542635440826416,0.4913102388381958,-0.05173617601394653
4,0.5667583346366882,0.46496158838272095,-0.0646577775478363
5,0.5159579515457153,0.41715458035469055,-0.03476136550307274
6,0.49147915840148926,0.32948723435401917,-0.05558056756854057
7,0.47830891609191895,0.2709544897079468,-0.07057253271341324
8,0.4651716351509094,0.22014793753623962,-0.08354516327381134
9,0.5553470253944397,0.4050496518611908,-0.0356585793197155
10,0.5571646094322205,0.37079188227653503,-0.06944427639245987
11,0.5641936659812927,0.4215022921562195,-0.07968328893184662
12,0.565548837184906,0.4553460478782654,-0.08214989304542542
13,0.5946983695030212,0.4071274399757385,-0.038407858461141586
14,0.6014846563339233,0.3791366219520569,-0.07031434774398804
15,0.5994571447372437,0.4269818961620331,-0.06772197037935257
16,0.5954374670982361,0.4637490510940552,-0.059315603226423264
17,0.6341396570205688,0.4163833558559418,-0.04305901378393173
18,0.6520964503288269,0.3482966423034668,-0.06976712495088577
19,0.6666251420974731,0.3083893656730652,-0.07517854124307632
20,0.6776497960090637,0.26927345991134644,-0.07448484003543854