0,0.45622920989990234,0.783774733543396,3.364764822322286e-08
1,0.5024693012237549,0.7923206090927124,-0.02370782010257244
2,0.549280047416687,0.7648603916168213,-0.04522812366485596
3,0.5684816241264343,0.7243101596832275,-0.06741379201412201
4,0.5481324791908264,0.6851383447647095,-0.09034541249275208
5,0.5673242807388306,0.6346408724784851,-0.03927026689052582
6,0.6158685684204102,0.5639638900756836,-0.06375519931316376
7,0.6545385718345642,0.5139888525009155,-0.07892412692308426
8,0.6830160617828369,0.4768686890602112,-0.08903548121452332
9,0.5329391360282898,0.6115826964378357,-0.04390048608183861
10,0.556440532207489,0.6259138584136963,-0.08122999221086502
11,0.5338098406791687,0.6833547949790955,-0.08941461145877838
12,0.5163058638572693,0.7128767371177673,-0.08773047477006912
13,0.49568259716033936,0.6102620363235474,-0.04990735277533531
14,0.5188722014427185,0.6211782693862915,-0.08348947018384933
15,0.5053907632827759,0.6779091358184814,-0.0761122852563858
16,0.49092015624046326,0.7110778093338013,-0.06386922299861908
17,0.45900845527648926,0.6239948272705078,-0.058240000158548355
18,0.4694710969924927,0.5683982968330383,-0.07838764786720276
19,0.4788527488708496,0.5408853888511658,-0.07350660115480423
20,0.487500935792923,0.5185285806655884,-0.06603433936834335