0,0.2436693012714386,0.756406307220459,2.904965299421747e-07
1,0.2064450979232788,0.7580994367599487,-0.02055796980857849
2,0.15028205513954163,0.7354936599731445,-0.04131608456373215
3,0.11224223673343658,0.719074010848999,-0.061899617314338684
4,0.1204097792506218,0.6841777563095093,-0.08285876363515854
5,0.16224144399166107,0.5905060172080994,-0.03937914967536926
6,0.1344250589609146,0.49556827545166016,-0.0647306889295578
7,0.1096634492278099,0.443057656288147,-0.07598627358675003
8,0.09317005425691605,0.40236788988113403,-0.08421552926301956
9,0.19169171154499054,0.5861129760742188,-0.04444378241896629
10,0.131534144282341,0.5655995607376099,-0.08493264019489288
11,0.11896993219852448,0.6373436450958252,-0.0899406224489212
12,0.12196378409862518,0.68006432056427,-0.08372323215007782
13,0.2236296832561493,0.593834400177002,-0.05195241793990135
14,0.17558041214942932,0.582356333732605,-0.09053977578878403
15,0.1522117704153061,0.6442394256591797,-0.09026625007390976
16,0.14189551770687103,0.6845110058784485,-0.08009902387857437
17,0.25610801577568054,0.6109094023704529,-0.06082041189074516
18,0.2539810240268707,0.5502694845199585,-0.09332346171140671
19,0.2551083266735077,0.511463463306427,-0.10458128154277802
20,0.25605157017707825,0.47173669934272766,-0.1062174141407013