0,0.2310917228460312,0.8572515845298767,-1.8808744073339767e-07
1,0.2792452275753021,0.8434668779373169,-0.03414788097143173
2,0.32330065965652466,0.8059032559394836,-0.06156444177031517
3,0.3084372580051422,0.7625476121902466,-0.08911318331956863
4,0.27161163091659546,0.729712724685669,-0.11552298814058304
5,0.33077093958854675,0.6469272971153259,-0.04322655498981476
6,0.3608454763889313,0.5628033876419067,-0.07395616173744202
7,0.3811396062374115,0.5102013349533081,-0.09203162789344788
8,0.39934834837913513,0.4663906991481781,-0.10353413224220276
9,0.2834008038043976,0.6349576115608215,-0.04538768529891968
10,0.2981390058994293,0.6283209919929504,-0.0935816541314125
11,0.2895083427429199,0.7032942175865173,-0.11180531978607178
12,0.28142979741096497,0.7430278658866882,-0.11571244895458221
13,0.24063891172409058,0.6456105709075928,-0.0503087118268013
14,0.2440674751996994,0.6208210587501526,-0.09889029711484909
15,0.2507583796977997,0.694143533706665,-0.10118497908115387
16,0.2537272870540619,0.7411609888076782,-0.09196076542139053
17,0.20179182291030884,0.6672501564025879,-0.05726898834109306
18,0.1736947000026703,0.6143184900283813,-0.09001561254262924
19,0.1501004993915558,0.5875539183616638,-0.09402967989444733
20,0.12944605946540833,0.5503911972045898,-0.09051189571619034