0,0.37853938341140747,0.8591160178184509,4.642843407509645e-07
1,0.343569815158844,0.8567622303962708,-0.01649409905076027
2,0.2965887784957886,0.8339071273803711,-0.03560522943735123
3,0.2716520130634308,0.8169550895690918,-0.05465857684612274
4,0.2726788818836212,0.8037608861923218,-0.0753975659608841
5,0.3057819902896881,0.6935980916023254,-0.045283928513526917
6,0.2880202531814575,0.5989213585853577,-0.07525818049907684
7,0.2693687081336975,0.539061963558197,-0.09559852629899979
8,0.2562098205089569,0.49092042446136475,-0.11137233674526215
9,0.34141048789024353,0.6852245330810547,-0.05349728837609291
10,0.30176404118537903,0.6671072244644165,-0.09026797860860825
11,0.2826874554157257,0.7362992167472839,-0.09704771637916565
12,0.27393287420272827,0.7723697423934937,-0.09656311571598053
13,0.3780174255371094,0.6963679790496826,-0.06358660757541656
14,0.34137415885925293,0.6829196214675903,-0.09990378469228745
15,0.31343498826026917,0.7411888241767883,-0.0994562953710556
16,0.3011297881603241,0.782305896282196,-0.09281207621097565
17,0.4122471213340759,0.7232338786125183,-0.07490258663892746
18,0.42222464084625244,0.6665235757827759,-0.11284777522087097
19,0.42393893003463745,0.6356784701347351,-0.12450449913740158
20,0.42925402522087097,0.6057141423225403,-0.12663313746452332