0,0.28640204668045044,0.6376152038574219,3.1062194238984375e-07
1,0.25219276547431946,0.6457046866416931,-0.02627716027200222
2,0.19659465551376343,0.6148853302001953,-0.05007113888859749
3,0.16195082664489746,0.5869517922401428,-0.07360932976007462
4,0.17632384598255157,0.5535824298858643,-0.09738705307245255
5,0.2098570615053177,0.4708167612552643,-0.0471324548125267
6,0.18707792460918427,0.3672126531600952,-0.07735739648342133
7,0.16975735127925873,0.30421170592308044,-0.09340260177850723
8,0.15750324726104736,0.254167377948761,-0.10553775727748871
9,0.24360930919647217,0.46715202927589417,-0.05009903758764267
10,0.1990954875946045,0.43605461716651917,-0.10037592798471451
11,0.18267925083637238,0.5088924765586853,-0.11118609458208084
12,0.18089234828948975,0.5512888431549072,-0.10781864821910858
13,0.2804999351501465,0.47375839948654175,-0.05557482689619064
14,0.2480883151292801,0.4431440234184265,-0.10212142765522003
15,0.2217608243227005,0.5035536885261536,-0.10326893627643585
16,0.20853322744369507,0.5433523654937744,-0.09234390407800674
17,0.3177759647369385,0.4894619584083557,-0.06260230392217636
18,0.3272160589694977,0.42237594723701477,-0.10245410352945328
19,0.334317684173584,0.38489168882369995,-0.11556035280227661
20,0.34222641587257385,0.34152790904045105,-0.1165895089507103