0,0.6382670402526855,0.7048507928848267,3.234924150774532e-08
1,0.6791651248931885,0.7079424858093262,-0.01734168827533722
2,0.7223976850509644,0.6831934452056885,-0.03366577625274658
3,0.7530375123023987,0.6577203869819641,-0.05000739544630051
4,0.7458808422088623,0.619596004486084,-0.0656522661447525
5,0.7116373181343079,0.5715965628623962,-0.031144332140684128
6,0.7472173571586609,0.4940534234046936,-0.05183352902531624
7,0.7757457494735718,0.4504421353340149,-0.06283813714981079
8,0.7955747246742249,0.4170800447463989,-0.07044358551502228
9,0.6884539723396301,0.5622288584709167,-0.036892808973789215
10,0.7302504777908325,0.5569912195205688,-0.07683870196342468
11,0.722427248954773,0.6218829154968262,-0.08665227144956589
12,0.7054769396781921,0.6605156064033508,-0.08407046645879745
13,0.6639176607131958,0.5647674798965454,-0.04389716312289238
14,0.7072572112083435,0.5445998311042786,-0.07623299956321716
15,0.7169685363769531,0.5943801403045654,-0.07525510340929031
16,0.7149478197097778,0.6270149350166321,-0.0677984431385994
17,0.6378298997879028,0.5765170454978943,-0.05218896269798279
18,0.6508952975273132,0.5336511731147766,-0.0739373117685318
19,0.6655483245849609,0.5121678113937378,-0.07777572423219681
20,0.6786254048347473,0.4876989424228668,-0.07747440785169601