0,0.7948681712150574,0.599824845790863,1.0849368514698199e-08
1,0.7534087896347046,0.5782672762870789,-0.04203464463353157
2,0.733048677444458,0.5293734073638916,-0.0682951882481575
3,0.7654392123222351,0.4878447949886322,-0.0906301960349083
4,0.7995677590370178,0.4564139246940613,-0.11007767170667648
5,0.7295815348625183,0.3932172954082489,-0.05250856652855873
6,0.7189052700996399,0.29071861505508423,-0.07918894290924072
7,0.7172020673751831,0.2267833650112152,-0.09481055289506912
8,0.7144429683685303,0.16928733885288239,-0.1065635085105896
9,0.7729084491729736,0.3883463144302368,-0.04696892574429512
10,0.7896364331245422,0.3494960069656372,-0.09033834934234619
11,0.7973105311393738,0.4142840504646301,-0.1027720496058464
12,0.7923192381858826,0.4576647877693176,-0.10278858244419098
13,0.8113844990730286,0.39914339780807495,-0.044711530208587646
14,0.8305705785751343,0.3662252724170685,-0.08508700877428055
15,0.8307023644447327,0.41922110319137573,-0.08434884250164032
16,0.8212831616401672,0.4550154209136963,-0.07329948991537094
17,0.8460785746574402,0.4173835813999176,-0.045668214559555054
18,0.8755197525024414,0.35314756631851196,-0.07370604574680328
19,0.9010378122329712,0.3201560378074646,-0.07822179049253464
20,0.9179417490959167,0.2868555188179016,-0.07526913285255432