0,0.36144062876701355,0.7184255719184875,2.4975449264275085e-07
1,0.32803231477737427,0.7243393659591675,-0.01688278838992119
2,0.26927608251571655,0.6955599784851074,-0.030693627893924713
3,0.24333456158638,0.659957230091095,-0.044883549213409424
4,0.26734456419944763,0.6310610175132751,-0.059864744544029236
5,0.2738268971443176,0.5670717358589172,-0.03335004672408104
6,0.24576662480831146,0.47506508231163025,-0.05410649999976158
7,0.2268577516078949,0.41727566719055176,-0.06753289699554443
8,0.2112797498703003,0.3715149462223053,-0.07976941019296646
9,0.3043501079082489,0.5555387735366821,-0.038722820580005646
10,0.2716154158115387,0.5317570567131042,-0.08056975901126862
11,0.2642723619937897,0.5853904485702515,-0.09509607404470444
12,0.26578786969184875,0.6238993406295776,-0.0971851721405983
13,0.340224027633667,0.5546268820762634,-0.045190319418907166
14,0.314285546541214,0.525977373123169,-0.08438324183225632
15,0.2964823246002197,0.572492241859436,-0.09108546376228333
16,0.2866850793361664,0.6093964576721191,-0.08682866394519806
17,0.3791440427303314,0.5610710978507996,-0.052287619560956955
18,0.3851551115512848,0.49393507838249207,-0.08733071386814117
19,0.39138323068618774,0.4538039565086365,-0.10158766806125641
20,0.39532601833343506,0.4113039970397949,-0.10547269135713577