0,0.32870638370513916,0.7341518402099609,-1.627878276622141e-08
1,0.36999645829200745,0.7373107671737671,-0.027375783771276474
2,0.41367748379707336,0.7126142382621765,-0.04812439903616905
3,0.4138700067996979,0.6682271361351013,-0.06775908172130585
4,0.38833415508270264,0.6275839805603027,-0.08713136613368988
5,0.4405585825443268,0.5671297907829285,-0.04170633479952812
6,0.47273117303848267,0.5041146278381348,-0.06433550268411636
7,0.49955496191978455,0.4503026008605957,-0.07911961525678635
8,0.5197513103485107,0.407840371131897,-0.09054280817508698
9,0.4006060063838959,0.5394265651702881,-0.044370055198669434
10,0.4067291021347046,0.5650747418403625,-0.0819196105003357
11,0.3908655345439911,0.6303333640098572,-0.0935480073094368
12,0.3840966522693634,0.662566602230072,-0.09510083496570587
13,0.3559592664241791,0.5427547693252563,-0.048559464514255524
14,0.35790470242500305,0.5725765824317932,-0.08878125995397568
15,0.35410529375076294,0.6428444385528564,-0.09051917493343353
16,0.3516356945037842,0.6836965680122375,-0.08359997719526291
17,0.31412363052368164,0.5607422590255737,-0.05412992462515831
18,0.30443647503852844,0.5142002105712891,-0.0826285257935524
19,0.2931254208087921,0.4824724793434143,-0.08506447821855545
20,0.28563857078552246,0.44455355405807495,-0.08227957785129547