0,0.270887553691864,0.7743895053863525,-2.4266862297395164e-08
1,0.3169989585876465,0.7703056931495667,-0.02921084687113762
2,0.3636302053928375,0.7310827970504761,-0.04881121218204498
3,0.35372769832611084,0.6796218156814575,-0.06864406168460846
4,0.3163703680038452,0.6498168110847473,-0.08819004148244858
5,0.38208675384521484,0.5880353450775146,-0.034187253564596176
6,0.4269372224807739,0.5147452354431152,-0.05879846587777138
7,0.46048539876937866,0.4613456726074219,-0.07447994500398636
8,0.48789840936660767,0.41886359453201294,-0.08517666161060333
9,0.3408393859863281,0.5718362927436829,-0.03614556044340134
10,0.3437168598175049,0.5805404782295227,-0.08071089535951614
11,0.32938235998153687,0.6569865345954895,-0.09693159908056259
12,0.3220610022544861,0.7028214931488037,-0.09890137612819672
13,0.2993125915527344,0.5777602791786194,-0.04024764895439148
14,0.29327288269996643,0.5757594704627991,-0.08494891971349716
15,0.2911091446876526,0.6453505158424377,-0.08755598217248917
16,0.29044392704963684,0.6911906003952026,-0.078511081635952
17,0.2587473690509796,0.5933695435523987,-0.04609424248337746
18,0.24870827794075012,0.5328069925308228,-0.07597676664590836
19,0.233657568693161,0.4964098036289215,-0.07845550030469894
20,0.22103460133075714,0.454880952835083,-0.07406371831893921