0,0.6181910037994385,0.6629098653793335,2.7654031953261438e-08
1,0.6580243110656738,0.6736923456192017,-0.01164881233125925
2,0.707650899887085,0.6423994898796082,-0.021165618672966957
3,0.7420833110809326,0.6097148060798645,-0.03076997771859169
4,0.7287930846214294,0.5712009072303772,-0.03991440311074257
5,0.694242537021637,0.5302331447601318,-0.021549616008996964
6,0.7305002808570862,0.44977644085884094,-0.038009725511074066
7,0.7634282112121582,0.40610271692276,-0.047843415290117264
8,0.786665678024292,0.3696603775024414,-0.05511662736535072
9,0.6723042130470276,0.5178741812705994,-0.028091900050640106
10,0.720912516117096,0.5041463375091553,-0.0654413253068924
11,0.7096171379089355,0.5733303427696228,-0.07605462521314621
12,0.6860524415969849,0.6145145893096924,-0.07389567047357559
13,0.6472426652908325,0.5128328204154968,-0.03516264632344246
14,0.6942640542984009,0.4804527461528778,-0.06642629951238632
15,0.7061848640441895,0.5344860553741455,-0.06707636266946793
16,0.7025439143180847,0.5717968940734863,-0.060376811772584915
17,0.6193246841430664,0.5146226286888123,-0.04263406991958618
18,0.6347451210021973,0.45364055037498474,-0.06130186840891838
19,0.6534672975540161,0.4246208369731903,-0.06424656510353088
20,0.6698373556137085,0.39560842514038086,-0.06425550580024719