0,0.5730876326560974,0.6139657497406006,-9.592544358838495e-08
1,0.6216241121292114,0.6184905767440796,-0.01747344247996807
2,0.670622706413269,0.5824165344238281,-0.031058209016919136
3,0.6958205699920654,0.5373907089233398,-0.04575840011239052
4,0.6795188188552856,0.48856690526008606,-0.06074877828359604
5,0.6794701218605042,0.4641798138618469,-0.029926331713795662
6,0.7268999814987183,0.38508909940719604,-0.04980643093585968
7,0.7578088641166687,0.33799371123313904,-0.06039000675082207
8,0.7831414937973022,0.29779088497161865,-0.06737272441387177
9,0.6481369137763977,0.44758927822113037,-0.035618577152490616
10,0.6813054084777832,0.44617658853530884,-0.07646560668945312
11,0.6668704748153687,0.5134686231613159,-0.0903015285730362
12,0.6504467725753784,0.5572612881660461,-0.09067316353321075
13,0.6147546768188477,0.443907231092453,-0.041886430233716965
14,0.6474599242210388,0.43751752376556396,-0.08023209869861603
15,0.6411546468734741,0.5065401792526245,-0.08193402737379074
16,0.6305969953536987,0.5529397130012512,-0.07361233234405518
17,0.5824387073516846,0.450924277305603,-0.04904189333319664
18,0.5903079509735107,0.3851802349090576,-0.07212542742490768
19,0.5962632298469543,0.34658151865005493,-0.07504519075155258
20,0.6037147641181946,0.3104862868785858,-0.07306292653083801