0,0.5279949307441711,0.7609908580780029,6.708509658892581e-08
1,0.5727936625480652,0.7725046873092651,-0.014580033719539642
2,0.6199667453765869,0.7367826700210571,-0.025860831141471863
3,0.6504955887794495,0.7003059983253479,-0.03678487613797188
4,0.6302850842475891,0.6681385040283203,-0.04841569438576698
5,0.6120724678039551,0.6192921996116638,-0.030382156372070312
6,0.6508435010910034,0.5423741340637207,-0.04881635308265686
7,0.6843762993812561,0.4945352077484131,-0.062142472714185715
8,0.7072172164916992,0.4526066184043884,-0.07400938868522644
9,0.5848391056060791,0.6076442003250122,-0.03736930340528488
10,0.6195099949836731,0.5957690477371216,-0.0756145790219307
11,0.6107356548309326,0.6639035940170288,-0.08807425945997238
12,0.5914860963821411,0.7067065238952637,-0.08992226421833038
13,0.5524684190750122,0.6086564660072327,-0.04480765014886856
14,0.5840126276016235,0.5836397409439087,-0.07717116922140121
15,0.5956704616546631,0.6398753523826599,-0.07946838438510895
16,0.5932102203369141,0.6806874871253967,-0.0762050449848175
17,0.5189882516860962,0.619346022605896,-0.05312380939722061
18,0.5194755792617798,0.5626962184906006,-0.07614360004663467
19,0.5250776410102844,0.533464789390564,-0.0823911726474762
20,0.5285522937774658,0.5020999312400818,-0.08567933738231659