0,0.5397436618804932,0.7955920100212097,7.843078719815821e-08
1,0.5000062584877014,0.7944022417068481,-0.03379446268081665
2,0.45779967308044434,0.7689056396484375,-0.06089479476213455
3,0.45147889852523804,0.7457360625267029,-0.08696981519460678
4,0.47662511467933655,0.7291359901428223,-0.11168482154607773
5,0.4572064280509949,0.625238835811615,-0.046330757439136505
6,0.4344611167907715,0.5341833233833313,-0.07316967844963074
7,0.42150089144706726,0.4720444083213806,-0.08922570198774338
8,0.41113266348838806,0.42099809646606445,-0.10203137248754501
9,0.49593400955200195,0.6183992028236389,-0.04534361511468887
10,0.4768102169036865,0.5935341119766235,-0.08434289693832397
11,0.4728185534477234,0.660953938961029,-0.09297487884759903
12,0.4731537699699402,0.700616180896759,-0.0931219682097435
13,0.5357223749160767,0.627968430519104,-0.0477849617600441
14,0.528470516204834,0.6084046363830566,-0.08709744364023209
15,0.5157039165496826,0.6660513877868652,-0.08198993653059006
16,0.5082531571388245,0.7048532962799072,-0.06969039887189865
17,0.5752798914909363,0.6449606418609619,-0.05302613601088524
18,0.5975101590156555,0.5843286514282227,-0.08345264196395874
19,0.6193839311599731,0.5463570952415466,-0.08772124350070953
20,0.6404573321342468,0.5073354244232178,-0.08538077771663666