0,0.3051126301288605,0.5069899559020996,2.598042101453757e-07
1,0.27514198422431946,0.5168119072914124,-0.01444542407989502
2,0.2150525152683258,0.47590070962905884,-0.02446240745484829
3,0.1851167231798172,0.43387672305107117,-0.035016920417547226
4,0.20441575348377228,0.3997366428375244,-0.04576648771762848
5,0.2279275804758072,0.35759618878364563,-0.024297108873724937
6,0.20624975860118866,0.27025365829467773,-0.041067346930503845
7,0.19113244116306305,0.21568143367767334,-0.05183941125869751
8,0.17705518007278442,0.17282813787460327,-0.06255944818258286
9,0.25930336117744446,0.34396225214004517,-0.029661767184734344
10,0.2266133427619934,0.2988719642162323,-0.06345342099666595
11,0.2116822451353073,0.3430321216583252,-0.07487281411886215
12,0.2101651132106781,0.3762943744659424,-0.0758630782365799
13,0.2956625819206238,0.3446744382381439,-0.03639428690075874
14,0.26935186982154846,0.30188101530075073,-0.06816479563713074
15,0.24436478316783905,0.3458021283149719,-0.07118473947048187
16,0.2324787825345993,0.38052237033843994,-0.0654858946800232
17,0.3353049159049988,0.3572230637073517,-0.04393109679222107
18,0.3434866666793823,0.2853807806968689,-0.07482866942882538
19,0.35155385732650757,0.24371498823165894,-0.08739006519317627
20,0.36027246713638306,0.20091767609119415,-0.09079048037528992