0,0.533805787563324,0.7007115483283997,2.0463492944600148e-07
1,0.4981389045715332,0.6947684288024902,-0.015854930505156517
2,0.4573860764503479,0.6602099537849426,-0.030562983825802803
3,0.45078638195991516,0.6321269273757935,-0.046415068209171295
4,0.4799352288246155,0.6194410920143127,-0.06265610456466675
5,0.4746139943599701,0.5389001965522766,-0.02786482684314251
6,0.4613829255104065,0.4563230276107788,-0.04636724665760994
7,0.4501751959323883,0.40000879764556885,-0.05850064754486084
8,0.44216984510421753,0.35431161522865295,-0.06945869326591492
9,0.5078150033950806,0.5356361269950867,-0.032300859689712524
10,0.48411819338798523,0.5029343962669373,-0.06592091172933578
11,0.47210875153541565,0.553537905216217,-0.07570486515760422
12,0.4725448489189148,0.5878855586051941,-0.07639127224683762
13,0.5426557064056396,0.5430240631103516,-0.03816889971494675
14,0.5312843918800354,0.5139343738555908,-0.07112821936607361
15,0.5116490125656128,0.558637261390686,-0.07231289148330688
16,0.5024240612983704,0.59168541431427,-0.06533553451299667
17,0.5779592990875244,0.5593267679214478,-0.04506262019276619
18,0.5940606594085693,0.5006258487701416,-0.07378311455249786
19,0.6085079908370972,0.4673483967781067,-0.08290759474039078
20,0.624607503414154,0.4308844804763794,-0.08390074968338013