0,0.5143375992774963,0.8368678092956543,1.8606762353101658e-07
1,0.4747799336910248,0.8375294208526611,-0.02046932466328144
2,0.42961961030960083,0.8026973009109497,-0.03735031560063362
3,0.4198005497455597,0.7677929997444153,-0.05489298701286316
4,0.44767534732818604,0.7568337917327881,-0.07247689366340637
5,0.45049750804901123,0.6691268682479858,-0.028445975854992867
6,0.43911635875701904,0.5937409996986389,-0.047281328588724136
7,0.4244401752948761,0.544851541519165,-0.05733794718980789
8,0.41627538204193115,0.5038924217224121,-0.06660617142915726
9,0.4864223897457123,0.6642612218856812,-0.031211188063025475
10,0.4617482125759125,0.6366360187530518,-0.06456300616264343
11,0.4473097622394562,0.7023223638534546,-0.06986129283905029
12,0.44731664657592773,0.7327253222465515,-0.0664355680346489
13,0.522504985332489,0.672248125076294,-0.036489326506853104
14,0.5064806938171387,0.6475864052772522,-0.07046549022197723
15,0.48432260751724243,0.6998202800750732,-0.06948645412921906
16,0.477004736661911,0.7312902212142944,-0.06043652072548866
17,0.5574136972427368,0.6922898888587952,-0.04350487142801285
18,0.5743143558502197,0.6374428868293762,-0.07474957406520844
19,0.5862966179847717,0.6081182360649109,-0.08540737628936768
20,0.6024900674819946,0.574026882648468,-0.0868324339389801