0,0.49552226066589355,0.6472924947738647,-2.308977400389267e-07
1,0.45229893922805786,0.6389809846878052,-0.01130286417901516
2,0.41006341576576233,0.5923613905906677,-0.01957687735557556
3,0.40310466289520264,0.5500048995018005,-0.029563771560788155
4,0.4313296675682068,0.5288922190666199,-0.03671624884009361
5,0.42831021547317505,0.4892610013484955,-0.008165160194039345
6,0.4147852063179016,0.4413723051548004,-0.02743017114698887
7,0.406436026096344,0.474743127822876,-0.038472507148981094
8,0.4049534797668457,0.5097053647041321,-0.0437048077583313
9,0.457235187292099,0.48008647561073303,-0.012516537681221962
10,0.4389084577560425,0.4419296979904175,-0.03572114184498787
11,0.42606106400489807,0.4786282181739807,-0.04660963639616966
12,0.42398497462272644,0.5109307169914246,-0.049845412373542786
13,0.49142134189605713,0.4796772301197052,-0.01988101750612259
14,0.4776211082935333,0.44458627700805664,-0.04488835111260414
15,0.45984429121017456,0.4793390929698944,-0.05239054560661316
16,0.45225709676742554,0.5114504098892212,-0.0513358972966671
17,0.5261597037315369,0.4870537519454956,-0.027902977541089058
18,0.5443289279937744,0.4194098114967346,-0.047403957694768906
19,0.5573282837867737,0.3765527009963989,-0.05810369551181793
20,0.569256067276001,0.33851107954978943,-0.06243496760725975