0,0.36392080783843994,0.8810724020004272,2.3226687062560814e-07
1,0.4032522141933441,0.8940792083740234,-0.032728079706430435
2,0.4441382586956024,0.893739640712738,-0.0643720030784607
3,0.4449881315231323,0.8613852262496948,-0.09415960311889648
4,0.41742822527885437,0.8347024321556091,-0.12503163516521454
5,0.46616166830062866,0.7354300022125244,-0.06157858669757843
6,0.5102254748344421,0.6801619529724121,-0.094628244638443
7,0.5476545691490173,0.631031334400177,-0.11823908239603043
8,0.5768247842788696,0.5900579690933228,-0.1365283876657486
9,0.4272650182247162,0.7034900188446045,-0.06483571231365204
10,0.44484537839889526,0.741048276424408,-0.10346636921167374
11,0.42936861515045166,0.7991034388542175,-0.1142033189535141
12,0.4166046977043152,0.8193919062614441,-0.11889509856700897
13,0.38288614153862,0.7057534456253052,-0.06983420997858047
14,0.3963383734226227,0.7450118064880371,-0.10649877786636353
15,0.39329516887664795,0.8049869537353516,-0.1045171320438385
16,0.3861258924007416,0.8296841979026794,-0.1002722904086113
17,0.3408552408218384,0.7283118367195129,-0.07746085524559021
18,0.3333488702774048,0.7053955793380737,-0.10687056183815002
19,0.326840341091156,0.6917917132377625,-0.10855602473020554
20,0.31930187344551086,0.6673194766044617,-0.10716681182384491