0,0.6163071990013123,0.5791957974433899,-4.5793036917984864e-08
1,0.6586533188819885,0.5930242538452148,-0.0164406206458807
2,0.7064788341522217,0.5606982707977295,-0.02956140786409378
3,0.7376706004142761,0.5197524428367615,-0.043164435774087906
4,0.7254233360290527,0.4729509651660919,-0.05680196359753609
5,0.7103426456451416,0.45450833439826965,-0.027276309207081795
6,0.7481088042259216,0.37779054045677185,-0.045138727873563766
7,0.7787383794784546,0.33131060004234314,-0.053778715431690216
8,0.8009779453277588,0.29443836212158203,-0.05941002070903778
9,0.6853482723236084,0.43706631660461426,-0.032215408980846405
10,0.7229183316230774,0.44046103954315186,-0.07125116884708405
11,0.700393795967102,0.5087101459503174,-0.07995759695768356
12,0.6771886944770813,0.5466695427894592,-0.07575063407421112
13,0.658079981803894,0.4285706579685211,-0.03819796070456505
14,0.6957401633262634,0.4214591979980469,-0.07341920584440231
15,0.6886999607086182,0.4839755594730377,-0.071431964635849
16,0.6736918687820435,0.5254024863243103,-0.06074594333767891
17,0.6291190385818481,0.4275752007961273,-0.04522501304745674
18,0.6434139609336853,0.36292654275894165,-0.06665121763944626
19,0.6565797924995422,0.3250480890274048,-0.06921257078647614
20,0.6692823767662048,0.2915281057357788,-0.0671476274728775