0,0.26565033197402954,0.8225223422050476,1.6886525600057212e-07
1,0.2946450114250183,0.8334951996803284,-0.01777048595249653
2,0.3225356340408325,0.8310590386390686,-0.03756523132324219
3,0.3360482454299927,0.8227046728134155,-0.05688769742846489
4,0.3441803753376007,0.8010011911392212,-0.07646433264017105
5,0.34207409620285034,0.7419140934944153,-0.045607153326272964
6,0.37299585342407227,0.6902405023574829,-0.07374842464923859
7,0.39187803864479065,0.6539777517318726,-0.09200999140739441
8,0.40636304020881653,0.6212965250015259,-0.10566581785678864
9,0.3115665316581726,0.7237607836723328,-0.051695458590984344
10,0.3206399381160736,0.7510682344436646,-0.0842222347855568
11,0.3154042959213257,0.8021093606948853,-0.08952706307172775
12,0.31176891922950745,0.8244026899337769,-0.0909770131111145
13,0.2773500084877014,0.7302970886230469,-0.058864954859018326
14,0.28527361154556274,0.7720502614974976,-0.08619929105043411
15,0.2852528691291809,0.8117162585258484,-0.07519877701997757
16,0.28324881196022034,0.8239484429359436,-0.06587954610586166
17,0.24589473009109497,0.7500281929969788,-0.06793437153100967
18,0.2543826401233673,0.7833224534988403,-0.08535252511501312
19,0.2555443048477173,0.8145239353179932,-0.07545865327119827
20,0.25292590260505676,0.8223065733909607,-0.06637372821569443