0,0.4003269672393799,0.47768670320510864,5.1342468054826895e-08
1,0.4449579119682312,0.48356401920318604,-0.030061641708016396
2,0.4876593053340912,0.44113704562187195,-0.04782593995332718
3,0.49769237637519836,0.3837083578109741,-0.06320728361606598
4,0.47848379611968994,0.33764389157295227,-0.07889637351036072
5,0.5065470337867737,0.3331015408039093,-0.041695352643728256
6,0.5415732860565186,0.24431076645851135,-0.06411972641944885
7,0.5709807276725769,0.18433550000190735,-0.07959672808647156
8,0.5907922387123108,0.13314290344715118,-0.09147561341524124
9,0.4693303108215332,0.3133222460746765,-0.04087339714169502
10,0.4859713613986969,0.28984495997428894,-0.08179552853107452
11,0.4684777855873108,0.3602754473686218,-0.09329327940940857
12,0.4529936909675598,0.40436065196990967,-0.09249690920114517
13,0.4294436573982239,0.3063129782676697,-0.04228152334690094
14,0.4434763789176941,0.28261011838912964,-0.08175639808177948
15,0.43616360425949097,0.3547251224517822,-0.08220674097537994
16,0.42476433515548706,0.40657520294189453,-0.07286017388105392
17,0.3893055319786072,0.3080427944660187,-0.045728396624326706
18,0.3838452100753784,0.23218750953674316,-0.07497114688158035
19,0.3782918453216553,0.18895450234413147,-0.08156445622444153
20,0.3754572570323944,0.14628182351589203,-0.08160647004842758