0,0.4832601845264435,0.9157502055168152,2.914274261911487e-07
1,0.4546188712120056,0.9244984984397888,-0.021582582965493202
2,0.4140772819519043,0.9095406532287598,-0.04416767135262489
3,0.3990159034729004,0.897279679775238,-0.06705483049154282
4,0.4130856394767761,0.8893573880195618,-0.0912981852889061
5,0.4148581027984619,0.7649121880531311,-0.04288625717163086
6,0.3948690891265869,0.6951138973236084,-0.06893783062696457
7,0.37659743428230286,0.639323890209198,-0.0877876877784729
8,0.3616018295288086,0.5966715216636658,-0.10391935706138611
9,0.4540819823741913,0.7524343729019165,-0.04688447341322899
10,0.4202820658683777,0.7521322965621948,-0.08088724315166473
11,0.41188502311706543,0.823928713798523,-0.08685319125652313
12,0.4124857783317566,0.8547413945198059,-0.08602198958396912
13,0.49388590455055237,0.7631329894065857,-0.052906472235918045
14,0.467761367559433,0.7642572522163391,-0.08864782005548477
15,0.44676312804222107,0.823582649230957,-0.08518967777490616
16,0.4396904706954956,0.8599153757095337,-0.07560818642377853
17,0.5281156897544861,0.7918120622634888,-0.060443803668022156
18,0.5393413305282593,0.7472943067550659,-0.09767390787601471
19,0.5511399507522583,0.7224134206771851,-0.10670986026525497
20,0.5663984417915344,0.6920276880264282,-0.10609856992959976