0,0.42927026748657227,0.7857573628425598,3.588494053019531e-07
1,0.38901782035827637,0.7885088324546814,-0.021730994805693626
2,0.3371114730834961,0.7631575465202332,-0.04443108290433884
3,0.31646275520324707,0.7361634373664856,-0.06784673780202866
4,0.3403124213218689,0.7214880585670471,-0.09296268969774246
5,0.3402486741542816,0.620388388633728,-0.04888450354337692
6,0.3115646243095398,0.5222758650779724,-0.08024528622627258
7,0.29098889231681824,0.45761752128601074,-0.10068676620721817
8,0.2769826352596283,0.40436840057373047,-0.11698399484157562
9,0.3789125680923462,0.6134183406829834,-0.05647347867488861
10,0.34562036395072937,0.5964300036430359,-0.10325158387422562
11,0.3410044312477112,0.6678186655044556,-0.1146124079823494
12,0.34399324655532837,0.7056214809417725,-0.1143881157040596
13,0.4203900098800659,0.620398759841919,-0.06609083712100983
14,0.3970039188861847,0.5998893976211548,-0.11020556837320328
15,0.3788198232650757,0.6570734977722168,-0.11333233118057251
16,0.37146198749542236,0.6965526938438416,-0.1066790223121643
17,0.46217507123947144,0.6392292976379395,-0.07731960713863373
18,0.4779362678527832,0.5766668915748596,-0.11926742643117905
19,0.4863015413284302,0.5396837592124939,-0.1337355226278305
20,0.4966716170310974,0.5006904006004333,-0.13677284121513367