0,0.14703255891799927,0.8489792943000793,-1.0012697337913323e-08
1,0.18717627227306366,0.8151036500930786,-0.034273844212293625
2,0.21051573753356934,0.7618548274040222,-0.06095300242304802
3,0.1861763596534729,0.7128745317459106,-0.08583756536245346
4,0.14524449408054352,0.6845329999923706,-0.1085907593369484
5,0.20617668330669403,0.6233891844749451,-0.04714709892868996
6,0.22966378927230835,0.5250316858291626,-0.07470609992742538
7,0.24395190179347992,0.46043363213539124,-0.09004492312669754
8,0.2521512806415558,0.41180747747421265,-0.10071159899234772
9,0.158594012260437,0.6216536164283752,-0.04674854129552841
10,0.16118386387825012,0.5914016962051392,-0.09176668524742126
11,0.16421279311180115,0.6656603217124939,-0.10472144186496735
12,0.16473866999149323,0.709338366985321,-0.10549753159284592
13,0.1171741932630539,0.6331462264060974,-0.048856835812330246
14,0.10495155304670334,0.573343813419342,-0.08747675269842148
15,0.12036733329296112,0.6292052865028381,-0.08632276952266693
16,0.1312490999698639,0.6751736402511597,-0.07882879674434662
17,0.08288207650184631,0.658698320388794,-0.053774431347846985
18,0.039286255836486816,0.604983389377594,-0.0807182788848877
19,0.009820163249969482,0.5740137100219727,-0.08629731833934784
20,-0.01581650972366333,0.5330386161804199,-0.0864582285284996