0,0.6722308993339539,0.6443486213684082,-2.6160748234360653e-08
1,0.630696177482605,0.6364716291427612,-0.02782999351620674
2,0.5993261933326721,0.5953375101089478,-0.04768400639295578
3,0.6151108145713806,0.5531250834465027,-0.06601731479167938
4,0.6403095126152039,0.5263239145278931,-0.08284493535757065
5,0.5815747976303101,0.47760412096977234,-0.04100239276885986
6,0.5566453337669373,0.3884188234806061,-0.06506070494651794
7,0.5438254475593567,0.3310691714286804,-0.08055301755666733
8,0.5309357643127441,0.281401127576828,-0.09285766631364822
9,0.6194697022438049,0.46516579389572144,-0.04076804593205452
10,0.6262589693069458,0.43049272894859314,-0.0797492116689682
11,0.6352730989456177,0.4929773211479187,-0.08888045698404312
12,0.6343113780021667,0.5334011316299438,-0.08826380223035812
13,0.6560470461845398,0.4676589369773865,-0.04287860170006752
14,0.6655159592628479,0.4343629479408264,-0.07842372357845306
15,0.6662443280220032,0.48697346448898315,-0.07348156720399857
16,0.6599259972572327,0.5241905450820923,-0.06163093075156212
17,0.6920218467712402,0.47705939412117004,-0.04729320853948593
18,0.7089830636978149,0.4122002422809601,-0.07442749291658401
19,0.7261013984680176,0.3757154047489166,-0.07754302024841309
20,0.7375509142875671,0.3375495970249176,-0.07426939159631729