0,0.5937839150428772,0.7614173889160156,6.948599207134976e-08
1,0.6384000182151794,0.7781316041946411,-0.016993314027786255
2,0.6837744116783142,0.7578552961349487,-0.03526045382022858
3,0.7137169241905212,0.7305085062980652,-0.05433899536728859
4,0.6987091302871704,0.6960745453834534,-0.07446937263011932
5,0.6833533048629761,0.629449188709259,-0.03774487227201462
6,0.7287090420722961,0.566942036151886,-0.05951819196343422
7,0.7657972574234009,0.5247427821159363,-0.0717214047908783
8,0.7913634181022644,0.4896787405014038,-0.08083245158195496
9,0.6562667489051819,0.6116710901260376,-0.043934907764196396
10,0.6971641182899475,0.6392479538917542,-0.08192402869462967
11,0.678113579750061,0.7032467722892761,-0.08922386914491653
12,0.6568920016288757,0.7303580045700073,-0.08656617999076843
13,0.6270784735679626,0.6115766763687134,-0.050894539803266525
14,0.6675599217414856,0.6338498592376709,-0.08536510169506073
15,0.6621330380439758,0.6947583556175232,-0.08199083805084229
16,0.6490502953529358,0.7272884845733643,-0.07265274226665497
17,0.5986106991767883,0.6237953305244446,-0.05919119343161583
18,0.6158707737922668,0.5793843865394592,-0.08373508602380753
19,0.6334628462791443,0.5575197339057922,-0.08743055909872055
20,0.648460328578949,0.5387176871299744,-0.08674383908510208