0,0.5267626047134399,0.679943859577179,-2.6346094728069147e-07
1,0.481471449136734,0.6719204187393188,-0.016465960070490837
2,0.430827796459198,0.6280556917190552,-0.030908746644854546
3,0.42485156655311584,0.5838873982429504,-0.04601801186800003
4,0.4652981460094452,0.5682176351547241,-0.05770014598965645
5,0.4515300691127777,0.5012510418891907,-0.018289897590875626
6,0.4394012987613678,0.45014050602912903,-0.04305041953921318
7,0.4372193217277527,0.4954894185066223,-0.05680663511157036
8,0.4412378966808319,0.5321479439735413,-0.06505576521158218
9,0.4857576787471771,0.49315470457077026,-0.023218320682644844
10,0.46758028864860535,0.4471665322780609,-0.056198228150606155
11,0.4584164619445801,0.500124990940094,-0.06921558082103729
12,0.4605426490306854,0.53631591796875,-0.07213509827852249
13,0.5231705904006958,0.49752843379974365,-0.03156859055161476
14,0.5135069489479065,0.4593907594680786,-0.06346000730991364
15,0.49449533224105835,0.5074940919876099,-0.07225149124860764
16,0.4852859377861023,0.54395592212677,-0.07108385860919952
17,0.5618155002593994,0.5129705667495728,-0.04093017801642418
18,0.580335795879364,0.44685015082359314,-0.06752124428749084
19,0.5957318544387817,0.4069298505783081,-0.08220372349023819
20,0.6103959679603577,0.3651384711265564,-0.08842858672142029