0,0.3521253168582916,0.8106516003608704,3.0595109024034173e-07
1,0.3112933933734894,0.8151532411575317,-0.019791679456830025
2,0.25391992926597595,0.7904795408248901,-0.03751525655388832
3,0.23563720285892487,0.7590599060058594,-0.05484619736671448
4,0.26467519998550415,0.743023693561554,-0.07362058758735657
5,0.26991337537765503,0.6447958946228027,-0.04214279353618622
6,0.2455805242061615,0.5478566884994507,-0.06664957851171494
7,0.22429341077804565,0.48977234959602356,-0.08342180401086807
8,0.2064693570137024,0.44194504618644714,-0.09871847927570343
9,0.3070533871650696,0.633013129234314,-0.048642516136169434
10,0.2657596170902252,0.6167630553245544,-0.08909375965595245
11,0.2543922960758209,0.6856205463409424,-0.10016200691461563
12,0.2565619945526123,0.7259148955345154,-0.10105795413255692
13,0.3464411497116089,0.6411409974098206,-0.05692166090011597
14,0.3159627914428711,0.6260848045349121,-0.09637823700904846
15,0.29207926988601685,0.6783550381660461,-0.1030111014842987
16,0.28326982259750366,0.7149782180786133,-0.0998912900686264
17,0.3864729404449463,0.660199761390686,-0.06633653491735458
18,0.39951786398887634,0.6018663048744202,-0.10588960349559784
19,0.406257301568985,0.5669944882392883,-0.12277580052614212
20,0.41581428050994873,0.5321252942085266,-0.12861953675746918