0,0.4637061357498169,0.5746533274650574,-5.085386689529514e-08
1,0.515603244304657,0.5483773946762085,-0.018277890980243683
2,0.5561561584472656,0.48993292450904846,-0.03370019793510437
3,0.5663106441497803,0.43038418889045715,-0.050347261130809784
4,0.5365598201751709,0.3938344419002533,-0.06671395152807236
5,0.5466704368591309,0.37933194637298584,-0.025160113349556923
6,0.5849936008453369,0.29220330715179443,-0.04269275441765785
7,0.6114271879196167,0.2370269000530243,-0.04961594566702843
8,0.6291968822479248,0.19406501948833466,-0.053944408893585205
9,0.5113521218299866,0.3712098002433777,-0.02929171733558178
10,0.5334344506263733,0.3358611762523651,-0.061259280890226364
11,0.5311238169670105,0.41070273518562317,-0.06674318760633469
12,0.5252413749694824,0.45372670888900757,-0.06335565447807312
13,0.47586366534233093,0.3731413185596466,-0.03500000387430191
14,0.4968093931674957,0.31558069586753845,-0.06582681834697723
15,0.5067153573036194,0.38402730226516724,-0.06004304811358452
16,0.5063728094100952,0.43734440207481384,-0.04936408996582031
17,0.4391249418258667,0.3865663409233093,-0.042373307049274445
18,0.42127159237861633,0.3156057894229889,-0.06375648081302643
19,0.41369539499282837,0.26999711990356445,-0.06719593703746796
20,0.4099682867527008,0.221733957529068,-0.06677649915218353