0,0.5603685975074768,0.4947817325592041,5.803657998626477e-08
1,0.5150694251060486,0.4744988679885864,-0.020374005660414696
2,0.4780423641204834,0.4121115207672119,-0.03340566158294678
3,0.49288666248321533,0.3596457839012146,-0.04610033705830574
4,0.525909960269928,0.3358079195022583,-0.05740269646048546
5,0.47791552543640137,0.29072675108909607,-0.025676188990473747
6,0.4608040452003479,0.19726145267486572,-0.043681539595127106
7,0.4522762894630432,0.13585549592971802,-0.05703458562493324
8,0.44364768266677856,0.08350245654582977,-0.06946194171905518
9,0.5190836191177368,0.287016361951828,-0.028254585340619087
10,0.5136279463768005,0.24151097238063812,-0.0620746985077858
11,0.5097691416740417,0.29257407784461975,-0.07382028549909592
12,0.5075151920318604,0.3304901123046875,-0.07651837170124054
13,0.5595969557762146,0.2981979250907898,-0.03258560225367546
14,0.5605325698852539,0.25501152873039246,-0.06393701583147049
15,0.5506317615509033,0.29905954003334045,-0.062264930456876755
16,0.5446795225143433,0.33804407715797424,-0.05442306771874428
17,0.5979337692260742,0.31829431653022766,-0.038698844611644745
18,0.6221948862075806,0.25038251280784607,-0.06480715423822403
19,0.6391740441322327,0.20703408122062683,-0.07137037813663483
20,0.6551777124404907,0.16456688940525055,-0.07181484252214432