0,0.5423821806907654,0.5096522569656372,-8.541254459260017e-08
1,0.590982973575592,0.5126067399978638,-0.019212797284126282
2,0.6417950391769409,0.4645075798034668,-0.0314398929476738
3,0.6670745611190796,0.40892717242240906,-0.04464405030012131
4,0.6476811766624451,0.3612258732318878,-0.057843804359436035
5,0.6557218432426453,0.3608921766281128,-0.023301905021071434
6,0.6989862322807312,0.28093284368515015,-0.03983477130532265
7,0.7301077842712402,0.23066522181034088,-0.047297246754169464
8,0.7537449598312378,0.18987002968788147,-0.05196967348456383
9,0.6228781342506409,0.3416542708873749,-0.027152998372912407
10,0.6523412466049194,0.32668179273605347,-0.06618569046258926
11,0.6322333812713623,0.3988369107246399,-0.07627514749765396
12,0.6133731603622437,0.4458130896091461,-0.072571761906147
13,0.5892303586006165,0.3343748152256012,-0.0323934406042099
14,0.6179247498512268,0.3131144046783447,-0.0696786493062973
15,0.6095623970031738,0.38339611887931824,-0.06879711151123047
16,0.5968791842460632,0.43285709619522095,-0.05755962058901787
17,0.5551583170890808,0.33444085717201233,-0.038912415504455566
18,0.560631513595581,0.26364198327064514,-0.06090102344751358
19,0.5643332600593567,0.21854829788208008,-0.06372611224651337
20,0.570759117603302,0.17442332208156586,-0.06140504404902458