0,0.4573688507080078,0.6829272508621216,-2.3641406698970968e-07
1,0.4059867858886719,0.6834076642990112,-0.018492799252271652
2,0.3566688001155853,0.641105055809021,-0.030473023653030396
3,0.35329604148864746,0.597021222114563,-0.04202701523900032
4,0.39052221179008484,0.5761145353317261,-0.04966854676604271
5,0.38396942615509033,0.5275211930274963,-0.018727609887719154
6,0.367605060338974,0.5007913112640381,-0.039867401123046875
7,0.36736366152763367,0.5547767877578735,-0.04910524562001228
8,0.3668074309825897,0.5732070803642273,-0.0559539869427681
9,0.4109841287136078,0.514112651348114,-0.020890651270747185
10,0.3914850056171417,0.4937780499458313,-0.04820539802312851
11,0.3883782625198364,0.5520567893981934,-0.05447421595454216
12,0.3895501494407654,0.5693618655204773,-0.0552612729370594
13,0.4427076578140259,0.5117791295051575,-0.026668889448046684
14,0.42588457465171814,0.49306032061576843,-0.053760990500450134
15,0.4157385528087616,0.5469595789909363,-0.05384299159049988
16,0.41251131892204285,0.5736286044120789,-0.048954952508211136
17,0.4787708818912506,0.5161465406417847,-0.03422222658991814
18,0.48646974563598633,0.45475244522094727,-0.05840052291750908
19,0.4971047639846802,0.41821998357772827,-0.06803769618272781
20,0.5078839063644409,0.3784371316432953,-0.07116618752479553