0,0.0795421153306961,0.7685654759407043,4.322320990013395e-08
1,0.11315728724002838,0.7096561193466187,0.007224928587675095
2,0.1619441658258438,0.6878769397735596,0.009029911831021309
3,0.20593582093715668,0.6798009872436523,0.010936840437352657
4,0.23664507269859314,0.6787680983543396,0.01433879230171442
5,0.17427565157413483,0.6832923293113708,-0.013889525085687637
6,0.22795426845550537,0.6666867136955261,-0.02128012850880623
7,0.2560504972934723,0.6591396331787109,-0.0180558692663908
8,0.27561303973197937,0.6578066945075989,-0.01460780669003725
9,0.18120886385440826,0.724545955657959,-0.01988522708415985
10,0.25508031249046326,0.7180168628692627,-0.03316773474216461
11,0.2533324658870697,0.7242207527160645,-0.028407389298081398
12,0.2403305172920227,0.732751727104187,-0.020437337458133698
13,0.18359039723873138,0.7673323750495911,-0.024169137701392174
14,0.25054386258125305,0.7613653540611267,-0.03641539067029953
15,0.24589471518993378,0.7591215372085571,-0.030028032138943672
16,0.23311422765254974,0.7585833072662354,-0.021884923800826073
17,0.18028190732002258,0.8032200932502747,-0.027164164930582047
18,0.22725383937358856,0.8262782692909241,-0.04079633206129074
19,0.2562491297721863,0.8433135151863098,-0.04622451588511467
20,0.2810262441635132,0.8566582798957825,-0.04718490317463875