0,0.6438013911247253,0.7856666445732117,-1.0550920137575304e-08
1,0.615869402885437,0.7335699796676636,-0.0008089631446637213
2,0.5653630495071411,0.7109989523887634,-0.008466838859021664
3,0.5175190567970276,0.7171589732170105,-0.013253132812678814
4,0.48791587352752686,0.7342565059661865,-0.01799212023615837
5,0.5754349827766418,0.6994079947471619,-0.0388658344745636
6,0.5189586877822876,0.6671829223632812,-0.048229873180389404
7,0.48953670263290405,0.6546352505683899,-0.047192011028528214
8,0.4664049744606018,0.6465827822685242,-0.04732315614819527
9,0.5675375461578369,0.7388331890106201,-0.042763516306877136
10,0.4977050721645355,0.723892092704773,-0.055839426815509796
11,0.5010952353477478,0.7348403334617615,-0.05223742499947548
12,0.5132694840431213,0.7431967854499817,-0.04856995865702629
13,0.562173068523407,0.779058039188385,-0.04387220740318298
14,0.4975985884666443,0.7675642967224121,-0.05365118756890297
15,0.5043817758560181,0.7606374621391296,-0.04963038116693497
16,0.5192753076553345,0.7551730275154114,-0.04726496711373329
17,0.55825275182724,0.8149644732475281,-0.043819837272167206
18,0.5146899819374084,0.8327961564064026,-0.05506584793329239
19,0.4887477457523346,0.8487718105316162,-0.061606355011463165
20,0.4657818675041199,0.8624855279922485,-0.06681068986654282