0,0.2623920738697052,0.7262458801269531,-1.394595585679781e-07
1,0.23513630032539368,0.6286144852638245,0.021030399948358536
2,0.23642197251319885,0.539252519607544,0.021967578679323196
3,0.27467864751815796,0.49036747217178345,0.020169656723737717
4,0.3198159337043762,0.4860910177230835,0.016894685104489326
5,0.23319792747497559,0.48641741275787354,-0.027218930423259735
6,0.2504773736000061,0.36015141010284424,-0.03727735951542854
7,0.26095128059387207,0.28729552030563354,-0.03610040247440338
8,0.26601964235305786,0.2309798002243042,-0.036797236651182175
9,0.2724638879299164,0.5018599629402161,-0.04138367623090744
10,0.33442115783691406,0.4226993918418884,-0.057222504168748856
11,0.33840373158454895,0.4769040048122406,-0.045990463346242905
12,0.32329967617988586,0.5061910152435303,-0.036128755658864975
13,0.31520283222198486,0.5280044078826904,-0.05148693174123764
14,0.37291115522384644,0.4517948627471924,-0.06855963915586472
15,0.37258416414260864,0.49487972259521484,-0.05298202857375145
16,0.3564501106739044,0.5230473875999451,-0.039774492383003235
17,0.356981098651886,0.5563309192657471,-0.058508116751909256
18,0.4067598581314087,0.47652941942214966,-0.07860621809959412
19,0.4382794499397278,0.4380056858062744,-0.08002244681119919
20,0.460549920797348,0.3977048993110657,-0.07798590511083603