0,0.660952091217041,0.5558844804763794,-3.005262954047794e-07
1,0.6527724266052246,0.5003884434700012,0.0137502271682024
2,0.6304203271865845,0.44887974858283997,0.015024631284177303
3,0.5925906300544739,0.42467552423477173,0.01203075796365738
4,0.5622803568840027,0.41494622826576233,0.009073738940060139
5,0.6621432900428772,0.3778945505619049,0.005242563784122467
6,0.6417843103408813,0.3085521459579468,-0.001004757359623909
7,0.633618175983429,0.2660791277885437,-0.0038084755651652813
8,0.6280827522277832,0.22867438197135925,-0.007604232523590326
9,0.6514688730239868,0.38323739171028137,-0.006887718569487333
10,0.5911473631858826,0.3564684987068176,-0.019390959292650223
11,0.5869807600975037,0.4000987410545349,-0.018417008221149445
12,0.5974875092506409,0.42260706424713135,-0.016896028071641922
13,0.6340653300285339,0.40217095613479614,-0.01818002760410309
14,0.5761361718177795,0.376375675201416,-0.030606385320425034
15,0.5752967000007629,0.4172690808773041,-0.023421620950102806
16,0.5868273377418518,0.4395643472671509,-0.01728089153766632
17,0.611847996711731,0.42463403940200806,-0.028351161628961563
18,0.5740212798118591,0.3755500614643097,-0.04094122722744942
19,0.5505267977714539,0.3535071015357971,-0.042923226952552795
20,0.5343284010887146,0.3285418748855591,-0.04343405365943909