0,0.201551616191864,0.7301906943321228,-7.129948897954819e-08
1,0.2281256467103958,0.644551157951355,0.015179541893303394
2,0.2767908275127411,0.6007049679756165,0.017468152567744255
3,0.3220985233783722,0.5939900279045105,0.017608609050512314
4,0.3544231355190277,0.6151381134986877,0.01770622469484806
5,0.30120399594306946,0.5648680329322815,-0.01113775186240673
6,0.36542919278144836,0.512570858001709,-0.019146177917718887
7,0.40336334705352783,0.4860284924507141,-0.020046938210725784
8,0.43288376927375793,0.4638269543647766,-0.02129201591014862
9,0.3197212219238281,0.6062813997268677,-0.021126944571733475
10,0.3895295560359955,0.5886948108673096,-0.03217969834804535
11,0.37452009320259094,0.6191139817237854,-0.025851745158433914
12,0.3523443043231964,0.6314712166786194,-0.018704025074839592
13,0.331983745098114,0.6574177145957947,-0.028396734967827797
14,0.39142781496047974,0.6403376460075378,-0.03680409863591194
15,0.374268501996994,0.6608702540397644,-0.023766865953803062
16,0.3514523208141327,0.6707007884979248,-0.012585979886353016
17,0.3379925787448883,0.7057137489318848,-0.034177519381046295
18,0.3975333869457245,0.6987281441688538,-0.045837029814720154
19,0.43265724182128906,0.7021214365959167,-0.04645157977938652
20,0.46103721857070923,0.6999789476394653,-0.044205036014318466