0,0.48652827739715576,0.5254654884338379,-1.512166676320703e-07
1,0.4517748951911926,0.4385332465171814,0.015035012736916542
2,0.4518287181854248,0.3627828061580658,0.014878283254802227
3,0.48229268193244934,0.3213585615158081,0.01162885595113039
4,0.5178290009498596,0.3119039833545685,0.0068442560732364655
5,0.454914391040802,0.3166930377483368,-0.016712253913283348
6,0.45666933059692383,0.21773456037044525,-0.023567141965031624
7,0.454839289188385,0.1543198674917221,-0.025235425680875778
8,0.4510943293571472,0.10368531942367554,-0.027472684159874916
9,0.48940685391426086,0.32039862871170044,-0.027983011677861214
10,0.5265780687332153,0.28522926568984985,-0.034809160977602005
11,0.5256432294845581,0.32593101263046265,-0.030375221744179726
12,0.5144751071929932,0.3481607735157013,-0.027632461860775948
13,0.5269873738288879,0.34178876876831055,-0.03592853248119354
14,0.5601528882980347,0.31479889154434204,-0.04594452679157257
15,0.5542125701904297,0.3526703715324402,-0.036783766001462936
16,0.5404378771781921,0.3738740086555481,-0.02904472127556801
17,0.5641757249832153,0.3682817220687866,-0.04162243753671646
18,0.5994826555252075,0.298721045255661,-0.04891861230134964
19,0.6204705834388733,0.2645319104194641,-0.04322612285614014
20,0.6354542970657349,0.2324279546737671,-0.0371328741312027