0,0.07329587638378143,0.7654795050621033,1.8006906188361427e-08
1,0.10371895134449005,0.707444429397583,0.007082527503371239
2,0.1490960419178009,0.6900433301925659,0.009537901729345322
3,0.19100481271743774,0.6907445788383484,0.013983655720949173
4,0.21861644089221954,0.70090252161026,0.02027904987335205
5,0.16314101219177246,0.6873006820678711,-0.024174004793167114
6,0.21684259176254272,0.6679605841636658,-0.032926712185144424
7,0.24326103925704956,0.660072386264801,-0.02922150306403637
8,0.25863251090049744,0.6621502637863159,-0.02513858862221241
9,0.1700444519519806,0.7286883592605591,-0.027267297729849815
10,0.2439117729663849,0.7186444401741028,-0.0389716736972332
11,0.24112337827682495,0.7184287905693054,-0.029147975146770477
12,0.22907403111457825,0.7241979241371155,-0.018088435754179955
13,0.17271608114242554,0.7691441178321838,-0.028287013992667198
14,0.24097564816474915,0.7596003413200378,-0.038598544895648956
15,0.23323717713356018,0.7523905634880066,-0.02797377109527588
16,0.21642740070819855,0.7532778382301331,-0.017503822222352028
17,0.17069049179553986,0.8013294339179993,-0.02800171636044979
18,0.2167378067970276,0.8271750211715698,-0.04622937738895416
19,0.24578651785850525,0.8424967527389526,-0.05494898185133934
20,0.2700215280056,0.8571163415908813,-0.05741148814558983