0,0.3962547481060028,0.5036185383796692,-1.639439801692788e-07
1,0.42535388469696045,0.41466689109802246,0.015342694707214832
2,0.417685866355896,0.33915311098098755,0.016561036929488182
3,0.387100487947464,0.2977970838546753,0.013637521304190159
4,0.358059287071228,0.28002235293388367,0.00830310583114624
5,0.4122099280357361,0.27405938506126404,-0.0080040842294693
6,0.4016471207141876,0.1774870902299881,-0.015242602676153183
7,0.3963460922241211,0.11545339226722717,-0.017575467005372047
8,0.39024579524993896,0.06990297138690948,-0.01950998604297638
9,0.37616172432899475,0.28400883078575134,-0.019560368731617928
10,0.3485504984855652,0.2456044852733612,-0.025979550555348396
11,0.3516925573348999,0.28499341011047363,-0.022240782156586647
12,0.3616478443145752,0.31012263894081116,-0.019933180883526802
13,0.34176188707351685,0.3141060769557953,-0.028530385345220566
14,0.3192129135131836,0.2875126004219055,-0.036237988620996475
15,0.325254887342453,0.3214218020439148,-0.030491651967167854
16,0.334885835647583,0.345200777053833,-0.02689182572066784
17,0.30843839049339294,0.3493606448173523,-0.03526807948946953
18,0.27141672372817993,0.29585742950439453,-0.040885258466005325
19,0.24610254168510437,0.27072644233703613,-0.03810444474220276
20,0.22399719059467316,0.24870741367340088,-0.03578025475144386