0,0.5854039192199707,0.4885294437408447,-1.5347079340699565e-07
1,0.6167815327644348,0.40028998255729675,0.015641307458281517
2,0.6147131323814392,0.32287877798080444,0.014610580168664455
3,0.5869084596633911,0.27941954135894775,0.009304678067564964
4,0.5529645085334778,0.2632579803466797,0.002006645780056715
5,0.6246229410171509,0.2694012522697449,-0.010473852977156639
6,0.6250188946723938,0.16969910264015198,-0.019786899909377098
7,0.6233335733413696,0.10941170156002045,-0.02126421593129635
8,0.620937168598175,0.06410074234008789,-0.022299032658338547
9,0.5857381820678711,0.2751924693584442,-0.023942138999700546
10,0.5564246773719788,0.2145707905292511,-0.0368465818464756
11,0.5517013072967529,0.2519906163215637,-0.03373422101140022
12,0.5593053102493286,0.2795928418636322,-0.030202528461813927
13,0.5460370182991028,0.2967369258403778,-0.03470582515001297
14,0.5200152397155762,0.2407652735710144,-0.0469445064663887
15,0.5190971493721008,0.2735760509967804,-0.03938782215118408
16,0.5275239944458008,0.3010842204093933,-0.033036135137081146
17,0.5082231760025024,0.32194435596466064,-0.043312206864356995
18,0.47541654109954834,0.2502569854259491,-0.052374470978975296
19,0.45070427656173706,0.212924987077713,-0.05059591308236122
20,0.43167775869369507,0.18053120374679565,-0.04831170290708542