0,0.7536894679069519,0.5254472494125366,-2.5055422270270356e-07
1,0.7255958914756775,0.48436224460601807,0.004034013953059912
2,0.7076605558395386,0.43395665287971497,0.0004888331168331206
3,0.69782555103302,0.39720848202705383,-0.006356125697493553
4,0.6941788196563721,0.37857362627983093,-0.012707779183983803
5,0.7682204842567444,0.36475732922554016,-0.00010392870899522677
6,0.7643132209777832,0.3027992844581604,-0.007266835775226355
7,0.7612676620483398,0.265037477016449,-0.014237723313272
8,0.7585833668708801,0.23106959462165833,-0.02247985638678074
9,0.7819089889526367,0.3744169771671295,-0.009908492676913738
10,0.7209751009941101,0.34495866298675537,-0.026134608313441277
11,0.7039974927902222,0.3797142505645752,-0.028840016573667526
12,0.7075201869010925,0.40591609477996826,-0.029649855569005013
13,0.7771285772323608,0.39297616481781006,-0.019940411671996117
14,0.7246069312095642,0.3594558537006378,-0.03474365919828415
15,0.7111112475395203,0.3907839059829712,-0.02646479569375515
16,0.7147870659828186,0.41750362515449524,-0.018881196156144142
17,0.7616732120513916,0.4152070879936218,-0.03045472502708435
18,0.7419854402542114,0.3688506782054901,-0.04625377058982849
19,0.7242246270179749,0.34053149819374084,-0.04860509932041168
20,0.712769091129303,0.3188052177429199,-0.04825764149427414