0,0.8410376906394958,0.7176996469497681,-2.885728065393778e-07
1,0.8772916793823242,0.6401726007461548,0.022065114229917526
2,0.8867513537406921,0.5645461082458496,0.024524033069610596
3,0.8625441193580627,0.5111331343650818,0.021930662915110588
4,0.8293876647949219,0.48624488711357117,0.017838254570961
5,0.9092514514923096,0.5044642686843872,-0.004422815516591072
6,0.9165133237838745,0.3927086591720581,-0.014233744703233242
7,0.9245049357414246,0.3282949924468994,-0.015093900263309479
8,0.931850790977478,0.2783743739128113,-0.015646452084183693
9,0.8745957016944885,0.5014040470123291,-0.01950373314321041
10,0.8333864212036133,0.4202052652835846,-0.035081975162029266
11,0.8182997107505798,0.4648008942604065,-0.029576500877738
12,0.8233917951583862,0.49698811769485474,-0.023161204531788826
13,0.835692822933197,0.5114848017692566,-0.03167467564344406
14,0.794086754322052,0.4358082711696625,-0.04576771706342697
15,0.7857258915901184,0.4768235683441162,-0.0342317596077919
16,0.7936369180679321,0.5071260929107666,-0.024241924285888672
17,0.7952978014945984,0.5241544246673584,-0.04132011532783508
18,0.7651809453964233,0.43875157833099365,-0.05429799482226372
19,0.7429558634757996,0.39204633235931396,-0.053472116589546204
20,0.7274995446205139,0.3457093834877014,-0.05100063234567642