0,0.17322055995464325,0.7090753316879272,-3.3467316029600624e-08
1,0.20041167736053467,0.628933846950531,0.012297755107283592
2,0.2516684830188751,0.5823671817779541,0.0121731236577034
3,0.3008979260921478,0.5764597654342651,0.010928784497082233
4,0.33506137132644653,0.5963581204414368,0.01004632469266653
5,0.2700550854206085,0.5542179942131042,-0.019715232774615288
6,0.3349851369857788,0.5075234174728394,-0.029191894456744194
7,0.3729338049888611,0.4830669164657593,-0.03005729801952839
8,0.4031599164009094,0.4619353413581848,-0.03149522840976715
9,0.2848292291164398,0.5979588627815247,-0.0295893345028162
10,0.36173945665359497,0.5863672494888306,-0.04585050791501999
11,0.3432173430919647,0.6135709881782532,-0.03940186649560928
12,0.31729528307914734,0.6219577789306641,-0.03094678372144699
13,0.29450827836990356,0.6490052938461304,-0.036626387387514114
14,0.36276742815971375,0.63686603307724,-0.04919179156422615
15,0.34442222118377686,0.65561842918396,-0.034883107990026474
16,0.3203800916671753,0.6626389622688293,-0.021637752652168274
17,0.29953715205192566,0.6962970495223999,-0.042292241007089615
18,0.3623962104320526,0.6916406750679016,-0.0561230294406414
19,0.3980949819087982,0.6972165107727051,-0.05635492131114006
20,0.42770346999168396,0.6978400349617004,-0.05351775512099266