0,0.7567436695098877,0.6084357500076294,-1.1780589659338148e-07
1,0.7772130370140076,0.5240836143493652,0.013904792256653309
2,0.773822546005249,0.4428193271160126,0.011297323741018772
3,0.7459623217582703,0.40044352412223816,0.0055474485270679
4,0.7155442833900452,0.38519322872161865,-0.00204811105504632
5,0.7822413444519043,0.39798957109451294,-0.021862080320715904
6,0.7791880965232849,0.28978845477104187,-0.03830179572105408
7,0.7778934836387634,0.22657372057437897,-0.044690296053886414
8,0.7763658165931702,0.1747395545244217,-0.049049776047468185
9,0.7484875917434692,0.41241466999053955,-0.03449082002043724
10,0.7044908404350281,0.3450208008289337,-0.05156341940164566
11,0.704810619354248,0.38442879915237427,-0.04718272015452385
12,0.7175196409225464,0.40810590982437134,-0.04339877888560295
13,0.7131608128547668,0.43909788131713867,-0.04439019784331322
14,0.6722512245178223,0.37455159425735474,-0.0573078952729702
15,0.677000880241394,0.4059242904186249,-0.04483421891927719
16,0.6909992098808289,0.4307951033115387,-0.03588036820292473
17,0.6790233850479126,0.4662143588066101,-0.05267905443906784
18,0.6385794878005981,0.3977244794368744,-0.06350035965442657
19,0.613476037979126,0.36267924308776855,-0.061471257358789444
20,0.5948721766471863,0.3303963840007782,-0.0593731552362442