0,0.6799250841140747,0.8501491546630859,-6.516741279938287e-08
1,0.6695072054862976,0.7717083692550659,0.003445219248533249
2,0.692142128944397,0.7197017073631287,0.008395075798034668
3,0.7196203470230103,0.716469407081604,0.014953420497477055
4,0.7422617673873901,0.7422199249267578,0.020036470144987106
5,0.7569217085838318,0.7029817700386047,-0.0025052051059901714
6,0.7998946309089661,0.648679792881012,0.006366419140249491
7,0.8276326060295105,0.6153764128684998,0.006938939448446035
8,0.8510117530822754,0.5926830768585205,0.004108220338821411
9,0.7781860828399658,0.7419137954711914,0.002416033297777176
10,0.7752772569656372,0.7155358195304871,0.021584855392575264
11,0.7545472383499146,0.7203473448753357,0.027541818097233772
12,0.7437300086021423,0.7361072301864624,0.026243282482028008
13,0.7832720875740051,0.7820916771888733,0.009452493861317635
14,0.7773213386535645,0.7567499876022339,0.026626840233802795
15,0.7565335035324097,0.7566375732421875,0.03088892064988613
16,0.7425609230995178,0.7663977146148682,0.02875043824315071
17,0.7813752889633179,0.8162338733673096,0.016885370016098022
18,0.8134293556213379,0.8004724383354187,0.02554691955447197
19,0.8295303583145142,0.7942838668823242,0.029074328020215034
20,0.8412887454032898,0.7929579615592957,0.030422279611229897