0,0.6931222677230835,0.5727672576904297,-2.555222806677193e-07
1,0.6498737931251526,0.4905037581920624,0.0249324943870306
2,0.6499831080436707,0.42394503951072693,0.030591515824198723
3,0.6671743392944336,0.37959417700767517,0.033359408378601074
4,0.6956762671470642,0.3638148009777069,0.03348986804485321
5,0.6655032634735107,0.36487430334091187,-0.008426500484347343
6,0.6648901700973511,0.26486504077911377,-0.01316861528903246
7,0.6658315658569336,0.2008972018957138,-0.01765507087111473
8,0.6685102581977844,0.15209388732910156,-0.021230781450867653
9,0.7037861943244934,0.36592358350753784,-0.01463393121957779
10,0.711813747882843,0.33910539746284485,-0.004857906140387058
11,0.7063009738922119,0.3748203217983246,0.004145618993788958
12,0.6984037160873413,0.3982400596141815,0.006816552486270666
13,0.7404411435127258,0.38690677285194397,-0.01593652181327343
14,0.7385010123252869,0.3709568977355957,-0.005995451472699642
15,0.7313911318778992,0.40199732780456543,0.005738076753914356
16,0.724217414855957,0.4234950840473175,0.010590395890176296
17,0.768717885017395,0.4146091341972351,-0.014161749742925167
18,0.7965539693832397,0.352309912443161,-0.008386832661926746
19,0.8108704686164856,0.3235083222389221,0.0014300532639026642
20,0.8192168474197388,0.29766610264778137,0.009238677099347115