0,0.4688044488430023,0.7672828435897827,-1.089809273935316e-07
1,0.48707205057144165,0.6716111898422241,0.020735586062073708
2,0.4791313707828522,0.598547637462616,0.019650975242257118
3,0.4532507359981537,0.5558277368545532,0.01440634299069643
4,0.4227077066898346,0.5427852272987366,0.006355391349643469
5,0.47824352979660034,0.5548762679100037,-0.018907370045781136
6,0.46694251894950867,0.4444923400878906,-0.03257569298148155
7,0.46005678176879883,0.37779536843299866,-0.03977169096469879
8,0.45242294669151306,0.32628312706947327,-0.04562217742204666
9,0.44272181391716003,0.5653045773506165,-0.0337434820830822
10,0.42571330070495605,0.48601359128952026,-0.04300566390156746
11,0.43067607283592224,0.5187734365463257,-0.03730286657810211
12,0.43726927042007446,0.544658899307251,-0.0344252809882164
13,0.4091207683086395,0.5913658142089844,-0.04506067559123039
14,0.395582914352417,0.5133258700370789,-0.05022866278886795
15,0.4012691378593445,0.5355789661407471,-0.039269089698791504
16,0.4088769853115082,0.5619491934776306,-0.03415069729089737
17,0.3768564760684967,0.6227613091468811,-0.054023377597332
18,0.3329853117465973,0.5491370558738708,-0.06026393175125122
19,0.30632349848747253,0.5199800729751587,-0.05775797739624977
20,0.28618043661117554,0.49859198927879333,-0.05667826905846596