0,0.47435760498046875,0.6708275079727173,-1.354462710878579e-07
1,0.48192477226257324,0.600646436214447,0.014545319601893425
2,0.4679676592350006,0.5405763387680054,0.015344548039138317
3,0.4400979280471802,0.5165486335754395,0.013134815730154514
4,0.41230109333992004,0.5157822370529175,0.009734833613038063
5,0.4719371795654297,0.4925515651702881,-0.00972693506628275
6,0.45311230421066284,0.41161641478538513,-0.017378751188516617
7,0.4436229169368744,0.36431631445884705,-0.01866757869720459
8,0.43609288334846497,0.3260701298713684,-0.020178446546196938
9,0.4456304609775543,0.5047686696052551,-0.02020116336643696
10,0.40342816710472107,0.46586477756500244,-0.02955893985927105
11,0.4064216613769531,0.5011529326438904,-0.024165881797671318
12,0.41859811544418335,0.5188395977020264,-0.020329272374510765
13,0.4192465841770172,0.5304244160652161,-0.028342947363853455
14,0.378450870513916,0.49424320459365845,-0.03598470613360405
15,0.384639173746109,0.524489164352417,-0.02639721892774105
16,0.3984987437725067,0.5424365401268005,-0.020271465182304382
17,0.3932090401649475,0.5586529970169067,-0.03493216633796692
18,0.35547900199890137,0.5140596032142639,-0.043367452919483185
19,0.33028751611709595,0.49198925495147705,-0.04304613918066025
20,0.30977725982666016,0.46861374378204346,-0.04254132881760597