0,0.4598921239376068,0.9465377926826477,-7.282612557446555e-08
1,0.4347870349884033,0.8664383292198181,0.0063139949925243855
2,0.4416157007217407,0.7876290678977966,0.004332039039582014
3,0.4749300181865692,0.7443102598190308,0.001246398314833641
4,0.5114179849624634,0.7387566566467285,-0.0015893030213192105
5,0.4452926218509674,0.7610979676246643,-0.017704680562019348
6,0.45179277658462524,0.6559154391288757,-0.028079822659492493
7,0.4536052346229553,0.5983723402023315,-0.030520426109433174
8,0.45438358187675476,0.5514320731163025,-0.03296513482928276
9,0.48240184783935547,0.7746671438217163,-0.02477206289768219
10,0.5060314536094666,0.6844116449356079,-0.04248351603746414
11,0.5034815669059753,0.7176825404167175,-0.03984856233000755
12,0.49642977118492126,0.7509939074516296,-0.033282142132520676
13,0.5175213813781738,0.7966086864471436,-0.029792647808790207
14,0.5357945561408997,0.7083001732826233,-0.0428810641169548
15,0.531632661819458,0.7344300746917725,-0.03157416358590126
16,0.5249268412590027,0.7641116976737976,-0.01982317678630352
17,0.5479224920272827,0.819657564163208,-0.033998239785432816
18,0.581524670124054,0.7489540576934814,-0.045193493366241455
19,0.6033887267112732,0.7143539190292358,-0.0449647381901741
20,0.61983722448349,0.6831823587417603,-0.0423516221344471