0,0.5930213332176208,0.5256593227386475,-1.9419812247178925e-07
1,0.5590709447860718,0.446298211812973,0.012805121950805187
2,0.560502290725708,0.373820036649704,0.012820188887417316
3,0.5858113169670105,0.3338392674922943,0.009845416061580181
4,0.6168292760848999,0.3226203918457031,0.005511906463652849
5,0.5649675130844116,0.3238777220249176,-0.01890101283788681
6,0.5661914944648743,0.22684898972511292,-0.030792569741606712
7,0.5659100413322449,0.1631854921579361,-0.03544100001454353
8,0.5654623508453369,0.11255753040313721,-0.03891661763191223
9,0.5985196828842163,0.3289351463317871,-0.029127903282642365
10,0.6283953785896301,0.2967299222946167,-0.04263858497142792
11,0.6237464547157288,0.3381275534629822,-0.04068738594651222
12,0.6122381687164307,0.36271604895591736,-0.038005705922842026
13,0.6349289417266846,0.3521764576435089,-0.036620840430259705
14,0.6606453657150269,0.33622097969055176,-0.054090116173028946
15,0.6516421437263489,0.3781988024711609,-0.04747961834073067
16,0.6378262639045715,0.4008224904537201,-0.039170410484075546
17,0.6714578866958618,0.37980347871780396,-0.04176454246044159
18,0.7029288411140442,0.31376633048057556,-0.056197624653577805
19,0.7215993404388428,0.2813364863395691,-0.05387996882200241
20,0.7357953786849976,0.2515185475349426,-0.04882805794477463