0,0.7799738049507141,0.5841624140739441,-2.0922225019148755e-07
1,0.7331411838531494,0.537985622882843,0.002234706422314048
2,0.7153571248054504,0.4689052402973175,0.0070746950805187225
3,0.7252174615859985,0.42282891273498535,0.01667877845466137
4,0.7510738968849182,0.4115758240222931,0.025890212506055832
5,0.76381915807724,0.4000140428543091,-0.011849858798086643
6,0.758176326751709,0.31580808758735657,-0.0019410455133765936
7,0.75550776720047,0.2663872539997101,-0.000383454782422632
8,0.7557783722877502,0.22674553096294403,-0.0009624009253457189
9,0.8000037670135498,0.4085477590560913,-9.340311225969344e-05
10,0.7795791625976562,0.3910294771194458,0.022568179294466972
11,0.7653577327728271,0.4209846258163452,0.03112613968551159
12,0.7637970447540283,0.44571366906166077,0.031925637274980545
13,0.8226690292358398,0.4314703941345215,0.015712955966591835
14,0.7971383333206177,0.41758161783218384,0.03833147510886192
15,0.7839228510856628,0.43863603472709656,0.04482803866267204
16,0.782098650932312,0.46137532591819763,0.043983329087495804
17,0.8374842405319214,0.45349326729774475,0.032833412289619446
18,0.842194139957428,0.40467971563339233,0.051379963755607605
19,0.843217134475708,0.37705183029174805,0.06156498193740845
20,0.8446655869483948,0.3577999770641327,0.06676594913005829