0,0.4902268946170807,0.8034827709197998,-1.3160175171833544e-07
1,0.49919599294662476,0.7300601005554199,0.011941876262426376
2,0.48912495374679565,0.6712439656257629,0.009688409976661205
3,0.46448758244514465,0.6458356976509094,0.004595074336975813
4,0.437654584646225,0.6431711316108704,-0.002007901668548584
5,0.49289461970329285,0.6337311267852783,-0.015600661747157574
6,0.4814484119415283,0.5503451228141785,-0.025923585519194603
7,0.47556474804878235,0.5031505227088928,-0.02831674925982952
8,0.4703297019004822,0.46407774090766907,-0.03055301122367382
9,0.46571284532546997,0.6458293795585632,-0.026628481224179268
10,0.43483710289001465,0.5974003076553345,-0.040293507277965546
11,0.4379805326461792,0.6321186423301697,-0.03641200065612793
12,0.44825372099876404,0.6506583094596863,-0.03279821202158928
13,0.4401232600212097,0.6697729825973511,-0.035551518201828
14,0.41009408235549927,0.6223232746124268,-0.047722358256578445
15,0.4160272181034088,0.6497879028320312,-0.039926134049892426
16,0.4280894696712494,0.6689918637275696,-0.03379276394844055
17,0.41559529304504395,0.6945730447769165,-0.042907100170850754
18,0.37619808316230774,0.6446386575698853,-0.05377146601676941
19,0.34999901056289673,0.6204543709754944,-0.05463366210460663
20,0.3290466368198395,0.5969169735908508,-0.05477265641093254