0,0.3351733088493347,0.5555209517478943,-1.051236964144664e-07
1,0.3449474573135376,0.4796488285064697,0.012872516177594662
2,0.3289870321750641,0.4189486503601074,0.012079058215022087
3,0.2984636425971985,0.39446160197257996,0.007695241365581751
4,0.2678478956222534,0.3959072232246399,0.001274067210033536
5,0.33354651927948,0.3780965209007263,-0.009837303310632706
6,0.31511157751083374,0.2993355691432953,-0.018103349953889847
7,0.3038495182991028,0.24929474294185638,-0.021686900407075882
8,0.2949274182319641,0.21044713258743286,-0.025191662833094597
9,0.30380573868751526,0.3906056880950928,-0.020998196676373482
10,0.2612118721008301,0.3582894206047058,-0.030279936268925667
11,0.2633938491344452,0.3867974877357483,-0.02872469089925289
12,0.27569544315338135,0.4030130207538605,-0.02834603190422058
13,0.2745855152606964,0.41767317056655884,-0.029850555583834648
14,0.23475252091884613,0.38764554262161255,-0.037764642387628555
15,0.23920181393623352,0.41212981939315796,-0.03127116709947586
16,0.2522161602973938,0.42914703488349915,-0.027679260820150375
17,0.24646446108818054,0.44878703355789185,-0.03719516471028328
18,0.20316392183303833,0.4065363109111786,-0.04410848021507263
19,0.1756417453289032,0.38457679748535156,-0.04273894429206848
20,0.154367595911026,0.36213788390159607,-0.041952889412641525