0,0.6703505516052246,0.540649950504303,-1.3824224254221917e-07
1,0.677047073841095,0.4595443308353424,0.01158123929053545
2,0.7100894451141357,0.4142744541168213,0.013468553312122822
3,0.742957592010498,0.4039626717567444,0.013500112108886242
4,0.7665401697158813,0.4167627692222595,0.01237213984131813
5,0.7583661079406738,0.3879276514053345,-0.005796576850116253
6,0.8116918802261353,0.34754815697669983,-0.0010900640627369285
7,0.8448346853256226,0.3264200687408447,0.0024644762743264437
8,0.8701809644699097,0.3109094798564911,0.0031358692795038223
9,0.782223105430603,0.42732784152030945,-0.00985465943813324
10,0.784598708152771,0.4284856617450714,-0.003384548472240567
11,0.763373613357544,0.4393591582775116,0.0003314866917207837
12,0.7462365627288818,0.4464249312877655,0.0003882643359247595
13,0.790074348449707,0.4754598140716553,-0.010353767313063145
14,0.7845199704170227,0.4715871512889862,-0.006241574417799711
15,0.7637635469436646,0.4778146743774414,-0.0022049497347325087
16,0.7466078400611877,0.4812704026699066,-0.0016721212305128574
17,0.7894843816757202,0.5167646408081055,-0.00915430672466755
18,0.8208327889442444,0.5173253417015076,-0.007837358862161636
19,0.8419354557991028,0.5223940014839172,-0.004345473367720842
20,0.8583369851112366,0.5257246494293213,-0.0011387919075787067