0,0.468598335981369,0.6662012934684753,-1.4850940033284132e-07
1,0.47632163763046265,0.5965576767921448,0.013542164117097855
2,0.46264177560806274,0.5386977195739746,0.014427664689719677
3,0.43527913093566895,0.5162161588668823,0.012606127187609673
4,0.4081047773361206,0.5157530903816223,0.009832038544118404
5,0.4647268056869507,0.489676296710968,-0.01078090164810419
6,0.44575023651123047,0.40690040588378906,-0.018863555043935776
7,0.43590211868286133,0.3587276339530945,-0.019675351679325104
8,0.4281362295150757,0.32081228494644165,-0.02086183987557888
9,0.43771952390670776,0.5016388893127441,-0.02031051181256771
10,0.3959810137748718,0.46253976225852966,-0.03118162229657173
11,0.3985988199710846,0.4983311891555786,-0.02549375407397747
12,0.41047680377960205,0.5169415473937988,-0.02111106552183628
13,0.41145139932632446,0.5273317098617554,-0.027706928551197052
14,0.3717867136001587,0.4897204041481018,-0.03722744062542915
15,0.37754255533218384,0.5205517411231995,-0.02801203727722168
16,0.39078810811042786,0.5396019816398621,-0.02173442207276821
17,0.3860878050327301,0.555449903011322,-0.03354162722826004
18,0.3495941162109375,0.5133193135261536,-0.04498361051082611
19,0.3237859010696411,0.4920511841773987,-0.046841155737638474
20,0.30218639969825745,0.4693913459777832,-0.047441981732845306