0,0.6760846376419067,0.5874345302581787,-2.495254136647418e-07
1,0.6351204514503479,0.5059524178504944,0.019361643120646477
2,0.6360798478126526,0.43785983324050903,0.02316371351480484
3,0.6531913876533508,0.3971518874168396,0.024390820413827896
4,0.6804193258285522,0.38513773679733276,0.02341945841908455
5,0.6536363363265991,0.37736615538597107,-0.010046644136309624
6,0.6542679071426392,0.27710387110710144,-0.01335874292999506
7,0.6569596529006958,0.21458210051059723,-0.014016848988831043
8,0.6612537503242493,0.1673479825258255,-0.014445549808442593
9,0.6924831867218018,0.3807521164417267,-0.015691053122282028
10,0.700028657913208,0.3583143651485443,-0.0102479737251997
11,0.6925952434539795,0.39510291814804077,-0.0031001847237348557
12,0.6841050386428833,0.4191288948059082,-5.287460226099938e-05
13,0.7286219596862793,0.403481662273407,-0.016995666548609734
14,0.7280051112174988,0.39137133955955505,-0.014017871581017971
15,0.719618022441864,0.4238314926624298,-0.00604925025254488
16,0.7114101052284241,0.4445509910583496,-0.001414684345945716
17,0.7563309669494629,0.4313827157020569,-0.015310467220842838
18,0.7849230766296387,0.37056851387023926,-0.013662148267030716
19,0.8012146353721619,0.34089112281799316,-0.006045748479664326
20,0.8110145330429077,0.3141624927520752,0.0010927668772637844