0,0.39906707406044006,0.5441591739654541,-9.52664080955401e-08
1,0.3663993775844574,0.45496830344200134,0.009313417598605156
2,0.36852288246154785,0.37463000416755676,0.00493151880800724
3,0.39991599321365356,0.33331048488616943,-0.00228742603212595
4,0.4382971525192261,0.3285283148288727,-0.010193540714681149
5,0.36813026666641235,0.3362375795841217,-0.020612267777323723
6,0.37221455574035645,0.2330678105354309,-0.029445433989167213
7,0.371398001909256,0.17038464546203613,-0.030099747702479362
8,0.36927929520606995,0.12012197077274323,-0.031062204390764236
9,0.4036182761192322,0.34299424290657043,-0.031595319509506226
10,0.4430917501449585,0.29881393909454346,-0.045414745807647705
11,0.44140586256980896,0.3357696235179901,-0.04349186643958092
12,0.42933160066604614,0.3571178615093231,-0.04033460095524788
13,0.4426456391811371,0.36307013034820557,-0.039735592901706696
14,0.47871795296669006,0.3266064524650574,-0.05590546876192093
15,0.4739004373550415,0.36263006925582886,-0.04851924628019333
16,0.4597541391849518,0.38295507431030273,-0.0397460050880909
17,0.4821127951145172,0.38665294647216797,-0.04612284526228905
18,0.5172687768936157,0.3149138391017914,-0.05536925420165062
19,0.5405305624008179,0.27830028533935547,-0.05059380829334259
20,0.5573098659515381,0.24336294829845428,-0.044695403426885605