0,0.37890350818634033,0.8419461250305176,-1.2492373002714885e-07
1,0.3677257001399994,0.7615427374839783,0.011481566354632378
2,0.3390975892543793,0.7071316242218018,0.009039944969117641
3,0.3054966926574707,0.6816575527191162,0.00651367986574769
4,0.27750253677368164,0.6828415393829346,0.0026213943492621183
5,0.3215342164039612,0.6844443678855896,-0.033193837851285934
6,0.27135926485061646,0.6032736301422119,-0.041134510189294815
7,0.24291720986366272,0.5619120597839355,-0.03852362185716629
8,0.2188376933336258,0.5327062606811523,-0.037480272352695465
9,0.2943028509616852,0.717903733253479,-0.04087797924876213
10,0.24869544804096222,0.6571484804153442,-0.04919729754328728
11,0.2677561342716217,0.6736273169517517,-0.039723288267850876
12,0.28566816449165344,0.6895961761474609,-0.0336027666926384
13,0.27587175369262695,0.757161021232605,-0.04475557431578636
14,0.2336498349905014,0.7039017081260681,-0.049676936119794846
15,0.25242307782173157,0.7141307592391968,-0.039935402572155
16,0.27076292037963867,0.7277596592903137,-0.03554363176226616
17,0.2616918087005615,0.7946779727935791,-0.04666412994265556
18,0.2038249522447586,0.7744153141975403,-0.055304236710071564
19,0.17292413115501404,0.7684714794158936,-0.05848770588636398
20,0.14523495733737946,0.7637012004852295,-0.061697036027908325