0,0.11190610378980637,0.7883138656616211,-1.2548402317236196e-08
1,0.1410200595855713,0.7231677770614624,0.004754218738526106
2,0.18882614374160767,0.6992437839508057,0.006028272211551666
3,0.2298182249069214,0.7028558254241943,0.008952314034104347
4,0.2555496394634247,0.7235751152038574,0.013225497677922249
5,0.20812007784843445,0.6928635239601135,-0.020579051226377487
6,0.26536285877227783,0.6669350862503052,-0.030304795131087303
7,0.29562830924987793,0.6517863273620605,-0.02944554015994072
8,0.3191952109336853,0.6439569592475891,-0.028245095163583755
9,0.21781685948371887,0.7382714748382568,-0.02397451177239418
10,0.2923184037208557,0.7225357294082642,-0.040191467851400375
11,0.27727052569389343,0.7245550751686096,-0.03316842019557953
12,0.2567809224128723,0.7305556535720825,-0.02281615510582924
13,0.22110041975975037,0.7831587195396423,-0.025621840730309486
14,0.29011639952659607,0.7664672136306763,-0.0387401357293129
15,0.274018794298172,0.7619199752807617,-0.02691141702234745
16,0.2528415322303772,0.7639814615249634,-0.014300513081252575
17,0.21947138011455536,0.8190306425094604,-0.026345092803239822
18,0.2718099355697632,0.8331287503242493,-0.0429840162396431
19,0.3041987121105194,0.8429254293441772,-0.04837780073285103
20,0.3328132927417755,0.8509681820869446,-0.048684168606996536