0,0.3768961429595947,0.5347640514373779,-1.3900420015033887e-07
1,0.40754011273384094,0.46116533875465393,0.015533973462879658
2,0.4553713798522949,0.4244329333305359,0.017464609816670418
3,0.5012946128845215,0.4245222806930542,0.016806360334157944
4,0.5334647297859192,0.4414754807949066,0.01543725561350584
5,0.48955273628234863,0.39188992977142334,-0.012414801865816116
6,0.5563917756080627,0.3508267402648926,-0.018845295533537865
7,0.5971245169639587,0.3255924880504608,-0.020294208079576492
8,0.6272305846214294,0.3043770492076874,-0.021564092487096786
9,0.5026835203170776,0.4328826069831848,-0.02212425507605076
10,0.5528305172920227,0.452434241771698,-0.028636405244469643
11,0.5337733030319214,0.471689909696579,-0.024448642507195473
12,0.5158092379570007,0.47312983870506287,-0.021206967532634735
13,0.50815349817276,0.482225239276886,-0.028514880686998367
14,0.5497111678123474,0.5002590417861938,-0.03648751974105835
15,0.5298475623130798,0.5118137001991272,-0.026800481602549553
16,0.510126531124115,0.5100126266479492,-0.018838729709386826
17,0.5094342231750488,0.5292889475822449,-0.03278777375817299
18,0.5651251673698425,0.5324485301971436,-0.03938877955079079
19,0.5956467390060425,0.5410627126693726,-0.03411778062582016
20,0.6209787726402283,0.5443605780601501,-0.028104249387979507