0,0.43937039375305176,0.863097608089447,-7.269832025258438e-08
1,0.4403180480003357,0.7810629606246948,0.008688392117619514
2,0.41853004693984985,0.7158862948417664,0.005710114724934101
3,0.3838036060333252,0.6829565763473511,0.0023397316690534353
4,0.3529326617717743,0.6857513785362244,-0.0022837412543594837
5,0.4031102657318115,0.6910891532897949,-0.02632870152592659
6,0.3651687502861023,0.603244423866272,-0.0351988710463047
7,0.34197938442230225,0.5550662279129028,-0.035934630781412125
8,0.3203895390033722,0.519660234451294,-0.03760545328259468
9,0.3725082576274872,0.7150777578353882,-0.03411225602030754
10,0.32569193840026855,0.6494115591049194,-0.04497295618057251
11,0.3403783142566681,0.6715764403343201,-0.04006339982151985
12,0.3575470745563507,0.6921342015266418,-0.03618648275732994
13,0.3481931686401367,0.7490365505218506,-0.03864295780658722
14,0.3041088283061981,0.6889160871505737,-0.04580681025981903
15,0.3178243637084961,0.7052391767501831,-0.03772026300430298
16,0.3353992998600006,0.724526047706604,-0.03339554741978645
17,0.32830700278282166,0.7838531136512756,-0.041608937084674835
18,0.2761887311935425,0.7542017698287964,-0.05004662647843361
19,0.24541467428207397,0.7422336339950562,-0.052689988166093826
20,0.218254953622818,0.7312846183776855,-0.05526765435934067