0,0.44468826055526733,0.48885491490364075,-1.3794112874165876e-07
1,0.4816325306892395,0.4110766649246216,0.012132477946579456
2,0.48802077770233154,0.3486934304237366,0.010595015250146389
3,0.4649519920349121,0.3111362159252167,0.006205130834132433
4,0.43670403957366943,0.2926066815853119,-0.0008016913197934628
5,0.45921504497528076,0.2764137089252472,-0.016260022297501564
6,0.453605592250824,0.17201629281044006,-0.02349189482629299
7,0.44808244705200195,0.10802233219146729,-0.02832312136888504
8,0.44190773367881775,0.06082086265087128,-0.03260910138487816
9,0.41877612471580505,0.2840039134025574,-0.024377519264817238
10,0.4169030487537384,0.2431626319885254,-0.025184350088238716
11,0.42750999331474304,0.2776784300804138,-0.02087833359837532
12,0.435569703578949,0.3017660975456238,-0.021098777651786804
13,0.3881675601005554,0.31113511323928833,-0.02939586713910103
14,0.3869551122188568,0.28412923216819763,-0.027758432552218437
15,0.40173375606536865,0.3114350140094757,-0.018976949155330658
16,0.4104543924331665,0.3357705771923065,-0.01726491004228592
17,0.36256033182144165,0.3446090519428253,-0.0330803245306015
18,0.32741034030914307,0.28886252641677856,-0.031901028007268906
19,0.3091636598110199,0.2633109390735626,-0.025303686037659645
20,0.29453176259994507,0.2435256689786911,-0.022074781358242035