0,0.7914814949035645,0.5336161255836487,-2.693051897040277e-07
1,0.7455071210861206,0.4885367751121521,-0.0019909213297069073
2,0.7226876616477966,0.42259830236434937,0.0001475920871598646
3,0.734678328037262,0.3717085123062134,0.004922902211546898
4,0.7601325511932373,0.35802778601646423,0.009343213401734829
5,0.7726535201072693,0.3537724018096924,-0.012856047600507736
6,0.7660507559776306,0.26488253474235535,-0.006396357901394367
7,0.7626113295555115,0.21377553045749664,-0.0025874096900224686
8,0.7613985538482666,0.1746750771999359,-0.0013173038605600595
9,0.8094313740730286,0.35630762577056885,-0.005960389971733093
10,0.7838727235794067,0.34560826420783997,0.006017334293574095
11,0.7699322700500488,0.3720274865627289,0.013734117150306702
12,0.7698901295661926,0.39503154158592224,0.016832254827022552
13,0.8313886523246765,0.3770752251148224,0.003261064412072301
14,0.8015832901000977,0.36926403641700745,0.01378637831658125
15,0.7897586226463318,0.38706207275390625,0.017319662496447563
16,0.7890781760215759,0.40802305936813354,0.017202438786625862
17,0.8433104753494263,0.39827820658683777,0.012970881536602974
18,0.8259691596031189,0.37872353196144104,0.023658623918890953
19,0.8144147992134094,0.3801606595516205,0.030659116804599762
20,0.8099864721298218,0.38909366726875305,0.03524095565080643