0,0.49784713983535767,0.749289333820343,-1.7914091188231396e-07
1,0.5165961980819702,0.6601344347000122,0.023453863337635994
2,0.5100647211074829,0.5883936882019043,0.026298487558960915
3,0.48760706186294556,0.5463452935218811,0.025625290349125862
4,0.4593766927719116,0.530644416809082,0.02239677496254444
5,0.5127666592597961,0.5463703274726868,-0.013112916611135006
6,0.5170612335205078,0.4438632130622864,-0.019981535151600838
7,0.5144883394241333,0.3832528591156006,-0.02164074033498764
8,0.5074556469917297,0.3379266858100891,-0.02526829205453396
9,0.48018878698349,0.5521354079246521,-0.027882341295480728
10,0.4614540636539459,0.46953293681144714,-0.03204064443707466
11,0.46313607692718506,0.5017779469490051,-0.023541929200291634
12,0.4676223695278168,0.5253543853759766,-0.020483940839767456
13,0.4466208219528198,0.5726046562194824,-0.03896544128656387
14,0.42986923456192017,0.49222731590270996,-0.04241187497973442
15,0.43466171622276306,0.5135881900787354,-0.031893957406282425
16,0.4404125511646271,0.5392389893531799,-0.028891367837786674
17,0.4146413803100586,0.598114550113678,-0.047236036509275436
18,0.3675142228603363,0.533381998538971,-0.0576181560754776
19,0.3390865921974182,0.5036923885345459,-0.05997774749994278
20,0.31615743041038513,0.4793252646923065,-0.0632903054356575