0,0.5152662396430969,0.6522036790847778,-2.3122927927943238e-07
1,0.48180240392684937,0.5590901970863342,0.022397480905056
2,0.48544842004776,0.4836810827255249,0.026812274008989334
3,0.5111508965492249,0.4378393292427063,0.027736900374293327
4,0.538474440574646,0.4234430193901062,0.02657422237098217
5,0.48726123571395874,0.427415132522583,-0.01455206610262394
6,0.49415749311447144,0.31368446350097656,-0.0223186407238245
7,0.5007848739624023,0.24860376119613647,-0.022040903568267822
8,0.5057321190834045,0.1973687708377838,-0.022692734375596046
9,0.5252031683921814,0.43610695004463196,-0.026898793876171112
10,0.5603251457214355,0.38164210319519043,-0.035145509988069534
11,0.5584505200386047,0.4253350496292114,-0.026894554495811462
12,0.5467938780784607,0.4524395763874054,-0.02105034701526165
13,0.5657709240913391,0.4628261625766754,-0.03551599010825157
14,0.5967323780059814,0.4101928174495697,-0.04717462882399559
15,0.5916260480880737,0.44803187251091003,-0.03550868108868599
16,0.5790183544158936,0.4726110100746155,-0.02612113207578659
17,0.6028714179992676,0.4944800138473511,-0.04080445319414139
18,0.645074725151062,0.4173498749732971,-0.056297045201063156
19,0.6705808043479919,0.3860761523246765,-0.05559643730521202
20,0.6866569519042969,0.3539411127567291,-0.05213690921664238