0,0.7193522453308105,0.854702353477478,-2.0662754707245767e-07
1,0.6848269701004028,0.7910457849502563,0.004382128361612558
2,0.6815054416656494,0.7101425528526306,0.004553432110697031
3,0.7033674716949463,0.663006603717804,0.00577962351962924
4,0.7360584735870361,0.6585285663604736,0.005884464364498854
5,0.7212163209915161,0.684893786907196,-0.02778325416147709
6,0.734411895275116,0.5925147533416748,-0.03427763283252716
7,0.7443653345108032,0.5389634370803833,-0.03643463924527168
8,0.7523691058158875,0.497586190700531,-0.03885314241051674
9,0.7516433000564575,0.6975774765014648,-0.027640311047434807
10,0.7426162362098694,0.6517122387886047,-0.02977745048701763
11,0.7303181290626526,0.6766377687454224,-0.023356836289167404
12,0.7240155339241028,0.6966683864593506,-0.02029772661626339
13,0.7767096161842346,0.7166019082069397,-0.024256901815533638
14,0.7616136074066162,0.6786239147186279,-0.02471074089407921
15,0.7514365911483765,0.6976418495178223,-0.014634717255830765
16,0.7453942894935608,0.7187420725822449,-0.00857312697917223
17,0.798198938369751,0.7372167110443115,-0.019866811111569405
18,0.820591151714325,0.6717010140419006,-0.022708091884851456
19,0.8337543606758118,0.6363196969032288,-0.01840919815003872
20,0.8410364985466003,0.6104912757873535,-0.01425107754766941