0,0.3245588541030884,0.5587517023086548,-6.918477168937898e-08
1,0.2939368486404419,0.46966415643692017,0.01479378528892994
2,0.2930881381034851,0.38641172647476196,0.011896886862814426
3,0.31972065567970276,0.3428102731704712,0.004071632865816355
4,0.3552384674549103,0.3359251022338867,-0.004606057424098253
5,0.2908015847206116,0.3381667733192444,-0.010000753216445446
6,0.296526700258255,0.23703639209270477,-0.01743590459227562
7,0.2946118414402008,0.17653809487819672,-0.018292533233761787
8,0.2917451858520508,0.12938962876796722,-0.01934300735592842
9,0.3200150430202484,0.3430168032646179,-0.02505127713084221
10,0.37492892146110535,0.299996018409729,-0.03989141806960106
11,0.37732794880867004,0.33859285712242126,-0.04025467857718468
12,0.3645116984844208,0.3598058819770813,-0.03761119022965431
13,0.35616496205329895,0.36091598868370056,-0.03718293830752373
14,0.4051469564437866,0.3258427381515503,-0.05432051047682762
15,0.4028124511241913,0.3632853925228119,-0.048463668674230576
16,0.3878840208053589,0.3820374310016632,-0.03986625373363495
17,0.3949211835861206,0.38395190238952637,-0.04720655456185341
18,0.43602654337882996,0.31513485312461853,-0.05566854774951935
19,0.462228387594223,0.2816242277622223,-0.049829866737127304
20,0.48075491189956665,0.2491985261440277,-0.04260380566120148