0,0.5973722338676453,0.6276872158050537,-2.7780714617620106e-07
1,0.5617275238037109,0.5363303422927856,0.025495123118162155
2,0.5699533224105835,0.4655781388282776,0.031549353152513504
3,0.5922845602035522,0.4238329231739044,0.03443135693669319
4,0.6239094734191895,0.41409721970558167,0.034679561853408813
5,0.5776079893112183,0.41123178601264954,-0.008921136148273945
6,0.586395263671875,0.3076357841491699,-0.01740814745426178
7,0.5922064185142517,0.2404157668352127,-0.023116685450077057
8,0.5974194407463074,0.18953236937522888,-0.02689669094979763
9,0.6167503595352173,0.41712725162506104,-0.01732386276125908
10,0.638002336025238,0.3859439194202423,-0.013529262505471706
11,0.6314328908920288,0.4261946976184845,-0.004376893397420645
12,0.6192666888237,0.45227891206741333,-0.0002489990438334644
13,0.6550888419151306,0.44167041778564453,-0.021545400843024254
14,0.6660719513893127,0.42141932249069214,-0.01962304301559925
15,0.6567631959915161,0.45744964480400085,-0.007984149269759655
16,0.6457005143165588,0.48135697841644287,-0.0010789529187604785
17,0.6868311166763306,0.47175532579421997,-0.022384734824299812
18,0.7208237051963806,0.40519630908966064,-0.02401743456721306
19,0.7395564913749695,0.3745653033256531,-0.01686812937259674
20,0.7513446807861328,0.34734779596328735,-0.010086048394441605