0,0.7966915965080261,0.5609910488128662,-1.4845784335193457e-07
1,0.8151059746742249,0.47671741247177124,0.01591896452009678
2,0.8112863302230835,0.40193459391593933,0.014485879801213741
3,0.7830460071563721,0.36645543575286865,0.009723255410790443
4,0.750751256942749,0.3557721972465515,0.003463736968114972
5,0.8195153474807739,0.35034117102622986,-0.019554518163204193
6,0.8185101747512817,0.2426140010356903,-0.034757521003484726
7,0.8200862407684326,0.18123693764209747,-0.0401342399418354
8,0.8210210800170898,0.13099637627601624,-0.04429338127374649
9,0.7849626541137695,0.36128610372543335,-0.03199221193790436
10,0.7437784075737,0.29402482509613037,-0.04860899969935417
11,0.7428324818611145,0.3371356129646301,-0.042882923036813736
12,0.7542699575424194,0.36128494143486023,-0.038144301623106
13,0.7501147985458374,0.3867015242576599,-0.04177884757518768
14,0.7093603610992432,0.321908175945282,-0.05516007915139198
15,0.7119690179824829,0.35861140489578247,-0.04314548149704933
16,0.7245386242866516,0.38457396626472473,-0.034323547035455704
17,0.7168659567832947,0.4132656157016754,-0.04975312575697899
18,0.6802818179130554,0.348887175321579,-0.06443178653717041
19,0.6541184186935425,0.31517741084098816,-0.06623770296573639
20,0.6327671408653259,0.28126704692840576,-0.06628483533859253