0,0.6184974908828735,0.8584116101264954,-1.1995626891803113e-07
1,0.6105440855026245,0.7755374312400818,-0.0006943452754057944
2,0.6354010701179504,0.7154339551925659,0.0013342831516638398
3,0.6638778448104858,0.6981227397918701,0.0071080406196415424
4,0.6873847246170044,0.7103427052497864,0.011965282261371613
5,0.6979265213012695,0.706809937953949,-0.0208650641143322
6,0.7485571503639221,0.6532484889030457,-0.01909242570400238
7,0.7794217467308044,0.6204124093055725,-0.02038576640188694
8,0.80523681640625,0.5963116884231567,-0.022673210129141808
9,0.718163251876831,0.7462258338928223,-0.01242191344499588
10,0.720819890499115,0.7174075245857239,0.003523341380059719
11,0.6982493996620178,0.7251039743423462,0.012676236219704151
12,0.6844808459281921,0.7384768724441528,0.013876877725124359
13,0.7243409156799316,0.7860070466995239,-0.0014665154740214348
14,0.7211428284645081,0.7596351504325867,0.013024008832871914
15,0.6992477774620056,0.7646546363830566,0.01961435191333294
16,0.6825068593025208,0.7748301029205322,0.01935945264995098
17,0.7239850759506226,0.8191553354263306,0.010082490742206573
18,0.7579270005226135,0.801112711429596,0.01766378991305828
19,0.7775781154632568,0.7941463589668274,0.022178983315825462
20,0.792495608329773,0.7892458438873291,0.024437598884105682