0,0.0833902582526207,0.3917686939239502,7.12699455007737e-09
1,0.11544976383447647,0.31794869899749756,0.02179485373198986
2,0.16598789393901825,0.2717698812484741,0.021447669714689255
3,0.21405737102031708,0.26886293292045593,0.016714150086045265
4,0.24922117590904236,0.2891865670681,0.010708902031183243
5,0.1872468888759613,0.22828343510627747,-0.015283889137208462
6,0.2528127431869507,0.18294206261634827,-0.02188788168132305
7,0.2886655926704407,0.1532793641090393,-0.022579867392778397
8,0.3168181777000427,0.1260882019996643,-0.02521647699177265
9,0.1935853213071823,0.26010510325431824,-0.03254319354891777
10,0.27185386419296265,0.2877456843852997,-0.04301910474896431
11,0.26032528281211853,0.32022401690483093,-0.038455214351415634
12,0.2459327131509781,0.32617810368537903,-0.03575194999575615
13,0.19844545423984528,0.3058761954307556,-0.045720174908638
14,0.2744603157043457,0.3326980173587799,-0.05493643879890442
15,0.266273558139801,0.357675164937973,-0.04274754971265793
16,0.252692848443985,0.3636600077152252,-0.034965094178915024
17,0.20194455981254578,0.35418280959129333,-0.05674054101109505
18,0.26786547899246216,0.3557921051979065,-0.06558834761381149
19,0.3037978410720825,0.3637349009513855,-0.0608627051115036
20,0.3354496955871582,0.36714908480644226,-0.0567459836602211