0,0.1201990395784378,0.37885960936546326,-6.239410055286498e-08
1,0.15710675716400146,0.3032645583152771,0.02408381551504135
2,0.21058064699172974,0.261511892080307,0.0271441750228405
3,0.25727149844169617,0.2651349902153015,0.024990003556013107
4,0.2887442409992218,0.2922697067260742,0.021720552816987038
5,0.23316887021064758,0.21682855486869812,-0.003213324351236224
6,0.2962900400161743,0.17748336493968964,-0.006022148299962282
7,0.3302389979362488,0.15005911886692047,-0.003418142907321453
8,0.35693901777267456,0.12722283601760864,-0.0030679365154355764
9,0.24055275321006775,0.2514561414718628,-0.020826630294322968
10,0.3161546289920807,0.2824019193649292,-0.030911723151803017
11,0.297163724899292,0.3128337264060974,-0.026242919266223907
12,0.27590930461883545,0.31568631529808044,-0.021186882629990578
13,0.24581485986709595,0.29957908391952515,-0.03475375473499298
14,0.3182290196418762,0.3265323042869568,-0.045067623257637024
15,0.3005562126636505,0.3503800928592682,-0.0340440459549427
16,0.2811107635498047,0.3522412180900574,-0.024707414209842682
17,0.2486334592103958,0.3491639792919159,-0.046173498034477234
18,0.3139132559299469,0.3514988124370575,-0.0556379035115242
19,0.3503405749797821,0.3616291582584381,-0.05194248631596565
20,0.38209792971611023,0.3668060898780823,-0.04736083000898361