0,0.2949807345867157,0.7485467195510864,-1.8571122950561403e-07
1,0.29845452308654785,0.6695035696029663,0.013418295420706272
2,0.2827308177947998,0.6119570136070251,0.012183000333607197
3,0.2636878490447998,0.5664680600166321,0.009851759299635887
4,0.2551267743110657,0.5291140079498291,0.005630853120237589
5,0.24370044469833374,0.580356240272522,-0.026637030765414238
6,0.2049836367368698,0.498482346534729,-0.036928221583366394
7,0.18074338138103485,0.4520314037799835,-0.041985515505075455
8,0.15999828279018402,0.41849061846733093,-0.047196365892887115
9,0.21536599099636078,0.6084974408149719,-0.03341112658381462
10,0.18430234491825104,0.5630380511283875,-0.036374837160110474
11,0.20252659916877747,0.5823514461517334,-0.02812608890235424
12,0.21733306348323822,0.5979511141777039,-0.025813927873969078
13,0.19794218242168427,0.6472581028938293,-0.0368405357003212
14,0.1674930602312088,0.6037710309028625,-0.03698372095823288
15,0.18382368981838226,0.61712646484375,-0.02515726536512375
16,0.2004280835390091,0.632982611656189,-0.021459324285387993
17,0.1855224370956421,0.6886778473854065,-0.038484591990709305
18,0.1331142783164978,0.6621277928352356,-0.04549746960401535
19,0.10480381548404694,0.6537736058235168,-0.045810118317604065
20,0.0807487741112709,0.6456416249275208,-0.046960316598415375