0,0.6897584199905396,0.4937902092933655,-2.0062331884673767e-07
1,0.7156099081039429,0.40887877345085144,0.02255607582628727
2,0.714825451374054,0.33202677965164185,0.024967707693576813
3,0.6899719834327698,0.28778159618377686,0.02198651060461998
4,0.6592500805854797,0.26686668395996094,0.017230525612831116
5,0.7311449646949768,0.2716195285320282,-0.004687085282057524
6,0.731536328792572,0.16741825640201569,-0.014935853891074657
7,0.7332268357276917,0.10383003950119019,-0.018600421026349068
8,0.7338096499443054,0.05303359031677246,-0.02237127162516117
9,0.6983839273452759,0.2754537761211395,-0.020758630707859993
10,0.6526710391044617,0.21313297748565674,-0.03375700116157532
11,0.6491696834564209,0.25734981894493103,-0.029134104028344154
12,0.6612421870231628,0.2842177450656891,-0.025942763313651085
13,0.6607881188392639,0.2950812876224518,-0.03397750109434128
14,0.6181398034095764,0.23873335123062134,-0.04406506568193436
15,0.6198127269744873,0.2776566743850708,-0.03226470947265625
16,0.6333219408988953,0.30442681908607483,-0.025029171258211136
17,0.6220755577087402,0.31828057765960693,-0.045131832361221313
18,0.5858598351478577,0.24938258528709412,-0.056710559874773026
19,0.5597617626190186,0.21316294372081757,-0.056258425116539
20,0.5398422479629517,0.17609502375125885,-0.055481232702732086