0,0.16475391387939453,0.5899423956871033,-9.508705289817954e-08
1,0.2017950713634491,0.5152291655540466,0.015158647671341896
2,0.2557638883590698,0.4777539372444153,0.014263728633522987
3,0.2998769283294678,0.4793231189250946,0.010222925804555416
4,0.3274836242198944,0.5042949318885803,0.005759235471487045
5,0.281147301197052,0.4387204647064209,-0.014476828277111053
6,0.34888413548469543,0.39576008915901184,-0.026046713814139366
7,0.3869520425796509,0.3690110445022583,-0.03010973148047924
8,0.41840341687202454,0.3449348509311676,-0.0339636392891407
9,0.291156142950058,0.4806859791278839,-0.027563849464058876
10,0.36718547344207764,0.48807069659233093,-0.04355868324637413
11,0.3468635082244873,0.5147813558578491,-0.03923948109149933
12,0.32246285676956177,0.5189382433891296,-0.03321797028183937
13,0.2956262528896332,0.5317752957344055,-0.037974148988723755
14,0.3653186559677124,0.5368557572364807,-0.0504271425306797
15,0.34721672534942627,0.5547484159469604,-0.03706929832696915
16,0.323876291513443,0.5572924613952637,-0.025111200287938118
17,0.2955344319343567,0.5801687240600586,-0.046944089233875275
18,0.3591989576816559,0.5829893350601196,-0.058323945850133896
19,0.39355719089508057,0.5935116410255432,-0.05597461760044098
20,0.42265769839286804,0.5974591374397278,-0.05185500904917717