0,0.08502992987632751,0.7734694480895996,8.0774489319424e-09
1,0.1179831475019455,0.7130872011184692,0.007581100799143314
2,0.16578508913516998,0.6938186883926392,0.009897243231534958
3,0.20782554149627686,0.6918643116950989,0.01284189522266388
4,0.23633049428462982,0.6988044381141663,0.01710539497435093
5,0.18225613236427307,0.6887072920799255,-0.015767263248562813
6,0.2380024641752243,0.6720470786094666,-0.0237045269459486
7,0.2667587995529175,0.6629061102867126,-0.021060124039649963
8,0.2861593961715698,0.659528374671936,-0.018094616010785103
9,0.18951727449893951,0.7311550974845886,-0.021031120792031288
10,0.2637709975242615,0.7226202487945557,-0.03459920734167099
11,0.2591228187084198,0.7247260212898254,-0.028715243563055992
12,0.244289368391037,0.7296770215034485,-0.01980583183467388
13,0.19168031215667725,0.7740980386734009,-0.024562135338783264
14,0.25910094380378723,0.7662581205368042,-0.0361972451210022
15,0.2544165849685669,0.7595533728599548,-0.029153989627957344
16,0.2412903904914856,0.7562018632888794,-0.020795369520783424
17,0.18839207291603088,0.8089116215705872,-0.026794621720910072
18,0.23556365072727203,0.8319094181060791,-0.04200122877955437
19,0.26476868987083435,0.8476573824882507,-0.049011778086423874
20,0.28973451256752014,0.8604393005371094,-0.050878774374723434