0,0.2795916199684143,0.5906305909156799,-1.0323719834559597e-07
1,0.29402562975883484,0.5154631733894348,0.010169344954192638
2,0.27759024500846863,0.4593892991542816,0.01090835127979517
3,0.24409633874893188,0.43470636010169983,0.008686241693794727
4,0.21232734620571136,0.43323585391044617,0.004703490529209375
5,0.2637450098991394,0.4019506573677063,-0.00499024847522378
6,0.2435222566127777,0.3249232769012451,-0.008498938754200935
7,0.22919556498527527,0.27680397033691406,-0.0100655946880579
8,0.21652618050575256,0.24067892134189606,-0.012863553129136562
9,0.23380780220031738,0.4127339720726013,-0.013394782319664955
10,0.1977091133594513,0.3852297067642212,-0.0174175426363945
11,0.20322808623313904,0.4174305200576782,-0.015199712477624416
12,0.21484071016311646,0.43447643518447876,-0.014901513233780861
13,0.20710062980651855,0.4410146176815033,-0.019854621961712837
14,0.17414017021656036,0.4169961214065552,-0.025196006521582603
15,0.18242403864860535,0.4419954717159271,-0.020904021337628365
16,0.1953265219926834,0.4594355821609497,-0.01937590166926384
17,0.18124604225158691,0.476289838552475,-0.0248536616563797
18,0.136295348405838,0.4410002529621124,-0.03154650330543518
19,0.10718128830194473,0.4256078600883484,-0.03135199472308159
20,0.08308908343315125,0.40983131527900696,-0.0313231535255909