0,0.6912106275558472,0.5645249485969543,-2.3192512799141696e-07
1,0.6521157622337341,0.4859708547592163,0.02334432303905487
2,0.6548281311988831,0.4181113839149475,0.028319066390395164
3,0.6747434735298157,0.37487903237342834,0.029802678152918816
4,0.7043888568878174,0.3601541519165039,0.029119232669472694
5,0.6698542833328247,0.3594679534435272,-0.004437037277966738
6,0.6707074046134949,0.2618500590324402,-0.01131422445178032
7,0.6728490591049194,0.1989007145166397,-0.01741665042936802
8,0.676128089427948,0.15066620707511902,-0.021993234753608704
9,0.7050093412399292,0.36316555738449097,-0.011955846101045609
10,0.7170471549034119,0.33395087718963623,-0.007575133815407753
11,0.7120023369789124,0.36966753005981445,-0.002099819714203477
12,0.7038698792457581,0.3920937478542328,-0.0007194094941951334
13,0.7399985790252686,0.3844164311885834,-0.01538997795432806
14,0.7426272034645081,0.36550620198249817,-0.010984044522047043
15,0.7358739972114563,0.39693424105644226,-0.000838367675896734
16,0.7281174063682556,0.41770264506340027,0.004385223612189293
17,0.7684746980667114,0.4113769829273224,-0.01592426747083664
18,0.7961478233337402,0.3505927324295044,-0.013151727616786957
19,0.811013400554657,0.32254526019096375,-0.004321602173149586
20,0.819870114326477,0.29545146226882935,0.0031733568757772446