0,0.2461986243724823,0.5566098690032959,-1.2264982807153046e-08
1,0.21624350547790527,0.4695613980293274,0.01783156767487526
2,0.21489892899990082,0.3837417960166931,0.016269927844405174
3,0.24169139564037323,0.3382779061794281,0.008764165453612804
4,0.2775241434574127,0.328893780708313,0.00024160287284757942
5,0.20876291394233704,0.3317872881889343,-0.004784260876476765
6,0.21915127336978912,0.23307465016841888,-0.010072513483464718
7,0.21953415870666504,0.17437884211540222,-0.010424003936350346
8,0.21776849031448364,0.12694409489631653,-0.011953605338931084
9,0.23590987920761108,0.3355354070663452,-0.02138633094727993
10,0.29635822772979736,0.2924218773841858,-0.03329341858625412
11,0.30192461609840393,0.3312995433807373,-0.03414475545287132
12,0.2893278896808624,0.3516349792480469,-0.033139683306217194
13,0.271240234375,0.3519860804080963,-0.03479374200105667
14,0.3247227966785431,0.3157629370689392,-0.049247078597545624
15,0.3247745633125305,0.35440242290496826,-0.043667107820510864
16,0.3097359240055084,0.3736119866371155,-0.036529410630464554
17,0.30884119868278503,0.37423139810562134,-0.04599442332983017
18,0.35404258966445923,0.30522578954696655,-0.05291397124528885
19,0.3813643157482147,0.27142852544784546,-0.04699660465121269
20,0.4002518057823181,0.23805469274520874,-0.04034927487373352