0,0.6356948614120483,0.6708081960678101,-1.2204867516629747e-07
1,0.6623042821884155,0.5781668424606323,0.016576649621129036
2,0.6583503484725952,0.495500773191452,0.0124936169013381
3,0.6321779489517212,0.44642874598503113,0.005306911654770374
4,0.6016649007797241,0.427431583404541,-0.004255162086337805
5,0.6596719622612,0.44222715497016907,-0.02657581865787506
6,0.6520634889602661,0.3223053812980652,-0.03993583470582962
7,0.6474420428276062,0.2534155547618866,-0.04405508562922478
8,0.6405687928199768,0.19893154501914978,-0.048485852777957916
9,0.6223610639572144,0.45267418026924133,-0.041201382875442505
10,0.6005014777183533,0.36626967787742615,-0.05574466288089752
11,0.6030221581459045,0.40594595670700073,-0.049681656062603
12,0.6083338856697083,0.4386584460735321,-0.04564066603779793
13,0.5854721069335938,0.4797293543815613,-0.05230950191617012
14,0.5646669864654541,0.3974856734275818,-0.061854876577854156
15,0.5695489645004272,0.42858120799064636,-0.050546787679195404
16,0.5770577192306519,0.459823876619339,-0.04489079490303993
17,0.5500965714454651,0.5111329555511475,-0.06139495223760605
18,0.5030711889266968,0.44813090562820435,-0.07208572328090668
19,0.47822850942611694,0.41558367013931274,-0.07389495521783829
20,0.459214985370636,0.3842708170413971,-0.07621710002422333