0,0.4727283716201782,0.5542266964912415,-1.0275348927279992e-07
1,0.4951321482658386,0.47424042224884033,0.010256806388497353
2,0.5365544557571411,0.4412837624549866,0.010734428651630878
3,0.5714840292930603,0.4435742199420929,0.009686335921287537
4,0.5949870347976685,0.46349579095840454,0.0075524356216192245
5,0.5852277278900146,0.4128742218017578,-0.013980057090520859
6,0.646989643573761,0.36968111991882324,-0.02112608216702938
7,0.6881081461906433,0.34953856468200684,-0.024103451520204544
8,0.7192477583885193,0.33618485927581787,-0.02647160179913044
9,0.6015123724937439,0.45552241802215576,-0.019359635189175606
10,0.631302535533905,0.4600997567176819,-0.025312935933470726
11,0.6076512336730957,0.47353121638298035,-0.02191305160522461
12,0.5882508754730225,0.47619929909706116,-0.019369738176465034
13,0.605351448059082,0.5064112544059753,-0.02216731384396553
14,0.6203364729881287,0.5116008520126343,-0.030617985874414444
15,0.5968447923660278,0.518703818321228,-0.023965012282133102
16,0.5783718824386597,0.5183927416801453,-0.01789649948477745
17,0.60313880443573,0.5520623326301575,-0.023016808554530144
18,0.653039276599884,0.557793378829956,-0.03320685029029846
19,0.6825694441795349,0.5625197291374207,-0.0314980149269104
20,0.7078111171722412,0.5610889196395874,-0.027459943667054176