0,0.35141628980636597,0.7159140706062317,-6.085718950998853e-08
1,0.31599390506744385,0.6166247725486755,0.014205427840352058
2,0.3225565254688263,0.5302996635437012,0.01055291760712862
3,0.3628672957420349,0.48411718010902405,0.0037826274055987597
4,0.4111325144767761,0.4840374290943146,-0.004002253524959087
5,0.31685298681259155,0.4806707203388214,-0.023619282990694046
6,0.3311251699924469,0.3582676649093628,-0.03319850191473961
7,0.3395066261291504,0.2897260785102844,-0.03129642456769943
8,0.3441307246685028,0.23614352941513062,-0.030467510223388672
9,0.35949304699897766,0.4922332465648651,-0.036404822021722794
10,0.41326284408569336,0.4166649580001831,-0.0522003099322319
11,0.41547727584838867,0.4681569039821625,-0.04358575865626335
12,0.4008833169937134,0.4997466504573822,-0.03448198735713959
13,0.40551337599754333,0.5169318318367004,-0.04590539261698723
14,0.45391568541526794,0.4402610957622528,-0.06357894092798233
15,0.4515988826751709,0.4839158058166504,-0.04978272691369057
16,0.43574973940849304,0.5145934820175171,-0.03629916161298752
17,0.4489600658416748,0.5459468960762024,-0.05305865406990051
18,0.49054622650146484,0.46531373262405396,-0.06845562160015106
19,0.5211854577064514,0.43015557527542114,-0.0656610056757927
20,0.5440062284469604,0.39629676938056946,-0.06018603965640068