0,0.24530166387557983,0.6556723713874817,-1.0808986417032429e-07
1,0.25088784098625183,0.5752845406532288,0.012128032743930817
2,0.23122912645339966,0.5156501531600952,0.010729718953371048
3,0.19830858707427979,0.4971093535423279,0.007077360991388559
4,0.1689465194940567,0.5016737580299377,0.0015521066961809993
5,0.21569880843162537,0.4766276180744171,-0.01618783175945282
6,0.18903332948684692,0.3951946496963501,-0.022560972720384598
7,0.17181150615215302,0.34740227460861206,-0.022667936980724335
8,0.15775057673454285,0.31257906556129456,-0.022859564051032066
9,0.18415240943431854,0.5004504323005676,-0.024814670905470848
10,0.1601479947566986,0.4599238634109497,-0.03164739906787872
11,0.17287856340408325,0.4861847758293152,-0.027584457769989967
12,0.18605753779411316,0.5044562220573425,-0.024902470409870148
13,0.16107448935508728,0.53414386510849,-0.030381105840206146
14,0.13797259330749512,0.4980766475200653,-0.035027939826250076
15,0.15234233438968658,0.5175987482070923,-0.02900499850511551
16,0.1667996048927307,0.5336885452270508,-0.026002662256360054
17,0.1416105180978775,0.5697332620620728,-0.034005459398031235
18,0.09547432512044907,0.5356333255767822,-0.036015983670949936
19,0.06955787539482117,0.5214168429374695,-0.03347296267747879
20,0.04732690751552582,0.5076695084571838,-0.03232187777757645