0,0.8025869727134705,0.7943679094314575,-2.996372359120869e-07
1,0.7860193848609924,0.696745753288269,-0.015757711604237556
2,0.7833787202835083,0.6048576235771179,-0.030321680009365082
3,0.7967783212661743,0.5343886017799377,-0.04201538488268852
4,0.8197112083435059,0.4836735129356384,-0.05223546549677849
5,0.7974053025245667,0.6191161274909973,-0.040601979941129684
6,0.711118221282959,0.6209840178489685,-0.06406902521848679
7,0.7172344326972961,0.6437926888465881,-0.07157259434461594
8,0.7436991930007935,0.6433096528053284,-0.07422437518835068
9,0.8003638982772827,0.6768885850906372,-0.04363570734858513
10,0.7034063339233398,0.6742174029350281,-0.06383612006902695
11,0.7216284275054932,0.6860525608062744,-0.06239275634288788
12,0.7487258315086365,0.6838430762290955,-0.06235911697149277
13,0.7983687520027161,0.7324123978614807,-0.04792670160531998
14,0.7092639207839966,0.7192286252975464,-0.06881126016378403
15,0.7273645401000977,0.7257590889930725,-0.06218023598194122
16,0.7547063827514648,0.7279627323150635,-0.056560736149549484
17,0.7927156686782837,0.7822662591934204,-0.05295773223042488
18,0.72233647108078,0.761081874370575,-0.06828183680772781
19,0.7384042739868164,0.7606118321418762,-0.06616539508104324
20,0.7668898701667786,0.7649295330047607,-0.06256534904241562