0,0.7173168063163757,0.46940967440605164,-2.848551332590432e-07
1,0.7040275931358337,0.3860403895378113,-0.0014240575255826116
2,0.6695393323898315,0.2907834053039551,-0.009873414412140846
3,0.6526915431022644,0.21869811415672302,-0.018453309312462807
4,0.6510187387466431,0.16071201860904694,-0.027714937925338745
5,0.6177169680595398,0.27412208914756775,-0.023208627477288246
6,0.5558205246925354,0.3080947697162628,-0.03762110695242882
7,0.5739197134971619,0.3331599533557892,-0.04625237360596657
8,0.5990011692047119,0.3302876353263855,-0.051367174834012985
9,0.6101923584938049,0.32344117760658264,-0.03092622198164463
10,0.5494900345802307,0.36020055413246155,-0.03840735927224159
11,0.5698530673980713,0.3801386058330536,-0.03688018396496773
12,0.5958141684532166,0.3771883547306061,-0.038030389696359634
13,0.6071187257766724,0.3818608820438385,-0.03829697519540787
14,0.5506089925765991,0.4088502526283264,-0.04665591940283775
15,0.570688784122467,0.42615917325019836,-0.038134846836328506
16,0.5963178277015686,0.42274728417396545,-0.03365423530340195
17,0.6060100793838501,0.4415634572505951,-0.0453522764146328
18,0.5592700242996216,0.45513659715652466,-0.052055809646844864
19,0.5783871412277222,0.4683747887611389,-0.043223727494478226
20,0.6015318632125854,0.4663594961166382,-0.03557116538286209