0,0.6329386830329895,0.5763943791389465,-1.8619259378738207e-07
1,0.6263543367385864,0.5079266428947449,-0.004758391063660383
2,0.595956563949585,0.43874433636665344,-0.011749810539186
3,0.5779971480369568,0.3877165615558624,-0.0179683156311512
4,0.5723453760147095,0.348798006772995,-0.023760171607136726
5,0.5414970517158508,0.42221468687057495,-0.01872902177274227
6,0.4877406060695648,0.4499817490577698,-0.03091331571340561
7,0.5071948766708374,0.468080073595047,-0.03796008229255676
8,0.5304985046386719,0.4658487141132355,-0.04193109646439552
9,0.5326122045516968,0.46882227063179016,-0.0233297236263752
10,0.4777723252773285,0.489027202129364,-0.03067922033369541
11,0.4986248016357422,0.5068358182907104,-0.0303440410643816
12,0.5237409472465515,0.508273720741272,-0.03065437264740467
13,0.5283504724502563,0.5194095373153687,-0.02793462947010994
14,0.47998443245887756,0.5339849591255188,-0.03554737567901611
15,0.49956053495407104,0.5479021668434143,-0.028018658980727196
16,0.5225164890289307,0.5485158562660217,-0.022941479459404945
17,0.5286729335784912,0.5708944201469421,-0.032619986683130264
18,0.4911288917064667,0.5726231336593628,-0.038546372205019
19,0.5087398290634155,0.5836397409439087,-0.030053868889808655
20,0.5285881161689758,0.5849345922470093,-0.022046778351068497