0,0.6780374050140381,0.6404093503952026,-1.5154357413393882e-07
1,0.6697837710380554,0.5529521703720093,-0.005328581668436527
2,0.6364151239395142,0.46114683151245117,-0.01566270738840103
3,0.6218494772911072,0.3882002830505371,-0.02552133798599243
4,0.6198453903198242,0.33094656467437744,-0.03579182177782059
5,0.5838146209716797,0.4697667956352234,-0.02716292440891266
6,0.5231794714927673,0.4895809590816498,-0.04010637477040291
7,0.5437049865722656,0.5080907940864563,-0.04740138724446297
8,0.5703728199005127,0.5045222043991089,-0.05178266391158104
9,0.5733159184455872,0.5281025171279907,-0.03284589573740959
10,0.5137513875961304,0.5368606448173523,-0.04115798696875572
11,0.5382078886032104,0.552669107913971,-0.04007284715771675
12,0.566832959651947,0.5541689395904541,-0.040368929505348206
13,0.5668893456459045,0.5893402695655823,-0.03802691400051117
14,0.5131291151046753,0.5876480340957642,-0.04602999985218048
15,0.5373734831809998,0.599919855594635,-0.036619633436203
16,0.5654962062835693,0.6038222312927246,-0.03074009343981743
17,0.5646300315856934,0.6487473249435425,-0.0432780496776104
18,0.5265034437179565,0.6360165476799011,-0.049610354006290436
19,0.5486804842948914,0.6446250677108765,-0.039780013263225555
20,0.5716625452041626,0.649627685546875,-0.031219176948070526