0,0.7185385823249817,0.33040010929107666,-6.352108812279766e-07
1,0.7195239067077637,0.23496118187904358,-0.009353363886475563
2,0.748054027557373,0.16441947221755981,-0.017525119706988335
3,0.7810021638870239,0.10657063871622086,-0.024766361340880394
4,0.8025821447372437,0.05469241738319397,-0.029978500679135323
5,0.8373480439186096,0.18364545702934265,-0.0075972373597323895
6,0.8400558829307556,0.19625914096832275,-0.010357913561165333
7,0.8142777681350708,0.2106788158416748,-0.017266659066081047
8,0.7958248257637024,0.21764330565929413,-0.024514971300959587
9,0.8542940616607666,0.23549844324588776,-0.009990490972995758
10,0.8454076647758484,0.2453327476978302,-0.004429752007126808
11,0.8222547173500061,0.2537703216075897,-0.008414060808718204
12,0.8044964671134949,0.25894665718078613,-0.016826648265123367
13,0.8555077314376831,0.288364976644516,-0.0122007355093956
14,0.8370944857597351,0.2893749177455902,-0.007589132059365511
15,0.8168718218803406,0.29513099789619446,-0.0047447034157812595
16,0.8003108501434326,0.29794663190841675,-0.008140018209815025
17,0.8489508032798767,0.3362119793891907,-0.01580352894961834
18,0.8310521245002747,0.3370760977268219,-0.012951260432600975
19,0.8119439482688904,0.33774250745773315,-0.00636754184961319
20,0.7970576286315918,0.33684980869293213,-0.003025674493983388