0,0.8399519324302673,0.4320944547653198,-1.9509424475927517e-07
1,0.8179590702056885,0.36461716890335083,-0.008015207946300507
2,0.7854726910591125,0.28101783990859985,-0.02192414551973343
3,0.7701869010925293,0.2161354124546051,-0.03480380401015282
4,0.7744728922843933,0.1574667990207672,-0.047807224094867706
5,0.7637646794319153,0.2687581777572632,-0.037711698561906815
6,0.6867942810058594,0.31600096821784973,-0.05909384414553642
7,0.7058813571929932,0.3391433656215668,-0.0663427859544754
8,0.7313540577888489,0.3282921016216278,-0.06943663209676743
9,0.7692831158638,0.3122386634349823,-0.044643584638834
10,0.6885666847229004,0.3600614070892334,-0.061745818704366684
11,0.7132197618484497,0.3712661564350128,-0.05822982266545296
12,0.7368141412734985,0.36140012741088867,-0.05682937428355217
13,0.7752692699432373,0.3624785244464874,-0.05210709571838379
14,0.7008039355278015,0.3971705734729767,-0.06893855333328247
15,0.7239456176757812,0.4066358208656311,-0.0587746761739254
16,0.7473160028457642,0.39728549122810364,-0.05186038091778755
17,0.7816858291625977,0.4132039248943329,-0.059492044150829315
18,0.7172258496284485,0.4320679306983948,-0.07202579826116562
19,0.7367770075798035,0.4349287152290344,-0.06588978320360184
20,0.7622042298316956,0.4268409311771393,-0.060003042221069336