0,0.8471564650535583,0.6405473947525024,-2.4141496623997227e-07
1,0.8360102772712708,0.5638537406921387,-0.0019314013188704848
2,0.8083864450454712,0.46797236800193787,-0.012487560510635376
3,0.8028259873390198,0.39804840087890625,-0.023280244320631027
4,0.8127862811088562,0.34257107973098755,-0.034837353974580765
5,0.7805724143981934,0.4643169343471527,-0.03224795684218407
6,0.7050172686576843,0.48181313276290894,-0.0490909218788147
7,0.7216402888298035,0.5075453519821167,-0.055328283458948135
8,0.7470296621322632,0.5060005187988281,-0.05830466002225876
9,0.7762762904167175,0.5148663520812988,-0.041377197951078415
10,0.6995677351951599,0.5309170484542847,-0.05283859744668007
11,0.7210996150970459,0.547005832195282,-0.04873733967542648
12,0.7471820116043091,0.5465996265411377,-0.04787126183509827
13,0.7728050947189331,0.5707197785377502,-0.04996620491147041
14,0.7034064531326294,0.5756895542144775,-0.06229161098599434
15,0.7252697348594666,0.5883432626724243,-0.05110272020101547
16,0.750853955745697,0.5888237953186035,-0.04427807405591011
17,0.7691624164581299,0.624524712562561,-0.05797358602285385
18,0.7125874161720276,0.6165310740470886,-0.06707606464624405
19,0.7329713106155396,0.6262975931167603,-0.05726885423064232
20,0.7575017809867859,0.6302526593208313,-0.04930597543716431