0,0.47675269842147827,0.4857867956161499,-4.3009328010157333e-07
1,0.49196094274520874,0.4061046242713928,-0.011207937262952328
2,0.5184757709503174,0.3332498371601105,-0.02456432767212391
3,0.5459756851196289,0.2727733850479126,-0.03565579652786255
4,0.5683014988899231,0.22190459072589874,-0.042838819324970245
5,0.6019140481948853,0.3523719310760498,-0.023298485204577446
6,0.6333451867103577,0.38400986790657043,-0.02656504139304161
7,0.6118715405464172,0.4022965431213379,-0.026763305068016052
8,0.5866007804870605,0.3996962308883667,-0.028678342700004578
9,0.6156805157661438,0.407645046710968,-0.02561173401772976
10,0.6355849504470825,0.4276060163974762,-0.026808112859725952
11,0.6141525506973267,0.440356969833374,-0.02859252691268921
12,0.5910404920578003,0.44195929169654846,-0.03356720134615898
13,0.6174810528755188,0.46356603503227234,-0.026899980381131172
14,0.6351591348648071,0.4728466868400574,-0.03133004531264305
15,0.6165927648544312,0.48299965262413025,-0.026095138862729073
16,0.5944703221321106,0.48379725217819214,-0.024751542136073112
17,0.611193835735321,0.5166652202606201,-0.028320208191871643
18,0.6537284851074219,0.519497811794281,-0.03561054542660713
19,0.6810165047645569,0.5260130763053894,-0.03227532282471657
20,0.7021772861480713,0.5264449715614319,-0.02934502810239792