0,0.546501874923706,0.722626268863678,-1.4781306845179643e-07
1,0.5382471084594727,0.6319882869720459,-0.0018089180812239647
2,0.5153378248214722,0.5585615634918213,-0.010112288407981396
3,0.4991154372692108,0.4946169853210449,-0.01959363743662834
4,0.4932782053947449,0.4481925964355469,-0.02920505590736866
5,0.4461057782173157,0.567360520362854,-0.018744202330708504
6,0.39229118824005127,0.5655653476715088,-0.029339656233787537
7,0.41044342517852783,0.582444965839386,-0.036729902029037476
8,0.43626850843429565,0.5895217657089233,-0.0408627986907959
9,0.4305984675884247,0.624999463558197,-0.02386370860040188
10,0.3864584267139435,0.6187804937362671,-0.027088822796940804
11,0.4072410762310028,0.6304923892021179,-0.026824314147233963
12,0.43249040842056274,0.6362676620483398,-0.028040969744324684
13,0.4245486557483673,0.6825630068778992,-0.028113823384046555
14,0.39541879296302795,0.6718615293502808,-0.027465149760246277
15,0.4138263761997223,0.6787712574005127,-0.0198262520134449
16,0.43644723296165466,0.6843481659889221,-0.01687375269830227
17,0.42577308416366577,0.7347869873046875,-0.032853249460458755
18,0.4100993573665619,0.7215985655784607,-0.03009723871946335
19,0.4283749759197235,0.7257214784622192,-0.020165612921118736
20,0.4459799528121948,0.7301049828529358,-0.012835069559514523