0,0.1701672375202179,0.5754162073135376,-2.212791940792158e-07
1,0.18641117215156555,0.5007389187812805,-0.016185961663722992
2,0.22540169954299927,0.41897645592689514,-0.03222489729523659
3,0.24524742364883423,0.35573166608810425,-0.0462038628757
4,0.24677754938602448,0.2994568645954132,-0.05687297135591507
5,0.2841602563858032,0.4331820607185364,-0.032785654067993164
6,0.349772185087204,0.4854188561439514,-0.0498078353703022
7,0.32991737127304077,0.5011752843856812,-0.05901264771819115
8,0.3012669086456299,0.49326956272125244,-0.06460171192884445
9,0.2873731255531311,0.488773912191391,-0.03644043579697609
10,0.3547957241535187,0.5309005975723267,-0.047543320804834366
11,0.33192336559295654,0.5450275540351868,-0.048001546412706375
12,0.30204111337661743,0.5386890172958374,-0.04903257265686989
13,0.28658339381217957,0.5483359694480896,-0.040693555027246475
14,0.3469010293483734,0.5769836902618408,-0.04766925424337387
15,0.3256050646305084,0.5878806114196777,-0.036679707467556
16,0.29784953594207764,0.5830347537994385,-0.030367236584424973
17,0.2818388342857361,0.6074919700622559,-0.04639609903097153
18,0.3325362503528595,0.6167750954627991,-0.04861457645893097
19,0.31495311856269836,0.6213054060935974,-0.03651364520192146
20,0.2908651828765869,0.6176704168319702,-0.027939744293689728