0,0.23920413851737976,0.6468237638473511,-3.234862333556521e-07
1,0.24462252855300903,0.5397985577583313,-0.010608725249767303
2,0.23107561469078064,0.45093515515327454,-0.02277684584259987
3,0.2124638557434082,0.37667566537857056,-0.033052150160074234
4,0.2014513611793518,0.3201562762260437,-0.04291069880127907
5,0.1174052357673645,0.4544413089752197,-0.028054216876626015
6,0.12283291667699814,0.4466528594493866,-0.03219057247042656
7,0.15548011660575867,0.4684391915798187,-0.03880630061030388
8,0.17392303049564362,0.4864071309566498,-0.045803606510162354
9,0.09065909683704376,0.5156348943710327,-0.02881436236202717
10,0.10866924375295639,0.5034152269363403,-0.02470044605433941
11,0.13890182971954346,0.5214905142784119,-0.0261481124907732
12,0.15463685989379883,0.539570689201355,-0.033026475459337234
13,0.08217918872833252,0.5784834623336792,-0.02780015952885151
14,0.09870726615190506,0.5641713738441467,-0.02495451271533966
15,0.1257387101650238,0.5734047293663025,-0.021336140111088753
16,0.14431644976139069,0.5886854529380798,-0.023814760148525238
17,0.08129192143678665,0.635204017162323,-0.027626650407910347
18,0.09622933715581894,0.619529664516449,-0.02680455707013607
19,0.12247860431671143,0.6247572302818298,-0.019265081733465195
20,0.13920177519321442,0.634981095790863,-0.014081960543990135