0,0.7764642834663391,0.6135461330413818,-2.2756849205052276e-07
1,0.7564722895622253,0.5394769310951233,-0.00622341176494956
2,0.7261460423469543,0.4460889399051666,-0.019259940832853317
3,0.7194855213165283,0.3768947124481201,-0.031516022980213165
4,0.7237190008163452,0.3204636573791504,-0.04475924372673035
5,0.7031764984130859,0.4470101594924927,-0.04189140722155571
6,0.620241105556488,0.4713556468486786,-0.06237521022558212
7,0.6357129812240601,0.4953005313873291,-0.06988415867090225
8,0.6616116762161255,0.4905030131340027,-0.07331473380327225
9,0.7050699591636658,0.49649742245674133,-0.0492989607155323
10,0.6178128123283386,0.5207076668739319,-0.0652925968170166
11,0.639920175075531,0.5361682176589966,-0.06179460883140564
12,0.667641282081604,0.5359241366386414,-0.060794293880462646
13,0.7064937353134155,0.5512244701385498,-0.056383322924375534
14,0.6271142959594727,0.5648868680000305,-0.07183895260095596
15,0.6477920413017273,0.575539231300354,-0.061561860144138336
16,0.6743156909942627,0.5743643641471863,-0.05477612465620041
17,0.7068259119987488,0.6037225127220154,-0.06299867480993271
18,0.6426914930343628,0.6034402847290039,-0.07471940666437149
19,0.6610563397407532,0.6080630421638489,-0.06722328066825867
20,0.687005877494812,0.6073189973831177,-0.060622815042734146