0,0.5722517967224121,0.6679708957672119,-2.291971270551585e-07
1,0.5578184127807617,0.5849244594573975,-0.007262328173965216
2,0.5298868417739868,0.49623534083366394,-0.020537693053483963
3,0.507767915725708,0.4313134551048279,-0.03222603350877762
4,0.49581748247146606,0.3787641227245331,-0.04525791481137276
5,0.51515132188797,0.4841235280036926,-0.05246274545788765
6,0.4174538552761078,0.499454528093338,-0.0779392346739769
7,0.4264265298843384,0.5253839492797852,-0.08599907159805298
8,0.4516889750957489,0.5234081745147705,-0.0887952670454979
9,0.5224400162696838,0.5365814566612244,-0.05973643809556961
10,0.4173116087913513,0.5555718541145325,-0.0815347284078598
11,0.43286392092704773,0.5718140602111816,-0.07880892604589462
12,0.46119818091392517,0.5705981850624084,-0.07798290997743607
13,0.5268420577049255,0.59409099817276,-0.0663878545165062
14,0.43063855171203613,0.6060535907745361,-0.08806026726961136
15,0.44572198390960693,0.6183052659034729,-0.07741295546293259
16,0.47304612398147583,0.6169533133506775,-0.06919674575328827
17,0.5275771617889404,0.6498289108276367,-0.0723533108830452
18,0.4470280408859253,0.6526347398757935,-0.09089751541614532
19,0.45773595571517944,0.6582514047622681,-0.08575201779603958
20,0.48299887776374817,0.655580997467041,-0.07959868758916855