0,0.3721616864204407,0.8316216468811035,-8.464975564947963e-08
1,0.3669520914554596,0.7456935048103333,-0.009696186520159245
2,0.34434568881988525,0.6724376678466797,-0.023694561794400215
3,0.33673763275146484,0.6076034903526306,-0.037328775972127914
4,0.33648985624313354,0.5589427947998047,-0.04982206970453262
5,0.285214364528656,0.6894057989120483,-0.030585797503590584
6,0.2276354432106018,0.6733372211456299,-0.047238536179065704
7,0.25229260325431824,0.6847710609436035,-0.05600625276565552
8,0.2787964642047882,0.6929101943969727,-0.05950748920440674
9,0.2700435519218445,0.7451021671295166,-0.03290640935301781
10,0.21685247123241425,0.7208961248397827,-0.041229408234357834
11,0.24007299542427063,0.7299255132675171,-0.039970044046640396
12,0.2650187909603119,0.7402366399765015,-0.03934348002076149
13,0.260708212852478,0.8001168966293335,-0.03536587208509445
14,0.2166205644607544,0.7688254117965698,-0.03852979466319084
15,0.23712414503097534,0.7759456634521484,-0.028215797618031502
16,0.25965988636016846,0.7874923348426819,-0.0219955425709486
17,0.25707924365997314,0.8473304510116577,-0.038822583854198456
18,0.2224346548318863,0.8154571056365967,-0.0376787967979908
19,0.2396886646747589,0.8191657066345215,-0.025395210832357407
20,0.25777602195739746,0.829694390296936,-0.01625739224255085