0,0.31368690729141235,0.4662647247314453,-3.7945952158224827e-07
1,0.31446608901023865,0.3797439932823181,-0.009712687693536282
2,0.2956230044364929,0.3009687662124634,-0.019920213147997856
3,0.27158987522125244,0.23868891596794128,-0.028571613132953644
4,0.2573867440223694,0.18977899849414825,-0.03716115653514862
5,0.20065546035766602,0.3079040050506592,-0.022993020713329315
6,0.19708122313022614,0.3300955295562744,-0.028281195089221
7,0.22318777441978455,0.34993159770965576,-0.03542371466755867
8,0.24185816943645477,0.3577113747596741,-0.04211917519569397
9,0.17903724312782288,0.3584415316581726,-0.023309340700507164
10,0.18927548825740814,0.37833160161972046,-0.020697470754384995
11,0.21467025578022003,0.39319083094596863,-0.023016221821308136
12,0.23048418760299683,0.39868414402008057,-0.02943602204322815
13,0.17244839668273926,0.412863552570343,-0.022239357233047485
14,0.18211916089057922,0.42607682943344116,-0.02074740082025528
15,0.20504772663116455,0.43166616559028625,-0.018271440640091896
16,0.22275908291339874,0.4349339008331299,-0.020460078492760658
17,0.1714702993631363,0.4659568965435028,-0.022065991535782814
18,0.1805330216884613,0.4709620177745819,-0.022398555651307106
19,0.20344409346580505,0.47137731313705444,-0.016560859978199005
20,0.2191728800535202,0.47314244508743286,-0.011969310231506824