0,0.33606427907943726,0.45256489515304565,-2.758268067282188e-07
1,0.34681999683380127,0.3628091514110565,-0.010124800726771355
2,0.3323080539703369,0.27626195549964905,-0.020038316026329994
3,0.31398290395736694,0.20494505763053894,-0.028654132038354874
4,0.3044271469116211,0.14899592101573944,-0.03770636022090912
5,0.23423555493354797,0.26216834783554077,-0.018902072682976723
6,0.20699447393417358,0.2919197380542755,-0.026540271937847137
7,0.2281544804573059,0.3186400532722473,-0.03633323684334755
8,0.25241392850875854,0.32777100801467896,-0.04415954276919365
9,0.20841942727565765,0.31367748975753784,-0.019595304504036903
10,0.19523032009601593,0.3470742106437683,-0.01994241587817669
11,0.2193743735551834,0.368078351020813,-0.02328517474234104
12,0.2443414330482483,0.37343311309814453,-0.028958898037672043
13,0.19562804698944092,0.37488847970962524,-0.019863175228238106
14,0.18887728452682495,0.4001246690750122,-0.02120605856180191
15,0.2119200974702835,0.4135599732398987,-0.01917099952697754
16,0.23671451210975647,0.4180985689163208,-0.0205485001206398
17,0.19024205207824707,0.43521153926849365,-0.021204212680459023
18,0.1901991218328476,0.4514389634132385,-0.02484051138162613
19,0.21583673357963562,0.45923179388046265,-0.02106531895697117
20,0.23720265924930573,0.4583893120288849,-0.017040368169546127