0,0.8056702017784119,0.6716334223747253,-4.396869428546779e-07
1,0.7881624698638916,0.5855875611305237,-0.028320258483290672
2,0.7953422665596008,0.5057978630065918,-0.044005390256643295
3,0.8107860088348389,0.4420042634010315,-0.05402136966586113
4,0.829192042350769,0.3866428732872009,-0.061843741685152054
5,0.8605176210403442,0.5254620313644409,-0.04813836142420769
6,0.7844534516334534,0.5358107686042786,-0.06501587480306625
7,0.7675180435180664,0.5537309050559998,-0.06771403551101685
8,0.7821826338768005,0.5496375560760498,-0.0697350800037384
9,0.8729828596115112,0.589862585067749,-0.04645875096321106
10,0.7742209434509277,0.5967451930046082,-0.06471428275108337
11,0.7706718444824219,0.6033356189727783,-0.0635812059044838
12,0.7892482876777649,0.5988044142723083,-0.06435749679803848
13,0.8721833229064941,0.6486622095108032,-0.046020716428756714
14,0.7775866389274597,0.6449820399284363,-0.06520189344882965
15,0.7763989567756653,0.6491597890853882,-0.05392267927527428
16,0.7950841784477234,0.6466124057769775,-0.04588128998875618
17,0.8627112507820129,0.699424147605896,-0.048101846128702164
18,0.7952785491943359,0.697827935218811,-0.06453059613704681
19,0.7954348921775818,0.6939064264297485,-0.05956004187464714
20,0.8134878873825073,0.68869948387146,-0.0535428412258625