0,0.44289228320121765,0.5524295568466187,-2.403018299901305e-07
1,0.43497434258461,0.47736358642578125,5.504879300133325e-05
2,0.4054919481277466,0.4095911681652069,-0.005504243075847626
3,0.3664052486419678,0.39404386281967163,-0.011876938864588737
4,0.33438238501548767,0.41458868980407715,-0.018713494762778282
5,0.3410288691520691,0.3890833556652069,-0.014880882576107979
6,0.280717670917511,0.4071194529533386,-0.027833031490445137
7,0.2968089282512665,0.42705440521240234,-0.035908330231904984
8,0.3229818046092987,0.4279640018939972,-0.03969080001115799
9,0.33070921897888184,0.44037866592407227,-0.021929217502474785
10,0.269453763961792,0.4552229046821594,-0.030774610117077827
11,0.2891255021095276,0.47311946749687195,-0.0312882736325264
12,0.31818369030952454,0.4759610891342163,-0.03129735589027405
13,0.32688963413238525,0.49627038836479187,-0.02829466015100479
14,0.2697213590145111,0.5066251158714294,-0.037248846143484116
15,0.2915107309818268,0.5208117961883545,-0.029858939349651337
16,0.3207530975341797,0.5227108597755432,-0.023912817239761353
17,0.3287602961063385,0.5545763373374939,-0.03417991101741791
18,0.2834169864654541,0.5536267161369324,-0.04076814651489258
19,0.3021831214427948,0.561959981918335,-0.03164460510015488
20,0.32711684703826904,0.5638508200645447,-0.022650891914963722