0,0.7723148465156555,0.8370048403739929,-1.449801345643209e-07
1,0.7607852220535278,0.7630287408828735,-0.010428518988192081
2,0.7457704544067383,0.6729903221130371,-0.026222918182611465
3,0.7472699284553528,0.6091846227645874,-0.040242999792099
4,0.7654345035552979,0.5582978129386902,-0.054446130990982056
5,0.7382270097732544,0.6909218430519104,-0.04980431869626045
6,0.6505216956138611,0.6815857887268066,-0.07376732677221298
7,0.6686420440673828,0.7032102942466736,-0.08180314302444458
8,0.6984466314315796,0.7053262591362,-0.08493074029684067
9,0.7329426407814026,0.744626522064209,-0.05594106391072273
10,0.6398813724517822,0.7260348200798035,-0.07569248229265213
11,0.6636533141136169,0.7386865019798279,-0.07252418249845505
12,0.6906152367591858,0.7473649978637695,-0.07141293585300446
13,0.7257938385009766,0.7974979877471924,-0.061908479779958725
14,0.6439985036849976,0.7740755081176758,-0.0803372710943222
15,0.6659548282623291,0.7837409377098083,-0.0693126916885376
16,0.6917270421981812,0.791245698928833,-0.06164192408323288
17,0.7176651954650879,0.8440438508987427,-0.06770835816860199
18,0.6542568206787109,0.8197147846221924,-0.08159678429365158
19,0.6741248369216919,0.8242551684379578,-0.07460411638021469
20,0.6999270915985107,0.8316349983215332,-0.06831400841474533