0,0.8954235911369324,0.4737893342971802,-4.600581462455011e-07
1,0.8833886384963989,0.3508518934249878,-0.008294427767395973
2,0.8783795237541199,0.24712130427360535,-0.017598457634449005
3,0.8869607448577881,0.17516261339187622,-0.02847466990351677
4,0.9078933596611023,0.12460243701934814,-0.03678526356816292
5,0.8524392247200012,0.281134694814682,-0.017671534791588783
6,0.9241082072257996,0.24884654581546783,-0.03967875614762306
7,0.9207662343978882,0.27785277366638184,-0.054409127682447433
8,0.8986876010894775,0.2840080261230469,-0.06615381687879562
9,0.8609979152679443,0.3312491178512573,-0.026641597971320152
10,0.9452258944511414,0.29692649841308594,-0.043484024703502655
11,0.9299420118331909,0.32317808270454407,-0.0476764515042305
12,0.9023938775062561,0.3332720696926117,-0.055299241095781326
13,0.8763102889060974,0.37654659152030945,-0.037824615836143494
14,0.9547778367996216,0.3456706702709198,-0.049506064504384995
15,0.9354873895645142,0.3651127219200134,-0.045081976801157
16,0.9088941812515259,0.3692835867404938,-0.045851368457078934
17,0.8939230442047119,0.4169030487537384,-0.05122097209095955
18,0.9530163407325745,0.39242643117904663,-0.05507943406701088
19,0.9390881657600403,0.40373796224594116,-0.05177481472492218
20,0.9137464761734009,0.4122578203678131,-0.05253070220351219