0,0.7286317348480225,0.6037155389785767,-1.26086945329007e-07
1,0.7140808701515198,0.5161352157592773,-0.004733795300126076
2,0.6777592301368713,0.42022836208343506,-0.01621871255338192
3,0.6643252372741699,0.3421194851398468,-0.02767808735370636
4,0.6656703948974609,0.2770565152168274,-0.03957248479127884
5,0.6261963248252869,0.4289614260196686,-0.02707083709537983
6,0.5614703893661499,0.4499363303184509,-0.04037979617714882
7,0.5868921875953674,0.47069022059440613,-0.047283194959163666
8,0.6180775165557861,0.4684244990348816,-0.051270559430122375
9,0.6187371611595154,0.4875355362892151,-0.03406115993857384
10,0.555109441280365,0.5008512735366821,-0.04123173654079437
11,0.5800982713699341,0.5188368558883667,-0.03978940472006798
12,0.6109299063682556,0.5188561677932739,-0.04035547748208046
13,0.6145737171173096,0.5504530668258667,-0.040512390434741974
14,0.5618977546691895,0.5557494163513184,-0.04689405858516693
15,0.5846354961395264,0.5691102147102356,-0.03711467236280441
16,0.6133494973182678,0.5687423944473267,-0.031621456146240234
17,0.6134322881698608,0.6119136214256287,-0.04704979434609413
18,0.5702178478240967,0.6063072681427002,-0.05133172497153282
19,0.5921859741210938,0.6141706705093384,-0.040081463754177094
20,0.6183984279632568,0.6156738996505737,-0.030810397118330002