0,0.4958014488220215,0.8345178961753845,-5.423626703304762e-07
1,0.5208028554916382,0.7347368001937866,-0.012688512913882732
2,0.5604844093322754,0.6683009266853333,-0.02566693350672722
3,0.6009199619293213,0.6172109842300415,-0.0368780754506588
4,0.6326999068260193,0.5721125602722168,-0.04491334408521652
5,0.6496821641921997,0.7254756689071655,-0.01779692806303501
6,0.668579638004303,0.7135933041572571,-0.021562086418271065
7,0.6419298648834229,0.7168022394180298,-0.025867076590657234
8,0.6185272932052612,0.7237619161605835,-0.030087269842624664
9,0.657119870185852,0.7894536256790161,-0.01796075515449047
10,0.6600123643875122,0.770301878452301,-0.015404542908072472
11,0.6369085311889648,0.768643856048584,-0.017068272456526756
12,0.6136182546615601,0.7753517627716064,-0.02254870906472206
13,0.64854496717453,0.8457160592079163,-0.017699258401989937
14,0.6503476500511169,0.8203912973403931,-0.015269181691110134
15,0.6320694088935852,0.8186967968940735,-0.009632348082959652
16,0.6095064282417297,0.825034499168396,-0.009855302982032299
17,0.6333258152008057,0.8919709920883179,-0.018554484471678734
18,0.6366038918495178,0.8671287298202515,-0.01786911115050316
19,0.6203948855400085,0.8619359731674194,-0.00966489315032959
20,0.6017276644706726,0.8654403686523438,-0.00380951096303761