0,0.6767337918281555,0.6929329037666321,-1.4622146693454852e-07
1,0.6681715250015259,0.5997345447540283,-0.004273805767297745
2,0.6405256390571594,0.5061305165290833,-0.016397984698414803
3,0.6327354311943054,0.43206652998924255,-0.028782673180103302
4,0.6366055011749268,0.3719205856323242,-0.04126470908522606
5,0.5929509997367859,0.5175266265869141,-0.02940012514591217
6,0.5263120532035828,0.5223975777626038,-0.04444585368037224
7,0.548008143901825,0.5394688248634338,-0.05275290831923485
8,0.5772282481193542,0.5406213402748108,-0.05720583721995354
9,0.5813202261924744,0.5783049464225769,-0.03625917434692383
10,0.5173200368881226,0.571999192237854,-0.04564069211483002
11,0.5413810610771179,0.5883855223655701,-0.044380392879247665
12,0.5711628198623657,0.5942350029945374,-0.044497594237327576
13,0.5726349353790283,0.6393312811851501,-0.04240911826491356
14,0.5189570784568787,0.6242268085479736,-0.049228373914957047
15,0.5397332310676575,0.6378768682479858,-0.03818260505795479
16,0.5666065216064453,0.6460043787956238,-0.031517062336206436
17,0.5669411420822144,0.6974160671234131,-0.04878054931759834
18,0.5266424417495728,0.6737930178642273,-0.05182845890522003
19,0.5471924543380737,0.6837748289108276,-0.039066094905138016
20,0.570173442363739,0.6937574148178101,-0.02920435555279255