0,0.9266729950904846,0.5285382270812988,-3.419222025513591e-07
1,0.9060420393943787,0.430052250623703,-0.006740034557878971
2,0.9056326746940613,0.32798466086387634,-0.020344888791441917
3,0.9231233596801758,0.2518773078918457,-0.03457134589552879
4,0.9437222480773926,0.20216166973114014,-0.0472172312438488
5,0.8936378955841064,0.3433133661746979,-0.036826327443122864
6,0.9602211117744446,0.2940365970134735,-0.059411704540252686
7,0.9564944505691528,0.32183533906936646,-0.07035521417856216
8,0.9317232966423035,0.3334987759590149,-0.07861436903476715
9,0.912852942943573,0.3913647532463074,-0.04813766106963158
10,0.9881497025489807,0.33710575103759766,-0.06590040028095245
11,0.9728795289993286,0.3677183985710144,-0.06557299941778183
12,0.9434062242507935,0.38392263650894165,-0.06859368830919266
13,0.9360742568969727,0.43641820549964905,-0.05996963754296303
14,0.9984542727470398,0.38747870922088623,-0.07140586525201797
15,0.9822373390197754,0.4114530384540558,-0.06298503279685974
16,0.9573975801467896,0.42645758390426636,-0.060476455837488174
17,0.9594467282295227,0.47565916180610657,-0.07314251363277435
18,1.0082440376281738,0.44147762656211853,-0.07828782498836517
19,1.0018655061721802,0.451286256313324,-0.07317505776882172
20,0.9862504005432129,0.4623807370662689,-0.07155230641365051