0,0.21410128474235535,0.40761661529541016,-2.973999642108538e-07
1,0.23411989212036133,0.3306887745857239,-0.012644661590456963
2,0.2729756236076355,0.2446003407239914,-0.02655758708715439
3,0.29290059208869934,0.17791113257408142,-0.039596546441316605
4,0.29690030217170715,0.1202269196510315,-0.04952027276158333
5,0.3355610966682434,0.2509041726589203,-0.027197860181331635
6,0.40349119901657104,0.3043791949748993,-0.0448005273938179
7,0.3855047821998596,0.32383957505226135,-0.055641286075115204
8,0.3584868013858795,0.31804126501083374,-0.06317175179719925
9,0.3399171829223633,0.3042632043361664,-0.033220283687114716
10,0.40637558698654175,0.3502730429172516,-0.04406953230500221
11,0.3850433826446533,0.36852318048477173,-0.04551360011100769
12,0.35735973715782166,0.36467161774635315,-0.048319097608327866
13,0.33938875794410706,0.3637741804122925,-0.039975546300411224
14,0.4003031551837921,0.3989078402519226,-0.047642797231674194
15,0.3791346549987793,0.4133276343345642,-0.037230171263217926
16,0.3527740240097046,0.4091983735561371,-0.03198220953345299
17,0.33553653955459595,0.4241214692592621,-0.04805593192577362
18,0.3854278028011322,0.4432212710380554,-0.051422979682683945
19,0.3658965229988098,0.4496355652809143,-0.04055789113044739
20,0.34253737330436707,0.4441695809364319,-0.033195655792951584