0,0.6803911924362183,0.8869449496269226,-4.826178496841749e-07
1,0.6844288110733032,0.7845280170440674,-0.01966935582458973
2,0.7252749800682068,0.7164210677146912,-0.029405172914266586
3,0.7674747705459595,0.6693189144134521,-0.03491410240530968
4,0.7967208027839661,0.626745879650116,-0.03750339150428772
5,0.8193682432174683,0.764445960521698,-0.01374621968716383
6,0.8024163842201233,0.7517384886741638,-0.01118240226060152
7,0.7752940058708191,0.7622393369674683,-0.013332793489098549
8,0.7613058686256409,0.7731290459632874,-0.017975181341171265
9,0.831091046333313,0.8197961449623108,-0.009062349796295166
10,0.8056447505950928,0.8033257126808167,-0.003692550817504525
11,0.7822237014770508,0.8090603351593018,-0.0076256999745965
12,0.7654047608375549,0.8199945688247681,-0.014635068364441395
13,0.8248835206031799,0.8699408769607544,-0.004291119519621134
14,0.8026567101478577,0.8488245010375977,-0.0018972009420394897
15,0.7839227318763733,0.8520355224609375,-0.0017585278255864978
16,0.7687424421310425,0.8601985573768616,-0.005111662670969963
17,0.81083744764328,0.912761926651001,-0.0012394075747579336
18,0.795452356338501,0.8931666016578674,-0.0012561484472826123
19,0.7790911197662354,0.8917564749717712,0.0024339635856449604
20,0.7665894031524658,0.8953759670257568,0.005004918202757835