0,0.27687814831733704,0.6329195499420166,-2.953335922484257e-07
1,0.29344451427459717,0.5538977980613708,-0.01556694507598877
2,0.3343657851219177,0.46478787064552307,-0.03207001835107803
3,0.3558611571788788,0.39767026901245117,-0.04710081219673157
4,0.36047104001045227,0.33908799290657043,-0.058599624782800674
5,0.3975163698196411,0.48517537117004395,-0.032051652669906616
6,0.46663931012153625,0.5333960652351379,-0.05246986448764801
7,0.4404103755950928,0.5465347766876221,-0.06409774720668793
8,0.40881800651550293,0.5383550524711609,-0.070771224796772
9,0.3994857668876648,0.5447123050689697,-0.037258245050907135
10,0.4703459143638611,0.5812168121337891,-0.05081590265035629
11,0.44058579206466675,0.5916973948478699,-0.0514194555580616
12,0.4082235097885132,0.5838637948036194,-0.05208215117454529
13,0.39736422896385193,0.6064452528953552,-0.043546512722969055
14,0.459886372089386,0.6315529942512512,-0.05192595347762108
15,0.4325609803199768,0.6388101577758789,-0.03956703841686249
16,0.4025607407093048,0.6321861743927002,-0.03222186118364334
17,0.3916868269443512,0.666994571685791,-0.0513453483581543
18,0.4441111385822296,0.6741461157798767,-0.054053857922554016
19,0.42148447036743164,0.6767051219940186,-0.0407789908349514
20,0.39615851640701294,0.6719824075698853,-0.031390897929668427