0,0.24537639319896698,0.5067327618598938,-3.1925304710966884e-07
1,0.27193939685821533,0.42608746886253357,-0.01348239928483963
2,0.31538644433021545,0.3376152515411377,-0.028010405600070953
3,0.3382641077041626,0.26875901222229004,-0.040734339505434036
4,0.3434329628944397,0.20990464091300964,-0.05043111741542816
5,0.3791201412677765,0.35906660556793213,-0.0321439728140831
6,0.44163864850997925,0.4121263027191162,-0.048405490815639496
7,0.4232693612575531,0.4300159215927124,-0.05764991417527199
8,0.39705732464790344,0.4222429096698761,-0.06407827138900757
9,0.38184165954589844,0.4191591143608093,-0.03696795552968979
10,0.4461999535560608,0.4650470018386841,-0.047219447791576385
11,0.4215686023235321,0.47812893986701965,-0.04776158183813095
12,0.3914632201194763,0.47052955627441406,-0.049874965101480484
13,0.3792608678340912,0.48185116052627563,-0.041820719838142395
14,0.4358789622783661,0.5158783793449402,-0.04788980260491371
15,0.41147688031196594,0.5230480432510376,-0.03673453629016876
16,0.38196301460266113,0.514976441860199,-0.03124522790312767
17,0.37236303091049194,0.5421679019927979,-0.04785450920462608
18,0.4166131615638733,0.5570325255393982,-0.048742957413196564
19,0.3953547477722168,0.5577266216278076,-0.03614732623100281
20,0.37093034386634827,0.5496231317520142,-0.027827264741063118