0,0.6900634169578552,0.6623135805130005,-1.1706524105647986e-07
1,0.6779641509056091,0.5791963934898376,-0.005014043301343918
2,0.6450534462928772,0.49298349022865295,-0.015772871673107147
3,0.6342175006866455,0.4211750626564026,-0.02678467333316803
4,0.6384752988815308,0.362278014421463,-0.03827572241425514
5,0.5933489203453064,0.49666884541511536,-0.02227383479475975
6,0.5325053334236145,0.5190758109092712,-0.036026932299137115
7,0.5542393922805786,0.5371387004852295,-0.045445118099451065
8,0.5810524225234985,0.5341810584068298,-0.05110422149300575
9,0.5832625031471252,0.5513312816619873,-0.02824847772717476
10,0.5237919092178345,0.5656210780143738,-0.035935185849666595
11,0.5466362237930298,0.5826392769813538,-0.036022793501615524
12,0.5738580822944641,0.5827999711036682,-0.03721759840846062
13,0.5775650143623352,0.6092641949653625,-0.03408757969737053
14,0.5270657539367676,0.6133695840835571,-0.04080573096871376
15,0.547973096370697,0.6271251440048218,-0.03236110508441925
16,0.5736183524131775,0.628878116607666,-0.027263948693871498
17,0.5759019255638123,0.6653974056243896,-0.040216878056526184
18,0.5375019907951355,0.6572741270065308,-0.04422885179519653
19,0.5582678318023682,0.668220579624176,-0.03363543376326561
20,0.5811311602592468,0.6730859279632568,-0.02476946823298931