0,0.4825628399848938,0.736129879951477,-5.580084234679816e-07
1,0.5045544505119324,0.6483845710754395,-0.01144730020314455
2,0.5389951467514038,0.5780945420265198,-0.025701269507408142
3,0.5755298733711243,0.5203443765640259,-0.03768002241849899
4,0.5986114144325256,0.468809574842453,-0.04662388190627098
5,0.6256318092346191,0.6129541397094727,-0.02528039924800396
6,0.6485884785652161,0.644769012928009,-0.02786698006093502
7,0.6233795285224915,0.6555054187774658,-0.028812101110816002
8,0.6010160446166992,0.649491012096405,-0.031481049954891205
9,0.6361253261566162,0.677192747592926,-0.026830090209841728
10,0.6466758847236633,0.6957136392593384,-0.02223532646894455
11,0.6215445399284363,0.7002719640731812,-0.019618980586528778
12,0.5957242250442505,0.6963859796524048,-0.023218883201479912
13,0.6341915726661682,0.7361283302307129,-0.02730979025363922
14,0.6411280035972595,0.7419463992118835,-0.022296594455838203
15,0.6209939122200012,0.7452477216720581,-0.01290228683501482
16,0.5959509015083313,0.7426116466522217,-0.012004830874502659
17,0.6257103085517883,0.786361038684845,-0.02896048314869404
18,0.6341184377670288,0.7837815284729004,-0.026549192145466805
19,0.6143890619277954,0.7841049432754517,-0.016435906291007996
20,0.5928743481636047,0.7810503840446472,-0.010238894261419773