0,0.31388378143310547,0.6214578747749329,-3.161433141940506e-07
1,0.31482943892478943,0.5194498300552368,-0.014209120534360409
2,0.2945573031902313,0.43183350563049316,-0.027206171303987503
3,0.2686244249343872,0.3571254014968872,-0.038092684000730515
4,0.2520471513271332,0.296705424785614,-0.04886779561638832
5,0.1854904145002365,0.4421561658382416,-0.029089348390698433
6,0.19612444937229156,0.4460827708244324,-0.03650493547320366
7,0.2278682440519333,0.4659435451030731,-0.04606339707970619
8,0.24789603054523468,0.48059847950935364,-0.05508314445614815
9,0.16247904300689697,0.5054143071174622,-0.029050223529338837
10,0.18174046277999878,0.506662905216217,-0.029337797313928604
11,0.21280956268310547,0.5204024314880371,-0.03397738188505173
12,0.23098409175872803,0.5351716876029968,-0.04252857714891434
13,0.1568828821182251,0.5698376297950745,-0.02795513905584812
14,0.1768180876970291,0.5695355534553528,-0.029701823368668556
15,0.20419181883335114,0.5731388330459595,-0.02924926206469536
16,0.22380231320858002,0.5834590792655945,-0.032962165772914886
17,0.15826967358589172,0.6283577084541321,-0.02804184891283512
18,0.17742416262626648,0.6237643957138062,-0.031377218663692474
19,0.2045709788799286,0.6224377751350403,-0.027549488469958305
20,0.22251902520656586,0.6270976662635803,-0.024578556418418884