0,0.49408772587776184,0.5356553196907043,-2.1174207631702302e-07
1,0.49062928557395935,0.443114697933197,-0.005237167701125145
2,0.47264358401298523,0.3616009056568146,-0.014933559112250805
3,0.4544973373413086,0.2912861406803131,-0.024824677035212517
4,0.4434470236301422,0.23557594418525696,-0.035399820655584335
5,0.38648709654808044,0.37033790349960327,-0.018120866268873215
6,0.35054120421409607,0.38993534445762634,-0.024541061371564865
7,0.3684873878955841,0.41041189432144165,-0.031459614634513855
8,0.39113590121269226,0.4146260917186737,-0.03684813156723976
9,0.36877328157424927,0.4282003939151764,-0.021964743733406067
10,0.34448879957199097,0.4410683214664459,-0.021226201206445694
11,0.36459505558013916,0.4574222266674042,-0.02240472473204136
12,0.3888160288333893,0.46192094683647156,-0.02676556073129177
13,0.36366286873817444,0.4883606433868408,-0.024780210107564926
14,0.34839004278182983,0.49360617995262146,-0.023949971422553062
15,0.3669414222240448,0.5049841403961182,-0.019352903589606285
16,0.39025816321372986,0.5087912082672119,-0.019472207874059677
17,0.36484307050704956,0.5422159433364868,-0.028279315680265427
18,0.35575374960899353,0.5401822328567505,-0.027209673076868057
19,0.37549176812171936,0.5481648445129395,-0.019192976877093315
20,0.3944113552570343,0.5505029559135437,-0.013292993418872356