0,0.34059152007102966,0.7926772236824036,-3.3368263530064723e-07
1,0.34201472997665405,0.6859112977981567,-0.011850629933178425
2,0.32155096530914307,0.5966131687164307,-0.02483864687383175
3,0.29323628544807434,0.5212182998657227,-0.03603493422269821
4,0.27759599685668945,0.46090462803840637,-0.04676058143377304
5,0.2074388563632965,0.6128767132759094,-0.026308391243219376
6,0.20583388209342957,0.6151663661003113,-0.030517704784870148
7,0.23665720224380493,0.6352977156639099,-0.03759095072746277
8,0.2573285698890686,0.6499087810516357,-0.044957563281059265
9,0.18232281506061554,0.6756234765052795,-0.026763038709759712
10,0.19238243997097015,0.6702085733413696,-0.021799499168992043
11,0.2221830040216446,0.6854396462440491,-0.02410144917666912
12,0.24037452042102814,0.7011442184448242,-0.031927600502967834
13,0.17626073956489563,0.7396542429924011,-0.025644993409514427
14,0.1878432184457779,0.7310669422149658,-0.02177494205534458
15,0.2145390510559082,0.7383221983909607,-0.01869800314307213
16,0.2352801412343979,0.7511018514633179,-0.021783392876386642
17,0.17783373594284058,0.7990480661392212,-0.02556699700653553
18,0.18811218440532684,0.788063108921051,-0.02312544547021389
19,0.21363294124603271,0.788906455039978,-0.015475809574127197
20,0.23194554448127747,0.7974013090133667,-0.01049676164984703