0,0.432005912065506,0.7627484202384949,-5.108724394631281e-07
1,0.4516753852367401,0.6694355607032776,-0.005358455702662468
2,0.4843043088912964,0.5958096981048584,-0.018333017826080322
3,0.5146684646606445,0.5298874378204346,-0.030223483219742775
4,0.5296592712402344,0.4735071063041687,-0.03903542086482048
5,0.5703659057617188,0.6252846717834473,-0.022505946457386017
6,0.6085060834884644,0.6389397978782654,-0.02247595600783825
7,0.5859432220458984,0.6527670621871948,-0.01920357532799244
8,0.5605465173721313,0.6528541445732117,-0.01808803156018257
9,0.5832201838493347,0.6898899078369141,-0.025426751002669334
10,0.60531085729599,0.696957528591156,-0.016790881752967834
11,0.5811096429824829,0.7030656933784485,-0.009980373084545135
12,0.5543175339698792,0.7037242650985718,-0.01078258641064167
13,0.5827539563179016,0.7503411769866943,-0.026577327400445938
14,0.5981637239456177,0.7484739422798157,-0.016108689829707146
15,0.5800603032112122,0.7531601190567017,-0.004161362070590258
16,0.5542313456535339,0.7546722888946533,-0.002701181685552001
17,0.5752756595611572,0.8025673031806946,-0.028334883973002434
18,0.58865886926651,0.794061541557312,-0.020606471225619316
19,0.5714715719223022,0.7945360541343689,-0.008120162412524223
20,0.5509079694747925,0.7953100204467773,-0.0010335711995139718