0,0.7689850330352783,0.8322653770446777,-1.0120547244696354e-07
1,0.7516590356826782,0.754493236541748,-0.01670747436583042
2,0.7413462400436401,0.6682455539703369,-0.03594064712524414
3,0.7467259764671326,0.6051544547080994,-0.05143425613641739
4,0.7660608887672424,0.5563274621963501,-0.06643038243055344
5,0.7371737957000732,0.6800228953361511,-0.06261888891458511
6,0.6482930183410645,0.6731383204460144,-0.08805591613054276
7,0.6604234576225281,0.697842001914978,-0.09288281947374344
8,0.6900396347045898,0.7009834051132202,-0.09365414828062057
9,0.7385258078575134,0.734449565410614,-0.065955750644207
10,0.6424118876457214,0.7240051627159119,-0.08587765693664551
11,0.664223849773407,0.740065336227417,-0.07859931141138077
12,0.6900925636291504,0.7429705858230591,-0.07481429725885391
13,0.7346169352531433,0.7903926968574524,-0.0693102777004242
14,0.6496493816375732,0.776242196559906,-0.08909358084201813
15,0.6697630286216736,0.7836785912513733,-0.07666918635368347
16,0.6960262060165405,0.7842686772346497,-0.06825003027915955
17,0.7294710278511047,0.841448187828064,-0.072732113301754
18,0.6602761149406433,0.8186880350112915,-0.08829929679632187
19,0.6772825121879578,0.8196597099304199,-0.08144541829824448
20,0.7039316892623901,0.8232758045196533,-0.07492729276418686