0,0.3913618326187134,0.5195317268371582,-1.9385167604468734e-07
1,0.39119911193847656,0.4177605211734772,-0.007547821383923292
2,0.36600714921951294,0.32561585307121277,-0.016966236755251884
3,0.34078463912010193,0.2500065565109253,-0.026007717475295067
4,0.32707858085632324,0.18867464363574982,-0.035555168986320496
5,0.2638760805130005,0.3331204652786255,-0.012152302078902721
6,0.2550584077835083,0.3488953411579132,-0.016056807711720467
7,0.2818029522895813,0.37110304832458496,-0.02418503910303116
8,0.30502182245254517,0.38286617398262024,-0.03170115500688553
9,0.24149346351623535,0.3949199914932251,-0.014842536300420761
10,0.24309931695461273,0.4061676859855652,-0.011298062279820442
11,0.27018946409225464,0.42296791076660156,-0.01518160942941904
12,0.2936629354953766,0.4340590834617615,-0.022433003410696983
13,0.23534533381462097,0.4614964425563812,-0.016906768083572388
14,0.23773980140686035,0.4650920033454895,-0.015280728228390217
15,0.2619069814682007,0.4753378629684448,-0.01372447982430458
16,0.2858544588088989,0.48346829414367676,-0.016271987929940224
17,0.23688438534736633,0.5228169560432434,-0.019753696396946907
18,0.24055805802345276,0.522607147693634,-0.01991748996078968
19,0.2647324204444885,0.5269858837127686,-0.01398269273340702
20,0.284088671207428,0.5298688411712646,-0.009161305613815784