0,0.6583988666534424,0.59382164478302,-7.605840437463485e-07
1,0.67108553647995,0.4973806142807007,-0.011021742597222328
2,0.7108805179595947,0.4302678406238556,-0.02016284689307213
3,0.7538890838623047,0.3766140937805176,-0.027028225362300873
4,0.7802311182022095,0.3267146348953247,-0.03131946548819542
5,0.8048079609870911,0.4731987714767456,-0.017333203926682472
6,0.7989518046379089,0.4885314702987671,-0.01618696190416813
7,0.7696273922920227,0.49781134724617004,-0.016523275524377823
8,0.7483246326446533,0.501211404800415,-0.019544750452041626
9,0.816548228263855,0.5336836576461792,-0.0178143922239542
10,0.7954275608062744,0.5440284609794617,-0.009126505814492702
11,0.7678790092468262,0.547901451587677,-0.00919497013092041
12,0.7473940849304199,0.5498784780502319,-0.01611301302909851
13,0.8110663294792175,0.5916411280632019,-0.017137374728918076
14,0.7887911200523376,0.5901886820793152,-0.011953887529671192
15,0.7668007016181946,0.5915802717208862,-0.008794169872999191
16,0.7467541098594666,0.5913119912147522,-0.012600984424352646
17,0.797049880027771,0.6419863700866699,-0.017386069521307945
18,0.7793289422988892,0.6413412094116211,-0.016107559204101562
19,0.7596268653869629,0.6369543671607971,-0.010857353918254375
20,0.7422710061073303,0.6317309737205505,-0.008317636325955391