0,0.7053963541984558,0.5709124207496643,-1.6640987610117008e-07
1,0.6951179504394531,0.48094499111175537,-0.006120277568697929
2,0.6608784794807434,0.3805912137031555,-0.018286380916833878
3,0.6475763320922852,0.30108821392059326,-0.02976778708398342
4,0.648505687713623,0.23630857467651367,-0.04148188978433609
5,0.6113051772117615,0.38536012172698975,-0.03304120898246765
6,0.5434767603874207,0.4077293872833252,-0.04753752052783966
7,0.5686593055725098,0.430680513381958,-0.05369570851325989
8,0.5984414219856262,0.42812779545783997,-0.05715017393231392
9,0.6015429496765137,0.4443579316139221,-0.040059544146060944
10,0.533708393573761,0.459896445274353,-0.04900576174259186
11,0.5612237453460693,0.47882720828056335,-0.04578358680009842
12,0.5911030173301697,0.47761258482933044,-0.04511991888284683
13,0.595920979976654,0.5078799724578857,-0.046608030796051025
14,0.5346900820732117,0.5119509100914001,-0.05556219071149826
15,0.561203122138977,0.5264424681663513,-0.04350746050477028
16,0.5904343128204346,0.5271551012992859,-0.03619470074772835
17,0.5940096378326416,0.5707418322563171,-0.05320555344223976
18,0.546614944934845,0.5634170770645142,-0.060380641371011734
19,0.5701144933700562,0.5732777118682861,-0.04890378192067146
20,0.5951927304267883,0.5761916637420654,-0.03924262896180153