0,0.4542289972305298,0.7737771272659302,-7.083732356250039e-08
1,0.455731600522995,0.6802226901054382,-0.0030375486239790916
2,0.4446190595626831,0.6035140156745911,-0.013063305988907814
3,0.4359835386276245,0.5373350381851196,-0.023747580125927925
4,0.4305984079837799,0.4903109073638916,-0.03379291296005249
5,0.3605394661426544,0.6104061007499695,-0.017223050817847252
6,0.30191338062286377,0.5965181589126587,-0.025073904544115067
7,0.3165684640407562,0.608416736125946,-0.030197836458683014
8,0.3407646715641022,0.6178025603294373,-0.03246709704399109
9,0.3383910059928894,0.6668039560317993,-0.02000456675887108
10,0.2909674048423767,0.647925615310669,-0.01823744922876358
11,0.30748823285102844,0.656843364238739,-0.016839120537042618
12,0.33066824078559875,0.6674898862838745,-0.018749212846159935
13,0.3263499140739441,0.7251255512237549,-0.0218857042491436
14,0.2883990705013275,0.700918436050415,-0.017133653163909912
15,0.30479896068573,0.7070514559745789,-0.008515403605997562
16,0.3272249102592468,0.719093918800354,-0.006085950415581465
17,0.3226114511489868,0.7786734104156494,-0.02411818876862526
18,0.29350125789642334,0.7528392672538757,-0.018727848306298256
19,0.30962371826171875,0.7553665637969971,-0.006720795761793852
20,0.3280203938484192,0.7644078135490417,0.0015386792365461588