0,0.8008090853691101,0.8431209921836853,-6.439717026296421e-08
1,0.7888864278793335,0.7506033182144165,-0.004445688333362341
2,0.7573062777519226,0.6622546911239624,-0.020014571025967598
3,0.7527868151664734,0.5890655517578125,-0.03534454479813576
4,0.7639520168304443,0.5299553275108337,-0.051301587373018265
5,0.7208220958709717,0.6883031725883484,-0.04953409731388092
6,0.6448740363121033,0.682323694229126,-0.06672632694244385
7,0.6700479984283447,0.6958216428756714,-0.07131781429052353
8,0.7005170583724976,0.6992838978767395,-0.07255372405052185
9,0.7126325368881226,0.7537669539451599,-0.05744853988289833
10,0.6351240277290344,0.7343485355377197,-0.0697266012430191
11,0.6634325385093689,0.7459583282470703,-0.0646548867225647
12,0.6953806281089783,0.7529454231262207,-0.06226622313261032
13,0.7071144580841064,0.8159725666046143,-0.06329527497291565
14,0.6378135681152344,0.7877867221832275,-0.07223915308713913
15,0.6635869741439819,0.7954304814338684,-0.056811753660440445
16,0.6943370699882507,0.8038697838783264,-0.046996694058179855
17,0.7042485475540161,0.8722018599510193,-0.06891533732414246
18,0.6488144397735596,0.8371059894561768,-0.07439690083265305
19,0.6692003011703491,0.840592622756958,-0.05973277613520622
20,0.6951624751091003,0.8525416851043701,-0.04855341464281082