0,0.5389126539230347,0.7323532104492188,-5.509496645572654e-07
1,0.5577973127365112,0.6418138742446899,-0.012816346250474453
2,0.587973415851593,0.5757871270179749,-0.029133647680282593
3,0.6231870651245117,0.5169735550880432,-0.04314010962843895
4,0.6486488580703735,0.4648706912994385,-0.05467861145734787
5,0.6732752323150635,0.6124220490455627,-0.02835259959101677
6,0.6855171918869019,0.644821286201477,-0.025829212740063667
7,0.6621665954589844,0.6566122770309448,-0.02286049723625183
8,0.6426945328712463,0.6524603366851807,-0.023876551538705826
9,0.6850253343582153,0.673649787902832,-0.028556780889630318
10,0.6836864352226257,0.6943170428276062,-0.019137311726808548
11,0.6611213088035583,0.6971057057380676,-0.016281263902783394
12,0.6386790871620178,0.6924065351486206,-0.021651167422533035
13,0.6817669868469238,0.73081374168396,-0.026723364368081093
14,0.6765719056129456,0.7354082465171814,-0.016764363273978233
15,0.6573227047920227,0.737261950969696,-0.008303791284561157
16,0.6351950168609619,0.733888566493988,-0.010121284984052181
17,0.6724616885185242,0.7801262140274048,-0.026197755709290504
18,0.6707068085670471,0.779430091381073,-0.020065397024154663
19,0.65287846326828,0.7780046463012695,-0.010117920115590096
20,0.6331238746643066,0.7734673619270325,-0.0054033915512263775