0,0.55787193775177,0.7623723149299622,-3.5412591614658595e-07
1,0.5582548975944519,0.6508482694625854,0.0011282869381830096
2,0.5398533344268799,0.5528081655502319,-0.005297391675412655
3,0.520257294178009,0.46618378162384033,-0.01221027784049511
4,0.5140984654426575,0.4029271602630615,-0.020596688613295555
5,0.44916653633117676,0.5550572872161865,-0.01936645805835724
6,0.40619638562202454,0.5738371014595032,-0.016052789986133575
7,0.425374299287796,0.5985149145126343,-0.013810829259455204
8,0.44960394501686096,0.6051231026649475,-0.014097759500145912
9,0.42332902550697327,0.618236243724823,-0.02343633770942688
10,0.3999563753604889,0.633216917514801,-0.01300528459250927
11,0.4234575927257538,0.6542028784751892,-0.008655409328639507
12,0.4499061107635498,0.6604271531105042,-0.011109133251011372
13,0.41181761026382446,0.6864972710609436,-0.024345815181732178
14,0.3982531726360321,0.6893582344055176,-0.013104756362736225
15,0.419762521982193,0.7060056328773499,-0.005480012856423855
16,0.4457710385322571,0.7146391272544861,-0.006561083719134331
17,0.4078262746334076,0.7506405711174011,-0.02534063346683979
18,0.40170079469680786,0.7456604242324829,-0.0168539397418499
19,0.42563727498054504,0.7572064399719238,-0.00591156305745244
20,0.44766566157341003,0.7630037069320679,0.000772556581068784