0,0.7110835909843445,0.8662195205688477,-5.0053347422363e-07
1,0.7111526727676392,0.7704219222068787,-0.021286847069859505
2,0.7501476407051086,0.7036581635475159,-0.031166676431894302
3,0.7925606966018677,0.6571897268295288,-0.036901406943798065
4,0.8219625353813171,0.6120437383651733,-0.04004949703812599
5,0.8402804732322693,0.747596025466919,-0.009446674026548862
6,0.8240680694580078,0.7325131893157959,-0.00568931782618165
7,0.7952110171318054,0.7400810718536377,-0.007425438147038221
8,0.7814552783966064,0.7512369751930237,-0.011715657077729702
9,0.8529796600341797,0.8036195039749146,-0.003638874040916562
10,0.8251746296882629,0.7828671932220459,0.004535222891718149
11,0.8026931881904602,0.7894288301467896,0.000647143751848489
12,0.7902950644493103,0.8027527332305908,-0.007033950183540583
13,0.8478389978408813,0.8524792194366455,0.0017497012158855796
14,0.8224230408668518,0.8259986639022827,0.006872382014989853
15,0.8036479353904724,0.8305630683898926,0.006594200152903795
16,0.7923452854156494,0.840763509273529,0.0019221383845433593
17,0.8351038694381714,0.892712414264679,0.005157690495252609
18,0.8167752623558044,0.8704506158828735,0.006562370806932449
19,0.8000011444091797,0.8716040253639221,0.010090646333992481
20,0.7887765765190125,0.8779528141021729,0.012015452608466148