0,0.8101047277450562,0.795680582523346,-1.929762021291026e-07
1,0.8005095720291138,0.7166171073913574,-0.017543869093060493
2,0.8111531734466553,0.6487821340560913,-0.03203551471233368
3,0.8289610147476196,0.5975002646446228,-0.04376611113548279
4,0.846761167049408,0.5511734485626221,-0.05541667342185974
5,0.833068311214447,0.6804234385490417,-0.04165176302194595
6,0.7845962643623352,0.6787033081054688,-0.06094261258840561
7,0.7888237833976746,0.6890504360198975,-0.06914832442998886
8,0.8093279004096985,0.6867315769195557,-0.07408346235752106
9,0.8403184413909912,0.7362807989120483,-0.04435822740197182
10,0.7702815532684326,0.7292495965957642,-0.06267176568508148
11,0.7828602194786072,0.727899432182312,-0.0644197165966034
12,0.8058018684387207,0.7240158319473267,-0.06731320917606354
13,0.8414229154586792,0.7864848375320435,-0.04763152077794075
14,0.7731531858444214,0.7712695002555847,-0.06485549360513687
15,0.7848519086837769,0.7700632214546204,-0.056420329958200455
16,0.8070868849754333,0.769714891910553,-0.050503913313150406
17,0.8398926258087158,0.8286650776863098,-0.05252577364444733
18,0.7892797589302063,0.816104531288147,-0.06576385349035263
19,0.7975212931632996,0.8082613348960876,-0.061595477163791656
20,0.8182325959205627,0.8046017289161682,-0.05722128972411156