0,0.6233261227607727,0.49652230739593506,-6.656857181042142e-07
1,0.6277966499328613,0.4039545953273773,-0.010757461190223694
2,0.6542273163795471,0.3330557942390442,-0.022142495959997177
3,0.6838997602462769,0.2689206004142761,-0.031443800777196884
4,0.7016963362693787,0.214021697640419,-0.038480568677186966
5,0.7466578483581543,0.35005152225494385,-0.018219292163848877
6,0.7422773838043213,0.3703499138355255,-0.01802600920200348
7,0.7180039882659912,0.3884265124797821,-0.01890946924686432
8,0.6996918320655823,0.39327648282051086,-0.022147737443447113
9,0.7642694115638733,0.4051870107650757,-0.018944432958960533
10,0.7521036863327026,0.4221946597099304,-0.011816957034170628
11,0.7267195582389832,0.43347012996673584,-0.012159476056694984
12,0.7067685127258301,0.43738892674446106,-0.01856932044029236
13,0.7664811611175537,0.46300679445266724,-0.01827346906065941
14,0.749986469745636,0.4704863429069519,-0.01326602604240179
15,0.7278861403465271,0.47618529200553894,-0.008617255836725235
16,0.7087913155555725,0.4767273962497711,-0.010999036952853203
17,0.7606698870658875,0.5160805583000183,-0.018563084304332733
18,0.7518458962440491,0.5202574729919434,-0.015599682927131653
19,0.7312328219413757,0.5210714340209961,-0.007966669276356697
20,0.7143958806991577,0.5181482434272766,-0.003956418950110674