0,0.6670091152191162,0.674712061882019,-6.188612360347179e-07
1,0.6669987440109253,0.5791362524032593,-0.02052714116871357
2,0.7026636600494385,0.5090809464454651,-0.03345448523759842
3,0.7422407865524292,0.4536142945289612,-0.04232292249798775
4,0.7645029425621033,0.39925122261047363,-0.04832984879612923
5,0.7993990182876587,0.5427830219268799,-0.021253399550914764
6,0.78485107421875,0.5432723760604858,-0.023605383932590485
7,0.756698727607727,0.5574502348899841,-0.027414880692958832
8,0.739854097366333,0.567455530166626,-0.03247002139687538
9,0.8146170973777771,0.5999568700790405,-0.01816977933049202
10,0.7913447022438049,0.5955479145050049,-0.014834764413535595
11,0.766143262386322,0.604556679725647,-0.017993608489632607
12,0.7484489679336548,0.614487886428833,-0.025238635018467903
13,0.8116098642349243,0.6548543572425842,-0.015002247877418995
14,0.7870937585830688,0.6428593397140503,-0.014159280806779861
15,0.7658094167709351,0.6467682123184204,-0.012170104309916496
16,0.7493958473205566,0.6523702144622803,-0.014959805645048618
17,0.7993350625038147,0.7028353214263916,-0.013666478917002678
18,0.7831324338912964,0.6930252313613892,-0.01490411814302206
19,0.765195906162262,0.6914255023002625,-0.00999992061406374
20,0.7511336803436279,0.6920274496078491,-0.0067898486740887165