0,0.6779370903968811,0.8290950655937195,-4.3256369508526404e-07
1,0.6773426532745361,0.7319850325584412,-0.016864903271198273
2,0.7122011780738831,0.6670184135437012,-0.025681179016828537
3,0.7518041133880615,0.6191321611404419,-0.030824359506368637
4,0.7763698101043701,0.5762276649475098,-0.03386316075921059
5,0.7957354784011841,0.7030130624771118,-0.009535410441458225
6,0.7820461392402649,0.6922976970672607,-0.003301123157143593
7,0.7566075921058655,0.70082688331604,-0.0028502417262643576
8,0.741341233253479,0.7117272615432739,-0.005571239162236452
9,0.8102331161499023,0.7542032599449158,-0.004070118069648743
10,0.7880284786224365,0.7329631447792053,0.006097349803894758
11,0.7676087021827698,0.7380269169807434,0.004132294096052647
12,0.7524230480194092,0.7525649666786194,-0.002371675567701459
13,0.8066624999046326,0.799302339553833,0.0017824521055445075
14,0.7870307564735413,0.7732923626899719,0.009155103005468845
15,0.7697283029556274,0.7776971459388733,0.008817681111395359
16,0.7547464370727539,0.7904186844825745,0.003919490147382021
17,0.7964667677879333,0.8369233012199402,0.006161079742014408
18,0.7824569940567017,0.8142351508140564,0.010605944320559502
19,0.766062319278717,0.8143545985221863,0.014500846154987812
20,0.7522324323654175,0.8221075534820557,0.016039634123444557