0,0.41743120551109314,0.854828953742981,-5.48895506824465e-08
1,0.40295282006263733,0.7702158093452454,0.0005878072115592659
2,0.37028712034225464,0.7142503261566162,-0.006050792522728443
3,0.3432852625846863,0.6920322179794312,-0.012934849597513676
4,0.32308337092399597,0.6905561685562134,-0.019197246059775352
5,0.31958192586898804,0.7326098680496216,-0.02515948936343193
6,0.25501197576522827,0.7217702865600586,-0.039167456328868866
7,0.27649104595184326,0.7329381704330444,-0.04447571560740471
8,0.30720415711402893,0.7392328977584839,-0.04475260153412819
9,0.3117568790912628,0.7907403707504272,-0.02988624759018421
10,0.2523582875728607,0.7746842503547668,-0.03663753718137741
11,0.2736424505710602,0.7806669473648071,-0.03348050266504288
12,0.3008385896682739,0.7857241630554199,-0.03126925975084305
13,0.309574156999588,0.8468881845474243,-0.03333946317434311
14,0.2578287720680237,0.826435387134552,-0.035511914640665054
15,0.27774327993392944,0.8288607001304626,-0.023380881175398827
16,0.30180123448371887,0.8336182236671448,-0.01590626686811447
17,0.31337031722068787,0.8968989253044128,-0.03632742911577225
18,0.27273187041282654,0.8725296258926392,-0.03451395407319069
19,0.28809624910354614,0.8717300295829773,-0.02054496482014656
20,0.30689525604248047,0.8759000897407532,-0.010027233511209488