0,0.5318110585212708,0.482480525970459,-4.62309202475808e-07
1,0.5465837121009827,0.40479445457458496,-0.007792831398546696
2,0.5726909637451172,0.33527880907058716,-0.019872894510626793
3,0.5996301770210266,0.27705562114715576,-0.030877774581313133
4,0.6158114671707153,0.22540828585624695,-0.03851773589849472
5,0.6563515663146973,0.3540623188018799,-0.02157481014728546
6,0.6846297383308411,0.38279664516448975,-0.024751590564846992
7,0.6637207269668579,0.4040698707103729,-0.024548443034291267
8,0.6410660147666931,0.4056651294231415,-0.026590809226036072
9,0.6690324544906616,0.4083540737628937,-0.02591785043478012
10,0.6875567436218262,0.42885053157806396,-0.02545234188437462
11,0.6679443120956421,0.4431147575378418,-0.024913547560572624
12,0.6452692151069641,0.44741079211235046,-0.028885474428534508
13,0.6694256067276001,0.4630599915981293,-0.029268255457282066
14,0.6842719912528992,0.4756843149662018,-0.03063724935054779
15,0.6698979139328003,0.48622655868530273,-0.02433599717915058
16,0.6490628123283386,0.4876277446746826,-0.023675542324781418
17,0.6611394882202148,0.5140191316604614,-0.03305264562368393
18,0.690518856048584,0.528670608997345,-0.0398433543741703
19,0.7039726376533508,0.5408908128738403,-0.03690430894494057
20,0.7110077142715454,0.5444933176040649,-0.03441506624221802