0,0.30677202343940735,0.7022196054458618,-1.9109057802779716e-07
1,0.3097201883792877,0.6115607023239136,-0.01010802574455738
2,0.29203128814697266,0.5382933616638184,-0.019493194296956062
3,0.2679854929447174,0.4789925217628479,-0.027573807165026665
4,0.2513043284416199,0.4325900077819824,-0.03516237437725067
5,0.19909828901290894,0.5551877021789551,-0.015417421236634254
6,0.1912378966808319,0.5521366596221924,-0.019823549315333366
7,0.2166590392589569,0.5661211609840393,-0.0276840440928936
8,0.2360718846321106,0.5765047073364258,-0.034678488969802856
9,0.1795644611120224,0.6093335747718811,-0.015361792407929897
10,0.18085916340351105,0.599376380443573,-0.01219532173126936
11,0.2048499584197998,0.6097707152366638,-0.015157734043896198
12,0.22192932665348053,0.6219013929367065,-0.02167835645377636
13,0.1747439205646515,0.6638120412826538,-0.014884219504892826
14,0.17803426086902618,0.6517932415008545,-0.012786203995347023
15,0.19955644011497498,0.6570226550102234,-0.010629224590957165
16,0.21768072247505188,0.6672192215919495,-0.012793072499334812
17,0.17631645500659943,0.7123414278030396,-0.015341034159064293
18,0.18000830709934235,0.7000330090522766,-0.014136068522930145
19,0.20101770758628845,0.7011321187019348,-0.008124453015625477
20,0.21715374290943146,0.7076810002326965,-0.0039760516956448555