0,0.8390426635742188,0.7181040644645691,-2.8685434472208726e-07
1,0.8345063328742981,0.6472164392471313,-0.029577549546957016
2,0.8440433144569397,0.5724968910217285,-0.044738348573446274
3,0.8622782230377197,0.518144965171814,-0.053738608956336975
4,0.8864358067512512,0.4734746217727661,-0.05943603441119194
5,0.8682335019111633,0.6014285087585449,-0.048715196549892426
6,0.7877493500709534,0.6008265018463135,-0.06961985677480698
7,0.7919343709945679,0.6161898374557495,-0.07613897323608398
8,0.8155024647712708,0.6191065907478333,-0.07931166142225266
9,0.8711756467819214,0.6508495807647705,-0.0446125864982605
10,0.7758228778839111,0.6464909911155701,-0.06254733353853226
11,0.7938718795776367,0.6567983627319336,-0.06277307868003845
12,0.8218675851821899,0.6584372520446777,-0.06445369869470596
13,0.8660149574279785,0.7000030279159546,-0.04270591959357262
14,0.7803270816802979,0.6884657144546509,-0.06183233857154846
15,0.7993542551994324,0.6956210136413574,-0.05612412840127945
16,0.8255277872085571,0.6983417868614197,-0.051337286829948425
17,0.8552712798118591,0.7475515604019165,-0.04351860284805298
18,0.7943891286849976,0.7303674221038818,-0.06134147569537163
19,0.8080094456672668,0.7316754460334778,-0.06233011186122894
20,0.8308408856391907,0.7356113195419312,-0.06070348620414734