0,0.7466436624526978,0.8154065012931824,-1.2981898578345863e-07
1,0.7448283433914185,0.7373012900352478,-0.004188089165836573
2,0.7266396284103394,0.6506927013397217,-0.015256362035870552
3,0.7282665371894836,0.5850979089736938,-0.02661737985908985
4,0.7449091076850891,0.5365346670150757,-0.03838511183857918
5,0.6918667554855347,0.6605468988418579,-0.0298068355768919
6,0.6269359588623047,0.6492021083831787,-0.044713400304317474
7,0.6431397199630737,0.6689016819000244,-0.05151544138789177
8,0.6702966690063477,0.6763203144073486,-0.054572444409132004
9,0.679400622844696,0.7104784250259399,-0.03612641245126724
10,0.6141399145126343,0.691133975982666,-0.04764325171709061
11,0.6334022283554077,0.7103477716445923,-0.046275991946458817
12,0.66187584400177,0.7196643948554993,-0.04515529423952103
13,0.6686005592346191,0.7608933448791504,-0.041740283370018005
14,0.6130154728889465,0.7379631400108337,-0.0505073219537735
15,0.6299262642860413,0.7523598074913025,-0.04048874229192734
16,0.6552029848098755,0.7620978355407715,-0.03329002857208252
17,0.6590141654014587,0.8091182112693787,-0.04745836928486824
18,0.6170284748077393,0.7824671268463135,-0.05208665505051613
19,0.6330186724662781,0.792373776435852,-0.041384730488061905
20,0.6547124981880188,0.8030706644058228,-0.032686926424503326