0,0.4583045244216919,0.5258758068084717,-2.448313409786351e-07
1,0.4489274322986603,0.4335205852985382,-0.004902133252471685
2,0.4233246445655823,0.3448333442211151,-0.013883897103369236
3,0.4002864956855774,0.2743370532989502,-0.022993482649326324
4,0.38646164536476135,0.2166595757007599,-0.0327557735145092
5,0.3342464864253998,0.3534313440322876,-0.01322550605982542
6,0.29946550726890564,0.3902544677257538,-0.019623544067144394
7,0.31997764110565186,0.41403090953826904,-0.027681546285748482
8,0.34452059864997864,0.4153520166873932,-0.03386778384447098
9,0.3189471364021301,0.40986883640289307,-0.017156651243567467
10,0.2952800393104553,0.4426405727863312,-0.01747255027294159
11,0.3185030221939087,0.4588882029056549,-0.02021193318068981
12,0.3441642224788666,0.4573584496974945,-0.025065449997782707
13,0.314936101436615,0.47069668769836426,-0.02030123770236969
14,0.29614347219467163,0.49245351552963257,-0.02100461907684803
15,0.31845614314079285,0.5042483806610107,-0.01682816818356514
16,0.3431781530380249,0.5025704503059387,-0.016604039818048477
17,0.3172287344932556,0.5282831788063049,-0.02399371936917305
18,0.30224940180778503,0.5367991328239441,-0.025042928755283356
19,0.32674649357795715,0.5460516214370728,-0.016717959195375443
20,0.3489210605621338,0.5445021986961365,-0.009645890444517136