0,0.10547143965959549,0.8400955200195312,-3.4532814652266097e-07
1,0.1306350827217102,0.7581038475036621,-0.011328967288136482
2,0.17499421536922455,0.6801425218582153,-0.026057135313749313
3,0.19625233113765717,0.6201534867286682,-0.03851569816470146
4,0.19918322563171387,0.564892053604126,-0.04753230884671211
5,0.21995368599891663,0.7340487837791443,-0.04403369501233101
6,0.30092543363571167,0.7447790503501892,-0.06184220314025879
7,0.270183265209198,0.7458078861236572,-0.06734462082386017
8,0.23445546627044678,0.7413137555122375,-0.06814498454332352
9,0.22372464835643768,0.7996043562889099,-0.04721224680542946
10,0.29992911219596863,0.7980000972747803,-0.053988609462976456
11,0.27219486236572266,0.7924845814704895,-0.04771909862756729
12,0.23945888876914978,0.7910264730453491,-0.044997941702604294
13,0.22080424427986145,0.8573540449142456,-0.04953727871179581
14,0.28757235407829285,0.8482447266578674,-0.050244662910699844
15,0.2645748555660248,0.8419795036315918,-0.033451590687036514
16,0.23506875336170197,0.8425902724266052,-0.02492489479482174
17,0.21415886282920837,0.9065096378326416,-0.052545834332704544
18,0.26992493867874146,0.8929727673530579,-0.04877980798482895
19,0.25101542472839355,0.8854449987411499,-0.031821511685848236
20,0.22648219764232635,0.8856668472290039,-0.021101661026477814