0,0.6806893944740295,0.82750403881073,-3.718438108535338e-07
1,0.677604079246521,0.7302118539810181,-0.017397454008460045
2,0.7105252742767334,0.6638657450675964,-0.026683051139116287
3,0.7514047026634216,0.6148681044578552,-0.032467570155858994
4,0.7767549157142639,0.5708513259887695,-0.0363178625702858
5,0.7976831197738647,0.6998617649078369,-0.005575207527726889
6,0.7900121808052063,0.6900011897087097,0.0027735356707125902
7,0.7651200294494629,0.6971190571784973,0.0039179082959890366
8,0.7487927675247192,0.7071593403816223,0.0015740572707727551
9,0.8123561143875122,0.7514325380325317,0.0010890666162595153
10,0.7952373623847961,0.7304841876029968,0.013892319984734058
11,0.7755396962165833,0.7343905568122864,0.011640201322734356
12,0.7589520812034607,0.7480219602584839,0.004817815497517586
13,0.8086977601051331,0.7958401441574097,0.007993870414793491
14,0.7912725806236267,0.7689035534858704,0.018765795975923538
15,0.7741444110870361,0.7729536294937134,0.017650669440627098
16,0.7581391930580139,0.7845965027809143,0.011730040423572063
17,0.7981663346290588,0.8329544067382812,0.013218029402196407
18,0.7845189571380615,0.810164213180542,0.02046762965619564
19,0.7681827545166016,0.8102989196777344,0.023930726572871208
20,0.7532727122306824,0.8169602751731873,0.02469519153237343