0,0.8215635418891907,0.7342031598091125,-2.7716350814444013e-07
1,0.8145303130149841,0.6578301787376404,-0.027830086648464203
2,0.8230445981025696,0.5799757242202759,-0.044013381004333496
3,0.8405596613883972,0.5205833911895752,-0.05435086414217949
4,0.8654985427856445,0.4756281077861786,-0.06230888143181801
5,0.8495378494262695,0.6029535531997681,-0.052839115262031555
6,0.7670307159423828,0.6018980741500854,-0.07313890010118484
7,0.7660239338874817,0.6198380589485168,-0.07697694003582001
8,0.7885683178901672,0.623111367225647,-0.07817842066287994
9,0.8517971634864807,0.6540758609771729,-0.04986969754099846
10,0.7543826103210449,0.6507561802864075,-0.06743733584880829
11,0.7670191526412964,0.6637583374977112,-0.06516123563051224
12,0.7928355932235718,0.6656100749969482,-0.06519356369972229
13,0.8459214568138123,0.7059614658355713,-0.04861458018422127
14,0.7589702606201172,0.6962735056877136,-0.06729086488485336
15,0.7746226787567139,0.7034959197044373,-0.06039823964238167
16,0.7992449998855591,0.7078015804290771,-0.055346984416246414
17,0.8354674577713013,0.7550947070121765,-0.04945532977581024
18,0.774073600769043,0.736801266670227,-0.06630077958106995
19,0.7867733836174011,0.7370713949203491,-0.0661301240324974
20,0.8091143369674683,0.7415519952774048,-0.06403506547212601