0,0.7084855437278748,0.8154306411743164,-1.3160320122551639e-07
1,0.6953806281089783,0.7327772974967957,-0.00193006859626621
2,0.6651272773742676,0.6577938795089722,-0.01214829832315445
3,0.6536980271339417,0.5972867012023926,-0.02313707396388054
4,0.6526539921760559,0.5498208403587341,-0.034722574055194855
5,0.6259049773216248,0.6797261238098145,-0.030558796599507332
6,0.561753511428833,0.6819707751274109,-0.0455721952021122
7,0.58253413438797,0.6905602812767029,-0.0532396137714386
8,0.609200656414032,0.6893314123153687,-0.056990813463926315
9,0.6200692653656006,0.7362276911735535,-0.038116730749607086
10,0.5566291213035583,0.7261819839477539,-0.04839638993144035
11,0.5795891284942627,0.7346475124359131,-0.047331612557172775
12,0.6078317761421204,0.7379243969917297,-0.04721326753497124
13,0.6175860166549683,0.789676308631897,-0.04455098882317543
14,0.562385618686676,0.7722039222717285,-0.05253779515624046
15,0.5820287466049194,0.7793285846710205,-0.041987113654613495
16,0.6075944304466248,0.7842548489570618,-0.03510257229208946
17,0.6174184083938599,0.8390411734580994,-0.0508594810962677
18,0.5729743838310242,0.8150554299354553,-0.05544457584619522
19,0.5906580686569214,0.8203152418136597,-0.04360799491405487
20,0.6131507158279419,0.828047513961792,-0.034270286560058594