0,0.4918879270553589,0.780179500579834,-9.900274022811573e-08
1,0.48271727561950684,0.674177885055542,-0.008609448559582233
2,0.46059173345565796,0.5921374559402466,-0.020704464986920357
3,0.43762344121932983,0.5177693367004395,-0.03163569048047066
4,0.4241117835044861,0.4604412913322449,-0.0417332649230957
5,0.3671998977661133,0.6294226050376892,-0.02359432354569435
6,0.33574244379997253,0.6125242710113525,-0.028719181194901466
7,0.3653353750705719,0.6181966066360474,-0.03550523892045021
8,0.3892264664173126,0.6242820620536804,-0.04137427732348442
9,0.34867098927497864,0.6946102380752563,-0.024229584261775017
10,0.3305148780345917,0.6637898683547974,-0.018955910578370094
11,0.35569697618484497,0.6666921377182007,-0.018156245350837708
12,0.37720412015914917,0.6776348352432251,-0.023222435265779495
13,0.34529900550842285,0.7544859647750854,-0.023673268035054207
14,0.33037444949150085,0.7157426476478577,-0.017840895801782608
15,0.35085374116897583,0.7183769941329956,-0.01033397763967514
16,0.37231728434562683,0.7301321625709534,-0.010400977917015553
17,0.3482707142829895,0.8031551241874695,-0.023888343945145607
18,0.33416905999183655,0.7633891701698303,-0.01879669353365898
19,0.35421302914619446,0.7637077569961548,-0.007185088004916906
20,0.3732614517211914,0.7731134295463562,0.0001718677522148937