0,0.13282297551631927,0.4461345970630646,-3.5449872370918456e-07
1,0.16074392199516296,0.36539897322654724,-0.016067149117588997
2,0.20847627520561218,0.27472013235092163,-0.035327643156051636
3,0.2286672592163086,0.2026999294757843,-0.051827311515808105
4,0.22778524458408356,0.14158344268798828,-0.06463901698589325
5,0.2581998109817505,0.2980577051639557,-0.052484504878520966
6,0.3424752354621887,0.3529348373413086,-0.07511197775602341
7,0.3129695653915405,0.36701279878616333,-0.08357632905244827
8,0.27764931321144104,0.3509710133075714,-0.0884179025888443
9,0.2558887302875519,0.35795801877975464,-0.05757208913564682
10,0.34139949083328247,0.4025416970252991,-0.0718551054596901
11,0.3087242841720581,0.41070833802223206,-0.0673193484544754
12,0.2724534869194031,0.3991926610469818,-0.06630459427833557
13,0.24949917197227478,0.42190444469451904,-0.06238309293985367
14,0.3279813230037689,0.45399728417396545,-0.07054731994867325
15,0.30027464032173157,0.45796507596969604,-0.05495487153530121
16,0.26650747656822205,0.44884777069091797,-0.04702269658446312
17,0.24154986441135406,0.48435521125793457,-0.0683266893029213
18,0.3055185079574585,0.49705541133880615,-0.07010401785373688
19,0.2840869724750519,0.49657440185546875,-0.056142766028642654
20,0.2549550533294678,0.4889369010925293,-0.04764457792043686