0,0.37722131609916687,0.702802300453186,-4.4275677169025585e-07
1,0.39750033617019653,0.6126923561096191,-0.008369499817490578
2,0.43203485012054443,0.538119375705719,-0.022956425324082375
3,0.4620724618434906,0.474335253238678,-0.03662006929516792
4,0.4747808277606964,0.4154132604598999,-0.047214575111866
5,0.5190067291259766,0.5659244656562805,-0.0208254586905241
6,0.5642197132110596,0.5928475260734558,-0.027234826236963272
7,0.5413039922714233,0.606419026851654,-0.030871542170643806
8,0.5139508247375488,0.6033486723899841,-0.033958714455366135
9,0.5305659174919128,0.6296929717063904,-0.025257961824536324
10,0.5667521953582764,0.6427457928657532,-0.021688571199774742
11,0.5431424975395203,0.6515053510665894,-0.01867293380200863
12,0.5150593519210815,0.651091992855072,-0.02114516869187355
13,0.5306476354598999,0.6913560628890991,-0.02906075119972229
14,0.5598704814910889,0.6930591464042664,-0.023817263543605804
15,0.5393696427345276,0.699757993221283,-0.012177075259387493
16,0.5127668380737305,0.700941264629364,-0.009296576492488384
17,0.5231181979179382,0.7465752363204956,-0.03376208245754242
18,0.549801230430603,0.7392441034317017,-0.029032453894615173
19,0.53012615442276,0.7426212430000305,-0.015512463636696339
20,0.507938027381897,0.7444522380828857,-0.0070028165355324745