0,0.4101908802986145,0.7436408400535583,-4.4046586822332756e-07
1,0.43585366010665894,0.6584045886993408,-0.0056255050003528595
2,0.4723430871963501,0.585354208946228,-0.017674680799245834
3,0.502808690071106,0.5262516736984253,-0.028509192168712616
4,0.5184855461120605,0.4770579934120178,-0.036141347140073776
5,0.5449292659759521,0.6204087138175964,-0.025181956589221954
6,0.587010383605957,0.6459088921546936,-0.02741374261677265
7,0.5681705474853516,0.6598785519599915,-0.023811649531126022
8,0.5434414744377136,0.6561660170555115,-0.02167254500091076
9,0.5516058802604675,0.6844346523284912,-0.0295658428221941
10,0.5869986414909363,0.7001561522483826,-0.025712693110108376
11,0.564967155456543,0.7084737420082092,-0.01899568736553192
12,0.5371305346488953,0.7065238952636719,-0.01800859533250332
13,0.5496342778205872,0.7446772456169128,-0.032428886741399765
14,0.5811625123023987,0.7490520477294922,-0.02706148847937584
15,0.5620537996292114,0.7555263042449951,-0.014243191108107567
16,0.5359971523284912,0.7553536295890808,-0.010048667900264263
17,0.54153972864151,0.7979505062103271,-0.035713065415620804
18,0.5755749940872192,0.7936180830001831,-0.031562257558107376
19,0.5580296516418457,0.7950281500816345,-0.017865967005491257
20,0.5366799831390381,0.7951197624206543,-0.008979611098766327