0,0.32438021898269653,0.8912942409515381,-4.644087994165602e-07
1,0.35274744033813477,0.8012181520462036,-0.007929034531116486
2,0.3927202820777893,0.736801028251648,-0.021186092868447304
3,0.4271990656852722,0.6793466210365295,-0.03387276828289032
4,0.4424557387828827,0.6243799328804016,-0.04359393194317818
5,0.4708821177482605,0.7895486354827881,-0.019913865253329277
6,0.5201064944267273,0.7946581840515137,-0.028409665450453758
7,0.4944140315055847,0.7939918041229248,-0.03238428756594658
8,0.46508243680000305,0.7933628559112549,-0.034282807260751724
9,0.47574570775032043,0.8564567565917969,-0.022197004407644272
10,0.5170049071311951,0.8478896617889404,-0.0217891875654459
11,0.4950236976146698,0.8414533138275146,-0.018454940989613533
12,0.4685775339603424,0.8449490666389465,-0.01940758526325226
13,0.47040390968322754,0.9132144451141357,-0.024265967309474945
14,0.5073027014732361,0.8981202840805054,-0.0220925472676754
15,0.49075931310653687,0.8910886645317078,-0.01144110132008791
16,0.46670517325401306,0.8936989307403564,-0.007781326305121183
17,0.46135973930358887,0.9597598910331726,-0.026919711381196976
18,0.4936951994895935,0.9398971199989319,-0.0236669909209013
19,0.4794885218143463,0.9320100545883179,-0.010975115932524204
20,0.4604065716266632,0.9345779418945312,-0.002547420561313629