0,0.26769906282424927,0.6198955774307251,-2.982755233915668e-07
1,0.2655264735221863,0.5097038745880127,-0.01960182748734951
2,0.24387285113334656,0.4174904227256775,-0.03661644831299782
3,0.2145080268383026,0.34039822220802307,-0.04938594996929169
4,0.19432717561721802,0.2770455479621887,-0.06102556362748146
5,0.12633314728736877,0.4421718716621399,-0.0411703996360302
6,0.13738712668418884,0.43577224016189575,-0.048460137099027634
7,0.17551222443580627,0.45467638969421387,-0.05502239614725113
8,0.197797954082489,0.4738183915615082,-0.06175876408815384
9,0.10479774326086044,0.5092257857322693,-0.0384310819208622
10,0.12607845664024353,0.4940738081932068,-0.03780476003885269
11,0.1606467217206955,0.508695125579834,-0.03976023197174072
12,0.17923688888549805,0.5274454355239868,-0.04729768633842468
13,0.10233302414417267,0.5749137997627258,-0.03431527689099312
14,0.12260913103818893,0.5588866472244263,-0.03537222743034363
15,0.15164878964424133,0.5640851855278015,-0.03253694251179695
16,0.1717189997434616,0.5784328579902649,-0.03566789627075195
17,0.107353575527668,0.6331748962402344,-0.03162475675344467
18,0.12611494958400726,0.615187406539917,-0.0347902737557888
19,0.15494032204151154,0.6147623062133789,-0.029572859406471252
20,0.1731518656015396,0.6223292350769043,-0.026143034920096397