0,0.22940149903297424,0.6002532839775085,-2.0398475442107156e-07
1,0.25135403871536255,0.5254263877868652,-0.0105313491076231
2,0.29206472635269165,0.44381844997406006,-0.021998411044478416
3,0.3170207142829895,0.383349746465683,-0.03211057931184769
4,0.32191282510757446,0.3317270874977112,-0.039339397102594376
5,0.3498516380786896,0.4654301404953003,-0.025047359988093376
6,0.4127103388309479,0.5074405074119568,-0.03834507614374161
7,0.4007093906402588,0.5238061547279358,-0.04500998556613922
8,0.3781348168849945,0.5214550495147705,-0.04861970990896225
9,0.3547529876232147,0.5240784287452698,-0.029061608016490936
10,0.4162578582763672,0.5577328205108643,-0.03522367775440216
11,0.4050142765045166,0.5717868804931641,-0.03501743823289871
12,0.38470974564552307,0.5718525648117065,-0.036046598106622696
13,0.35414305329322815,0.5843374133110046,-0.033345241099596024
14,0.40604066848754883,0.6083130836486816,-0.036442726850509644
15,0.3998579978942871,0.619749903678894,-0.028730276972055435
16,0.3838217854499817,0.6204525828361511,-0.025050031021237373
17,0.3492230176925659,0.641547679901123,-0.0384182408452034
18,0.3882984519004822,0.6520527005195618,-0.037640102207660675
19,0.3817596137523651,0.655722439289093,-0.027278754860162735
20,0.36855360865592957,0.6531006693840027,-0.020011043176054955