0,0.1119665801525116,0.4392361044883728,-2.885482217607205e-07
1,0.1396707147359848,0.3638705313205719,-0.020889826118946075
2,0.19225570559501648,0.279339075088501,-0.04096087068319321
3,0.21425145864486694,0.21369288861751556,-0.05709480866789818
4,0.2161422222852707,0.15342159569263458,-0.0698033943772316
5,0.23037594556808472,0.30734631419181824,-0.06317126750946045
6,0.3191850781440735,0.3606395125389099,-0.08999405801296234
7,0.293372243642807,0.37090805172920227,-0.10002174228429794
8,0.2589726746082306,0.3543638288974762,-0.1057673916220665
9,0.2226552814245224,0.3683883547782898,-0.06806176900863647
10,0.315920352935791,0.4221962094306946,-0.08846532553434372
11,0.2862093448638916,0.4227510690689087,-0.08617827296257019
12,0.24888092279434204,0.4031853675842285,-0.08673547953367233
13,0.21044187247753143,0.43499815464019775,-0.0728941410779953
14,0.2961501181125641,0.4727328419685364,-0.08675287663936615
15,0.2726512551307678,0.47009044885635376,-0.07301749289035797
16,0.24052536487579346,0.4557625651359558,-0.06620699167251587
17,0.1962505280971527,0.49698591232299805,-0.0790344625711441
18,0.2627512812614441,0.5156312584877014,-0.08692361414432526
19,0.24753764271736145,0.5109249949455261,-0.07630373537540436
20,0.22179491817951202,0.5018373131752014,-0.07018295675516129