0,0.6752030849456787,0.7200798392295837,-5.870313657396764e-07
1,0.6712262034416199,0.6240590214729309,-0.01600278913974762
2,0.7007319927215576,0.5504992604255676,-0.02724349871277809
3,0.7370584607124329,0.49237754940986633,-0.03467020392417908
4,0.7593461275100708,0.4415466785430908,-0.039370324462652206
5,0.7971175909042358,0.5757094621658325,-0.018839238211512566
6,0.7853179574012756,0.5787479281425476,-0.01484776847064495
7,0.7597184181213379,0.594829797744751,-0.013762346468865871
8,0.7443826794624329,0.6043787002563477,-0.015974069014191628
9,0.8141215443611145,0.6283437609672546,-0.01558684092015028
10,0.7942317724227905,0.6280385851860046,-0.006172338500618935
11,0.7704991102218628,0.6384391784667969,-0.006305725313723087
12,0.7529710531234741,0.6487821340560913,-0.012313628569245338
13,0.8143139481544495,0.6802167296409607,-0.011236644349992275
14,0.7924912571907043,0.6721885204315186,-0.004464722238481045
15,0.7722737193107605,0.6781983375549316,-0.0015085082268342376
16,0.7548626661300659,0.685540497303009,-0.004766400903463364
17,0.8063411116600037,0.7255357503890991,-0.008240321651101112
18,0.7937008142471313,0.7181040048599243,-0.0046709016896784306
19,0.7759914994239807,0.7195187211036682,0.0015411395579576492
20,0.7605023980140686,0.7224593162536621,0.004843009635806084