0,0.5125088095664978,0.7011908888816833,-5.901003987673903e-07
1,0.5247529149055481,0.6083815097808838,-0.012251006439328194
2,0.5537906885147095,0.5373414158821106,-0.025388022884726524
3,0.5869399905204773,0.4773939549922943,-0.03594698756933212
4,0.6077154874801636,0.42441511154174805,-0.043825916945934296
5,0.6424997448921204,0.5704730749130249,-0.021646030247211456
6,0.6399196982383728,0.5874137878417969,-0.020678572356700897
7,0.617196798324585,0.6007053256034851,-0.019925963133573532
8,0.5984900593757629,0.6029082536697388,-0.02207406423985958
9,0.6586055159568787,0.6282772421836853,-0.021761421114206314
10,0.6486207842826843,0.6343718767166138,-0.015440349467098713
11,0.626785159111023,0.6405075192451477,-0.01502215676009655
12,0.6062632203102112,0.6425741910934448,-0.020780475810170174
13,0.6579344868659973,0.6845382452011108,-0.02031622640788555
14,0.6461239457130432,0.6794157028198242,-0.015028280206024647
15,0.62736576795578,0.6828655004501343,-0.009002015925943851
16,0.606854259967804,0.6840210556983948,-0.01054603885859251
17,0.648134171962738,0.7337449789047241,-0.01995205320417881
18,0.6396127343177795,0.7273638248443604,-0.017636535689234734
19,0.6223376393318176,0.7261465787887573,-0.009752183221280575
20,0.605301558971405,0.7240418791770935,-0.005254243966192007