0,0.8630889058113098,0.6222496628761292,-2.452208605063788e-07
1,0.8440990447998047,0.5421563386917114,-0.00254964642226696
2,0.8123728632926941,0.44602006673812866,-0.012633864767849445
3,0.8029513955116272,0.3748907744884491,-0.02325606346130371
4,0.8128750920295715,0.3178553581237793,-0.03400944918394089
5,0.7862656116485596,0.44319552183151245,-0.0243157297372818
6,0.7089366912841797,0.4667833745479584,-0.04335911571979523
7,0.7296628355979919,0.4910484552383423,-0.054008714854717255
8,0.7563625574111938,0.4845915734767914,-0.05977393314242363
9,0.7835331559181213,0.4922119081020355,-0.03300076350569725
10,0.704880952835083,0.5170419216156006,-0.045922622084617615
11,0.7284737229347229,0.5301415920257568,-0.04466504231095314
12,0.7553609013557434,0.526158332824707,-0.04508766531944275
13,0.7809229493141174,0.5465914607048035,-0.04189671203494072
14,0.7118476629257202,0.5613099336624146,-0.05433017015457153
15,0.7333462238311768,0.5721291899681091,-0.044340621680021286
16,0.7585881352424622,0.5682615041732788,-0.037936173379421234
17,0.7780219912528992,0.5993255376815796,-0.05068735033273697
18,0.722714364528656,0.6001020669937134,-0.058891572058200836
19,0.7428042888641357,0.6085875630378723,-0.049412425607442856
20,0.7670947909355164,0.6100146770477295,-0.0413626953959465