0,0.24823446571826935,0.6728041768074036,-2.8470515189837897e-07
1,0.25531691312789917,0.5670889616012573,-0.012818397954106331
2,0.24276405572891235,0.477209210395813,-0.026545988395810127
3,0.2248881459236145,0.40233364701271057,-0.03780541196465492
4,0.2143263816833496,0.34402012825012207,-0.0485353022813797
5,0.12756435573101044,0.48117876052856445,-0.03172343596816063
6,0.13792359828948975,0.47244352102279663,-0.038900524377822876
7,0.1699218600988388,0.49577146768569946,-0.04776506870985031
8,0.18567511439323425,0.5152690410614014,-0.05606743320822716
9,0.10161387920379639,0.5426293015480042,-0.03178316354751587
10,0.12207513302564621,0.5289202332496643,-0.029765896499156952
11,0.1516217142343521,0.5470602512359619,-0.03206857666373253
12,0.1653738021850586,0.5664536356925964,-0.03956228122115135
13,0.09346741437911987,0.6049155592918396,-0.030426226556301117
14,0.11447453498840332,0.5912166833877563,-0.028846226632595062
15,0.14044220745563507,0.6005507111549377,-0.026004578918218613
16,0.15686045587062836,0.6170249581336975,-0.029026523232460022
17,0.09275888651609421,0.6617144346237183,-0.03016875684261322
18,0.11237607896327972,0.6464511156082153,-0.029971398413181305
19,0.13903850317001343,0.6505072116851807,-0.023679062724113464
20,0.15489335358142853,0.6607270836830139,-0.019593292847275734