0,0.4382702708244324,0.8545894622802734,-1.8499221710044367e-07
1,0.43281400203704834,0.7414809465408325,-0.008335426449775696
2,0.41453930735588074,0.6578147411346436,-0.022177385166287422
3,0.3904513120651245,0.5818301439285278,-0.0354878269135952
4,0.3795093595981598,0.5189658403396606,-0.047740377485752106
5,0.3153148889541626,0.6889985799789429,-0.02452642284333706
6,0.2814459204673767,0.667938768863678,-0.03258782625198364
7,0.3126528263092041,0.6762675046920776,-0.040959589183330536
8,0.33718711137771606,0.687427818775177,-0.04734763130545616
9,0.2931518852710724,0.7562214732170105,-0.026261575520038605
10,0.274921715259552,0.7212302684783936,-0.022466501221060753
11,0.3022688031196594,0.7267627716064453,-0.021292157471179962
12,0.32226553559303284,0.7408119440078735,-0.025948146358132362
13,0.2872721254825592,0.8183767795562744,-0.026965947821736336
14,0.2743758261203766,0.777007520198822,-0.021383607760071754
15,0.29663321375846863,0.7816377878189087,-0.012796961702406406
16,0.31763359904289246,0.796965479850769,-0.01232689619064331
17,0.28843292593955994,0.8696941137313843,-0.028643950819969177
18,0.27651703357696533,0.8314782381057739,-0.022400593385100365
19,0.2985004186630249,0.833523690700531,-0.009390835650265217
20,0.3171638250350952,0.8465743660926819,-0.0011991262435913086