0,0.5307435989379883,0.5736526250839233,-5.283081350171415e-07
1,0.5578672885894775,0.48744064569473267,-0.0006247736746445298
2,0.5960485935211182,0.4078344702720642,-0.010742940939962864
3,0.6257754564285278,0.34377625584602356,-0.02160061150789261
4,0.639482319355011,0.2885962724685669,-0.029930826276540756
5,0.674352765083313,0.43518224358558655,-0.015547377988696098
6,0.7194995880126953,0.47602733969688416,-0.01986888237297535
7,0.6989483833312988,0.4948602616786957,-0.021425342187285423
8,0.6723117232322693,0.4898332357406616,-0.023389507085084915
9,0.6820660829544067,0.4942089319229126,-0.02372356504201889
10,0.7214939594268799,0.5311465859413147,-0.018365036696195602
11,0.6989315748214722,0.544096827507019,-0.01390974409878254
12,0.6696305871009827,0.538748025894165,-0.016110839322209358
13,0.6810441613197327,0.5549832582473755,-0.030700750648975372
14,0.7141134738922119,0.5798578262329102,-0.023646824061870575
15,0.6928544640541077,0.5883454084396362,-0.011836260557174683
16,0.6646997332572937,0.5831731557846069,-0.009925054386258125
17,0.6735624670982361,0.6120155453681946,-0.03810703009366989
18,0.7016503214836121,0.6233698725700378,-0.03179638460278511
19,0.6797311902046204,0.625190794467926,-0.018444707617163658
20,0.6547660827636719,0.6189330220222473,-0.011048166081309319