0,0.6662187576293945,0.8938332796096802,-1.0209954126594312e-07
1,0.6551640033721924,0.8069713115692139,-0.002414972521364689
2,0.6276014447212219,0.7282069325447083,-0.013987783342599869
3,0.617360532283783,0.6644408702850342,-0.025896141305565834
4,0.6204118728637695,0.6120489239692688,-0.038384050130844116
5,0.5875244140625,0.7525966167449951,-0.03316577151417732
6,0.5231831073760986,0.7410842180252075,-0.047365088015794754
7,0.5427663326263428,0.7520294785499573,-0.053289659321308136
8,0.5686686635017395,0.7559910416603088,-0.055264562368392944
9,0.5780482292175293,0.8078327178955078,-0.0390324704349041
10,0.5152723789215088,0.787319540977478,-0.04641823470592499
11,0.5348086953163147,0.797054648399353,-0.043559689074754715
12,0.5604282021522522,0.8040539622306824,-0.04273846745491028
13,0.570957601070404,0.8610273599624634,-0.0435294508934021
14,0.5148401856422424,0.8338847756385803,-0.04788505285978317
15,0.5324119925498962,0.8407559394836426,-0.0367618054151535
16,0.556532084941864,0.8487087488174438,-0.030257146805524826
17,0.566114604473114,0.9088134765625,-0.04785376042127609
18,0.5198014378547668,0.8775696754455566,-0.04884335398674011
19,0.5365675687789917,0.8813732862472534,-0.0359366275370121
20,0.5579451322555542,0.8905332684516907,-0.02650872804224491