0,0.051341816782951355,0.7094082832336426,-3.949015194848471e-07
1,0.0776822492480278,0.6332815289497375,-0.015847470611333847
2,0.12526318430900574,0.5376662015914917,-0.033016834408044815
3,0.13771504163742065,0.4678974151611328,-0.04753991588950157
4,0.13115403056144714,0.4068625271320343,-0.05926566198468208
5,0.14372004568576813,0.5572140216827393,-0.060808587819337845
6,0.23702575266361237,0.5858047604560852,-0.09061601758003235
7,0.20929092168807983,0.5968914031982422,-0.10233898460865021
8,0.1736084520816803,0.5857831835746765,-0.10832910984754562
9,0.13607218861579895,0.6164270639419556,-0.06728609651327133
10,0.2376367151737213,0.6446333527565002,-0.08720030635595322
11,0.2050059735774994,0.645855188369751,-0.08260393142700195
12,0.17045234143733978,0.6348591446876526,-0.0823516994714737
13,0.12942539155483246,0.6790584921836853,-0.07379499822854996
14,0.22171011567115784,0.6937636137008667,-0.08724690973758698
15,0.1925971508026123,0.6920286417007446,-0.07252702862024307
16,0.1610746830701828,0.685099184513092,-0.06538603454828262
17,0.1242252066731453,0.7382597327232361,-0.08135370910167694
18,0.19871386885643005,0.7393743991851807,-0.08574503660202026
19,0.17891894280910492,0.7355391979217529,-0.07335163652896881
20,0.15135635435581207,0.7327389121055603,-0.06705567985773087