0,0.811687171459198,0.35243165493011475,-4.983329517926904e-07
1,0.8035532236099243,0.26443272829055786,-0.015116926282644272
2,0.8307064771652222,0.1986839324235916,-0.023660758510231972
3,0.8620266914367676,0.1479112207889557,-0.030157534405589104
4,0.882270336151123,0.09932492673397064,-0.03482101112604141
5,0.9165748357772827,0.22248424589633942,-0.0041304221376776695
6,0.9076483249664307,0.22811420261859894,-0.006358043756335974
7,0.8835815787315369,0.2455139309167862,-0.013661172240972519
8,0.8687461614608765,0.2531954348087311,-0.021167036145925522
9,0.9345136880874634,0.2695982754230499,-0.002870175987482071
10,0.9170830249786377,0.2730945348739624,0.0007044243975542486
11,0.8960010409355164,0.28427812457084656,-0.0060865916311740875
12,0.8821056485176086,0.29240283370018005,-0.01536496076732874
13,0.9377757906913757,0.3174603581428528,-0.0022893105633556843
14,0.9196541905403137,0.31287822127342224,-0.00024996165302582085
15,0.9011439085006714,0.3206232786178589,0.00012217360199429095
16,0.8878080248832703,0.32697832584381104,-0.0035069850273430347
17,0.9331772327423096,0.3627272844314575,-0.003364865668118
18,0.9184441566467285,0.35728806257247925,-0.002465115860104561
19,0.9007042050361633,0.3605117201805115,0.002207352314144373
20,0.8887179493904114,0.3642916977405548,0.0048712813295423985