0,0.3309943974018097,0.594095766544342,-2.9112598554092983e-07
1,0.3239783048629761,0.4909258186817169,-0.009220424108207226
2,0.29920458793640137,0.4137774407863617,-0.02048340253531933
3,0.27000483870506287,0.35137397050857544,-0.031110107898712158
4,0.25031283497810364,0.30202728509902954,-0.041373513638973236
5,0.19645024836063385,0.4513060748577118,-0.019229590892791748
6,0.17376510798931122,0.46253734827041626,-0.024416856467723846
7,0.2008553147315979,0.4721405506134033,-0.03194519132375717
8,0.22625815868377686,0.4765941798686981,-0.03836379200220108
9,0.18071316182613373,0.5157989859580994,-0.020074736326932907
10,0.17786097526550293,0.5127237439155579,-0.01820295676589012
11,0.20703713595867157,0.5214170217514038,-0.02109171263873577
12,0.2299109846353531,0.529998242855072,-0.027083754539489746
13,0.18154063820838928,0.5775306820869446,-0.019912175834178925
14,0.17973382771015167,0.5641124248504639,-0.017624182626605034
15,0.2040274739265442,0.5678116083145142,-0.013927068561315536
16,0.22772271931171417,0.5746787786483765,-0.015025844797492027
17,0.1887136995792389,0.631191611289978,-0.020734714344143867
18,0.18826116621494293,0.6182610988616943,-0.01971489004790783
19,0.2124006450176239,0.6176169514656067,-0.012249217368662357
20,0.23283469676971436,0.6213695406913757,-0.006391223985701799