0,0.8800069093704224,0.6123475432395935,-3.34312261429659e-07
1,0.8525022268295288,0.5174986720085144,-0.008319569751620293
2,0.8442181348800659,0.42951250076293945,-0.017328722402453423
3,0.8508509993553162,0.36312437057495117,-0.026003677397966385
4,0.8648223280906677,0.31265079975128174,-0.03314971551299095
5,0.8561810255050659,0.42739781737327576,-0.015473702922463417
6,0.7778953909873962,0.4557570815086365,-0.035621751099824905
7,0.7922986745834351,0.4771556854248047,-0.04897742345929146
8,0.8202189207077026,0.4723931550979614,-0.05638569965958595
9,0.8660774827003479,0.4786119759082794,-0.021483691409230232
10,0.7786451578140259,0.5011590123176575,-0.03562518581748009
11,0.8044962882995605,0.5082204341888428,-0.03939155489206314
12,0.8315714597702026,0.502094566822052,-0.04386374354362488
13,0.8710032105445862,0.5294639468193054,-0.029322220012545586
14,0.7895196676254272,0.5430033206939697,-0.04403470829129219
15,0.8122382164001465,0.5471740365028381,-0.03995772451162338
16,0.8384395837783813,0.5419921278953552,-0.03708089888095856
17,0.8697254657745361,0.5786899328231812,-0.0381799191236496
18,0.8075445890426636,0.5831955671310425,-0.04716797545552254
19,0.8264584541320801,0.5831667184829712,-0.04396605119109154
20,0.852564811706543,0.5812162160873413,-0.040467504411935806