0,0.5557094812393188,0.7658945918083191,-3.53659117990901e-07
1,0.5561045408248901,0.6521661281585693,-0.00017244592891074717
2,0.5363038182258606,0.5537078976631165,-0.007586130406707525
3,0.5179011225700378,0.4652804732322693,-0.01551545038819313
4,0.5137117505073547,0.4010711908340454,-0.024963129311800003
5,0.4475448429584503,0.5553916692733765,-0.021033694967627525
6,0.40311935544013977,0.5725482106208801,-0.01979498192667961
7,0.4224754869937897,0.5992698073387146,-0.019192153587937355
8,0.4477003514766693,0.6078687906265259,-0.02036520279943943
9,0.4213593006134033,0.6196056604385376,-0.024956945329904556
10,0.398084431886673,0.6326249837875366,-0.01603095419704914
11,0.4215339720249176,0.6549020409584045,-0.012772711925208569
12,0.44770318269729614,0.6623108386993408,-0.01589035801589489
13,0.40950629115104675,0.6879887580871582,-0.025907792150974274
14,0.39774587750434875,0.6896905303001404,-0.015886224806308746
15,0.4193035364151001,0.7062500715255737,-0.00885238777846098
16,0.44507259130477905,0.7153908014297485,-0.010072623379528522
17,0.4054186940193176,0.7514563798904419,-0.027102438732981682
18,0.4013178050518036,0.7456833720207214,-0.019452305510640144
19,0.42504650354385376,0.7572916150093079,-0.008968641981482506
20,0.4466153085231781,0.7633131146430969,-0.0024512133095413446