0,0.14496633410453796,0.4241287112236023,-3.681381599562883e-07
1,0.17573831975460052,0.3491203784942627,-0.014809067361056805
2,0.22436445951461792,0.268219530582428,-0.030770206823945045
3,0.24544568359851837,0.2026844620704651,-0.04561633616685867
4,0.2504933178424835,0.14295916259288788,-0.057236604392528534
5,0.27368783950805664,0.28997179865837097,-0.038146063685417175
6,0.35001352429389954,0.3494526445865631,-0.0632035955786705
7,0.32237157225608826,0.3620641827583313,-0.07622754573822021
8,0.28995347023010254,0.3481711745262146,-0.08394258469343185
9,0.2668986916542053,0.34528884291648865,-0.04495859518647194
10,0.34546974301338196,0.39976418018341064,-0.06182856112718582
11,0.31499040126800537,0.4045040011405945,-0.061504993587732315
12,0.28341788053512573,0.3906884789466858,-0.06288354098796844
13,0.25524574518203735,0.40514814853668213,-0.052863217890262604
14,0.32826223969459534,0.44400691986083984,-0.06606805324554443
15,0.3011912405490875,0.44650667905807495,-0.05453254655003548
16,0.2728859782218933,0.4350154995918274,-0.047828469425439835
17,0.242366224527359,0.4642658829689026,-0.061957549303770065
18,0.30441388487815857,0.4872117042541504,-0.06757842749357224
19,0.28341105580329895,0.48600679636001587,-0.05629048869013786
20,0.2574816346168518,0.47672659158706665,-0.048938725143671036