0,0.5498601794242859,0.5462444424629211,-5.921157253396814e-07
1,0.5721978545188904,0.44739505648612976,-3.223712701583281e-05
2,0.6132131218910217,0.3648609220981598,-0.005989168304949999
3,0.6520145535469055,0.3049076199531555,-0.01240574847906828
4,0.6751925349235535,0.25381460785865784,-0.016294265165925026
5,0.7031660676002502,0.4088771939277649,-0.007907635532319546
6,0.7360671758651733,0.45022597908973694,-0.0050848317332565784
7,0.7133594155311584,0.46638938784599304,-0.0031990609131753445
8,0.6884048581123352,0.45877954363822937,-0.003843445098027587
9,0.7117967009544373,0.4720570743083954,-0.013824844732880592
10,0.7343648672103882,0.5099120140075684,-0.0013928650878369808
11,0.7099682688713074,0.5186473727226257,0.003671362530440092
12,0.6811535358428955,0.5111981630325317,0.0007188075687736273
13,0.7090979218482971,0.5344240069389343,-0.018395060673356056
14,0.7262047529220581,0.560908317565918,-0.005742483772337437
15,0.7053854465484619,0.5655189156532288,0.003782385727390647
16,0.6774135828018188,0.5578105449676514,0.0030864058062434196
17,0.6990464925765991,0.5907899737358093,-0.023529302328824997
18,0.7135516405105591,0.6043972969055176,-0.013567809946835041
19,0.6920011043548584,0.6031908988952637,-0.001814712188206613
20,0.6671746373176575,0.5947606563568115,0.0039811027236282825