0,0.08077871799468994,0.5201703310012817,-3.950858058487938e-07
1,0.10738420486450195,0.4444963037967682,-0.011374532245099545
2,0.14823460578918457,0.3554477393627167,-0.026468263939023018
3,0.1617744266986847,0.28660839796066284,-0.040316391736269
4,0.15578320622444153,0.22911714017391205,-0.05103326961398125
5,0.18852899968624115,0.36789470911026,-0.04041902348399162
6,0.26463863253593445,0.41275206208229065,-0.0623730905354023
7,0.23726123571395874,0.4262734651565552,-0.07222526520490646
8,0.20667894184589386,0.41429197788238525,-0.07869188487529755
9,0.18503235280513763,0.4185711443424225,-0.0474257692694664
10,0.2667575478553772,0.4579674005508423,-0.06331614404916763
11,0.23695051670074463,0.46437835693359375,-0.06124275177717209
12,0.20561523735523224,0.4558897614479065,-0.061652690172195435
13,0.17974743247032166,0.47470909357070923,-0.05448849871754646
14,0.2548030912876129,0.5036962628364563,-0.06468567252159119
15,0.22852486371994019,0.5061883330345154,-0.05252156779170036
16,0.20013001561164856,0.49833956360816956,-0.04626406729221344
17,0.17446526885032654,0.5307817459106445,-0.062453921884298325
18,0.2345605194568634,0.5451928377151489,-0.06417742371559143
19,0.21399301290512085,0.5438414216041565,-0.052807047963142395
20,0.18951892852783203,0.5364386439323425,-0.046520743519067764