0,0.7154402732849121,0.6891704797744751,-5.77356559006148e-07
1,0.71103435754776,0.5985636711120605,-0.015355733223259449
2,0.7394013404846191,0.5286386013031006,-0.02553655579686165
3,0.7720363140106201,0.4724738597869873,-0.03227371349930763
4,0.7895755767822266,0.42184919118881226,-0.036664560437202454
5,0.8292928338050842,0.5517420768737793,-0.01753191091120243
6,0.8178412318229675,0.5503367185592651,-0.014532170258462429
7,0.7921414375305176,0.566167950630188,-0.014578768983483315
8,0.7774707078933716,0.5760034918785095,-0.017675066366791725
9,0.845957338809967,0.6021566987037659,-0.014478668570518494
10,0.8248909115791321,0.6000963449478149,-0.007206418085843325
11,0.8024532198905945,0.6095505356788635,-0.00894334726035595
12,0.7866616249084473,0.6194519996643066,-0.01566976308822632
13,0.8460180163383484,0.6524364948272705,-0.010282016359269619
14,0.82124263048172,0.6442310810089111,-0.00461667962372303
15,0.8031630516052246,0.648294985294342,-0.00265854992903769
16,0.788693368434906,0.6543080806732178,-0.0064339484088122845
17,0.8382129669189453,0.6965618133544922,-0.007343356031924486
18,0.8206930160522461,0.688423216342926,-0.004954529460519552
19,0.804438591003418,0.6873027682304382,3.213822128600441e-05
20,0.7920836210250854,0.6886233687400818,0.00255011860281229