0,0.4909350275993347,0.4491373300552368,-6.714816436215187e-07
1,0.5071590542793274,0.36415013670921326,-0.009842053055763245
2,0.5392956137657166,0.2858232855796814,-0.021126922219991684
3,0.5733250379562378,0.2226227968931198,-0.03098541498184204
4,0.5899143815040588,0.16408075392246246,-0.03822276368737221
5,0.6304689049720764,0.3015749454498291,-0.022890282794833183
6,0.6633235216140747,0.35333654284477234,-0.026326879858970642
7,0.637477695941925,0.3734777271747589,-0.026614444330334663
8,0.6102282404899597,0.36857420206069946,-0.028971893712878227
9,0.6453759670257568,0.3602246642112732,-0.026567064225673676
10,0.6708069443702698,0.4060104787349701,-0.022525284439325333
11,0.6448101997375488,0.4216495156288147,-0.020571306347846985
12,0.6170433163642883,0.4191547632217407,-0.02487056516110897
13,0.6491343379020691,0.4206772744655609,-0.029223347082734108
14,0.6689848303794861,0.45574435591697693,-0.026609759777784348
15,0.6456448435783386,0.4653822183609009,-0.01928921416401863
16,0.6185438632965088,0.46064046025276184,-0.019554346799850464
17,0.6458425521850586,0.47729694843292236,-0.032773375511169434
18,0.6633302569389343,0.5006617307662964,-0.03297862783074379
19,0.6404274106025696,0.5055885910987854,-0.025255519896745682
20,0.6167432069778442,0.49871277809143066,-0.02072294056415558