0,0.5493229627609253,0.6153566837310791,-6.670198331448773e-07
1,0.5559455156326294,0.521273136138916,-0.012617262080311775
2,0.5789040923118591,0.44938963651657104,-0.02734987623989582
3,0.6070746183395386,0.38474351167678833,-0.039525438100099564
4,0.6264612674713135,0.32767683267593384,-0.048850610852241516
5,0.6744129061698914,0.46344858407974243,-0.027334799990057945
6,0.6844027638435364,0.49945470690727234,-0.02936086431145668
7,0.6615769267082214,0.5195251703262329,-0.029569342732429504
8,0.6398294568061829,0.5223634243011475,-0.0319269523024559
9,0.6941701173782349,0.521510899066925,-0.02899746596813202
10,0.6955636739730835,0.5482253432273865,-0.02289578504860401
11,0.6704346537590027,0.5590991973876953,-0.021104969084262848
12,0.6461830139160156,0.5589777231216431,-0.02636963315308094
13,0.6985492706298828,0.5815793871879578,-0.02927071787416935
14,0.6922568678855896,0.5932244062423706,-0.023411061614751816
15,0.6716681718826294,0.6014617681503296,-0.01579401269555092
16,0.6490882039070129,0.6015852093696594,-0.01714399829506874
17,0.6934280395507812,0.6372075080871582,-0.030805297195911407
18,0.6869997978210449,0.6419558525085449,-0.027660762891173363
19,0.6678500771522522,0.6442124247550964,-0.018555311486124992
20,0.6482161283493042,0.6413514018058777,-0.013736538589000702