0,0.5440140962600708,0.7197540998458862,-5.389493367147224e-07
1,0.5576059818267822,0.6141006946563721,-0.00830118078738451
2,0.5949596166610718,0.5373736023902893,-0.018631204962730408
3,0.6364755034446716,0.4762459993362427,-0.027636289596557617
4,0.6616267561912537,0.4223252236843109,-0.033849798142910004
5,0.6848660111427307,0.5788328647613525,-0.011524040251970291
6,0.7084306478500366,0.5970582962036133,-0.007689912803471088
7,0.6844887137413025,0.6074365377426147,-0.006122436374425888
8,0.6634851098060608,0.6058857440948486,-0.007690864149481058
9,0.6991117000579834,0.6444570422172546,-0.012738498859107494
10,0.7123767137527466,0.648793637752533,-0.0023780567571520805
11,0.6877924203872681,0.6520470976829529,0.00045876202057115734
12,0.6614943742752075,0.6539296507835388,-0.003294897498562932
13,0.6982277631759644,0.7041944265365601,-0.012948197312653065
14,0.7071294188499451,0.697657585144043,-0.002649896312505007
15,0.6874160170555115,0.7014087438583374,0.005632458254694939
16,0.6623302698135376,0.704495370388031,0.005140292923897505
17,0.689665675163269,0.7558825016021729,-0.01410807203501463
18,0.6967378258705139,0.7451484203338623,-0.006711083464324474
19,0.6785945892333984,0.7443681955337524,0.0036534685641527176
20,0.657558262348175,0.7452380657196045,0.009242990054190159