0,0.6401464343070984,0.8641020059585571,-9.750849017109431e-08
1,0.6344228982925415,0.7722792029380798,-0.003430466167628765
2,0.6157729029655457,0.6870817542076111,-0.016822563484311104
3,0.6117550730705261,0.6170055866241455,-0.03052990883588791
4,0.6209170818328857,0.5639985203742981,-0.0442737378180027
5,0.5660070180892944,0.7124336957931519,-0.036071229726076126
6,0.5020127892494202,0.6912736892700195,-0.05072781443595886
7,0.5235618352890015,0.7013357877731323,-0.05734321475028992
8,0.5488794445991516,0.7088847756385803,-0.060095030814409256
9,0.5512722134590149,0.7702704071998596,-0.04219742491841316
10,0.4910077452659607,0.7369701266288757,-0.04976081848144531
11,0.5116553902626038,0.7429115772247314,-0.04717313125729561
12,0.5379550457000732,0.7544209361076355,-0.046973299235105515
13,0.5404844284057617,0.8237404823303223,-0.0467393584549427
14,0.4933128356933594,0.7856486439704895,-0.04886585474014282
15,0.510354220867157,0.7905393242835999,-0.03680581972002983
16,0.5324380397796631,0.8025345206260681,-0.030656723305583
17,0.5327247977256775,0.8702479600906372,-0.05161385238170624
18,0.49369484186172485,0.8290196657180786,-0.04908435791730881
19,0.5106613039970398,0.8321689963340759,-0.0345609076321125
20,0.5298965573310852,0.844470739364624,-0.024870876222848892