0,0.169051855802536,0.8265433311462402,-3.395749388346303e-07
1,0.18705596029758453,0.7492063045501709,-0.013630544766783714
2,0.22702772915363312,0.6675258874893188,-0.027349025011062622
3,0.25071558356285095,0.6066180467605591,-0.03918272256851196
4,0.255205899477005,0.5522029399871826,-0.04810303822159767
5,0.2821923792362213,0.6991291046142578,-0.03404289484024048
6,0.356174111366272,0.7258206009864807,-0.05227033793926239
7,0.3367723822593689,0.7376824021339417,-0.061262477189302444
8,0.30755576491355896,0.73518967628479,-0.06533611565828323
9,0.28742465376853943,0.7619434595108032,-0.036781977862119675
10,0.35957300662994385,0.7774866223335266,-0.04732130840420723
11,0.3344999849796295,0.782593309879303,-0.04606211557984352
12,0.3009064495563507,0.778638482093811,-0.045835163444280624
13,0.2882148325443268,0.820824921131134,-0.03969993442296982
14,0.3459528088569641,0.8253089189529419,-0.044749632477760315
15,0.3255031406879425,0.8274222016334534,-0.03250935673713684
16,0.29760777950286865,0.8255109190940857,-0.02548188902437687
17,0.28556445240974426,0.8733830451965332,-0.04357162490487099
18,0.32994329929351807,0.8653347492218018,-0.0425015427172184
19,0.3116146922111511,0.8641544580459595,-0.02835894003510475
20,0.28794968128204346,0.8627747893333435,-0.018705110996961594