0,0.5137462615966797,0.788171112537384,-4.3533773919079977e-08
1,0.5061765909194946,0.6776006817817688,-0.006983048282563686
2,0.48077282309532166,0.5906602740287781,-0.01872805319726467
3,0.45444685220718384,0.5250966548919678,-0.02976401336491108
4,0.4404066205024719,0.47242188453674316,-0.03935251012444496
5,0.39121419191360474,0.6242461800575256,-0.025953246280550957
6,0.3376557230949402,0.6090536117553711,-0.037550512701272964
7,0.3659438490867615,0.6145399212837219,-0.04563939571380615
8,0.3946969211101532,0.6218223571777344,-0.050032950937747955
9,0.37170660495758057,0.6929914355278015,-0.028161047026515007
10,0.32912176847457886,0.6656131148338318,-0.02743932045996189
11,0.35270771384239197,0.6675747632980347,-0.02477552369236946
12,0.37715259194374084,0.6771596670150757,-0.026763541623950005
13,0.36398470401763916,0.7583645582199097,-0.02985048107802868
14,0.3307090997695923,0.7213894128799438,-0.02669249288737774
15,0.35099896788597107,0.7226561903953552,-0.016554949805140495
16,0.37440982460975647,0.733634889125824,-0.013636620715260506
17,0.364747554063797,0.8142021894454956,-0.03230130672454834
18,0.33802345395088196,0.773224949836731,-0.028468243777751923
19,0.35778871178627014,0.7703349590301514,-0.015837986022233963
20,0.37766599655151367,0.7792505621910095,-0.0071810223162174225