0,0.3942372798919678,0.5184007883071899,-2.672487937616097e-07
1,0.3961334526538849,0.4169524908065796,-0.005918432958424091
2,0.3773236870765686,0.3276263177394867,-0.01622079312801361
3,0.3564222753047943,0.24968066811561584,-0.026448754593729973
4,0.34778761863708496,0.1840551793575287,-0.037834715098142624
5,0.2785595655441284,0.3258326053619385,-0.01953539066016674
6,0.2655026614665985,0.34933018684387207,-0.025073546916246414
7,0.29030081629753113,0.3756616711616516,-0.033435024321079254
8,0.31368640065193176,0.3877986669540405,-0.04105043411254883
9,0.25439324975013733,0.3870201110839844,-0.023657282814383507
10,0.25434410572052,0.40730276703834534,-0.020766189321875572
11,0.2805190682411194,0.4285382926464081,-0.023486828431487083
12,0.3043484687805176,0.4405437707901001,-0.03058517724275589
13,0.24548490345478058,0.45463764667510986,-0.026363549754023552
14,0.24859145283699036,0.4666445553302765,-0.025755856186151505
15,0.2726799249649048,0.47957539558410645,-0.023036804050207138
16,0.2972976863384247,0.48803263902664185,-0.02517874911427498
17,0.24307987093925476,0.5174671411514282,-0.029580704867839813
18,0.24673505127429962,0.5220613479614258,-0.031130027025938034
19,0.2714800536632538,0.5289834141731262,-0.0245760940015316
20,0.2919459939002991,0.5319622755050659,-0.019383389502763748