0,0.34357526898384094,0.5512596368789673,-3.8717720940439904e-07
1,0.35296741127967834,0.4717254638671875,-0.0119129978120327
2,0.3813509941101074,0.383404016494751,-0.025394780561327934
3,0.4024966359138489,0.3162268400192261,-0.037661246955394745
4,0.4078408479690552,0.25957801938056946,-0.04639991372823715
5,0.4611372947692871,0.39243102073669434,-0.02484966814517975
6,0.5205475091934204,0.4249260127544403,-0.03547658026218414
7,0.5035594701766968,0.4443853199481964,-0.04070364683866501
8,0.4766259789466858,0.44438445568084717,-0.04467737674713135
9,0.4743010103702545,0.4477285146713257,-0.029573416337370872
10,0.530031681060791,0.4743817448616028,-0.03430666774511337
11,0.5076640248298645,0.49133914709091187,-0.03334331139922142
12,0.47871264815330505,0.4915282428264618,-0.03495766967535019
13,0.4805208146572113,0.506184995174408,-0.034394990652799606
14,0.527299165725708,0.5233694314956665,-0.03675364702939987
15,0.5055226683616638,0.5363276600837708,-0.025956332683563232
16,0.47761550545692444,0.5367057919502258,-0.02129109762609005
17,0.48041510581970215,0.5642964839935303,-0.04046868532896042
18,0.5186547636985779,0.5671520233154297,-0.04137755185365677
19,0.4990387260913849,0.5729767084121704,-0.02986793778836727
20,0.4747031331062317,0.5717361569404602,-0.021869691088795662