0,0.32668012380599976,0.6725926995277405,-3.303855748981732e-07
1,0.3441111147403717,0.5939884781837463,-0.010120301507413387
2,0.3827419877052307,0.5176965594291687,-0.02365386113524437
3,0.4108200669288635,0.4575527608394623,-0.03580538183450699
4,0.4248867630958557,0.4054701030254364,-0.044259387999773026
5,0.46223384141921997,0.5413323640823364,-0.026139257475733757
6,0.516411304473877,0.5815714001655579,-0.03695438802242279
7,0.49333393573760986,0.5969239473342896,-0.04104835167527199
8,0.46472880244255066,0.5905605554580688,-0.043519213795661926
9,0.468156635761261,0.6031332015991211,-0.03148123621940613
10,0.5166235566139221,0.6328699588775635,-0.03440352901816368
11,0.4896025061607361,0.6435620784759521,-0.030404966324567795
12,0.46087729930877686,0.6369603872299194,-0.029805921018123627
13,0.4659782350063324,0.6643429398536682,-0.036864664405584335
14,0.5048847794532776,0.6811656355857849,-0.03682916238903999
15,0.48069655895233154,0.6893940567970276,-0.02365850657224655
16,0.45470696687698364,0.6853008270263672,-0.01796730048954487
17,0.4568330943584442,0.7218061089515686,-0.04337097331881523
18,0.4883524179458618,0.7238895893096924,-0.042439043521881104
19,0.46577900648117065,0.7267204523086548,-0.028996458277106285
20,0.44343891739845276,0.723639965057373,-0.019647998735308647