0,0.5085608959197998,0.4654718339443207,-2.2556280043772858e-07
1,0.516262412071228,0.3721272349357605,-0.012129315175116062
2,0.50304114818573,0.2779685854911804,-0.02542860060930252
3,0.4828120470046997,0.20049753785133362,-0.03669579327106476
4,0.4736312925815582,0.1347864717245102,-0.04902343824505806
5,0.40583986043930054,0.2674870491027832,-0.026958610862493515
6,0.3590832054615021,0.30815187096595764,-0.037540629506111145
7,0.37921008467674255,0.34059470891952515,-0.04734320193529129
8,0.4067511260509491,0.3492071330547333,-0.05383075773715973
9,0.38057848811149597,0.32351067662239075,-0.02730385772883892
10,0.3481985032558441,0.3629336357116699,-0.02709558792412281
11,0.36936989426612854,0.38804903626441956,-0.028497541323304176
12,0.3958457112312317,0.3915500044822693,-0.03355269134044647
13,0.3681204617023468,0.3878699243068695,-0.027152111753821373
14,0.34352347254753113,0.415055513381958,-0.02756603993475437
15,0.3630836606025696,0.4348573386669159,-0.023080801591277122
16,0.38909798860549927,0.4370797276496887,-0.023799894377589226
17,0.36323052644729614,0.45067673921585083,-0.02794063650071621
18,0.3451331853866577,0.4656723737716675,-0.030011754482984543
19,0.36884060502052307,0.48117542266845703,-0.0226646326482296
20,0.3928433656692505,0.4822940230369568,-0.016553737223148346