0,0.778236985206604,0.4495478868484497,-3.658032028397429e-07
1,0.7464728951454163,0.3634120225906372,-0.0024796330835670233
2,0.7220046520233154,0.26779213547706604,-0.012903787195682526
3,0.7161362171173096,0.19232559204101562,-0.024543317034840584
4,0.7278738617897034,0.13091948628425598,-0.036116085946559906
5,0.7108635902404785,0.24144886434078217,-0.020972464233636856
6,0.6255741715431213,0.2861360013484955,-0.04260587319731712
7,0.6402601003646851,0.313836008310318,-0.05469810962677002
8,0.6659010648727417,0.3069746494293213,-0.06139272823929787
9,0.7169889211654663,0.28304821252822876,-0.0311882346868515
10,0.6261151432991028,0.33138856291770935,-0.04865402355790138
11,0.6479406952857971,0.3463340997695923,-0.05006904527544975
12,0.6723040342330933,0.3404000699520111,-0.05220389738678932
13,0.7221104502677917,0.33287307620048523,-0.04226410388946533
14,0.6369996070861816,0.3696124255657196,-0.059315625578165054
15,0.6580971479415894,0.3840455412864685,-0.05223963409662247
16,0.6833801865577698,0.37740322947502136,-0.04739178717136383
17,0.7242027521133423,0.3869054615497589,-0.05343833938241005
18,0.6555348634719849,0.40794605016708374,-0.06552689522504807
19,0.6739737391471863,0.4148018956184387,-0.06137804687023163
20,0.6999973654747009,0.40846601128578186,-0.05678849667310715