0,0.5187429785728455,0.6916400194168091,-5.960533826510073e-07
1,0.5303006172180176,0.5972810387611389,-0.008040018379688263
2,0.5620970129966736,0.5242499113082886,-0.019671306014060974
3,0.5992467403411865,0.463462769985199,-0.02931716851890087
4,0.623608410358429,0.4131906032562256,-0.03617776185274124
5,0.6552451848983765,0.5522734522819519,-0.019559700042009354
6,0.6657170057296753,0.5744753479957581,-0.014213377609848976
7,0.6400589942932129,0.5888564586639404,-0.009482105262577534
8,0.6199007630348206,0.5898635983467102,-0.009234434925019741
9,0.6722393035888672,0.6131187677383423,-0.020804332569241524
10,0.6748076677322388,0.6235204935073853,-0.008776936680078506
11,0.6491177082061768,0.6317917108535767,-0.003749971278011799
12,0.6254052519798279,0.6344354152679443,-0.006796563975512981
13,0.6726292371749878,0.6727194786071777,-0.019948696717619896
14,0.6703421473503113,0.6705704927444458,-0.008865820243954659
15,0.6488821506500244,0.6768717765808105,0.00013269779447000474
16,0.6256757974624634,0.6792676448822021,-0.0005852566682733595
17,0.6646620035171509,0.7251139283180237,-0.019854992628097534
18,0.6660575866699219,0.7185119986534119,-0.012737534940242767
19,0.6467834711074829,0.719995379447937,-0.0021984917111694813
20,0.6266915798187256,0.7194390296936035,0.003424398833885789