0,0.2513240575790405,0.8437517285346985,-7.051563244431236e-08
1,0.24589619040489197,0.7469584345817566,-0.01232223492115736
2,0.2260766327381134,0.6807082891464233,-0.024904683232307434
3,0.20138779282569885,0.6255825757980347,-0.035577163100242615
4,0.1881759613752365,0.5782575607299805,-0.04422087222337723
5,0.1300889253616333,0.7231185436248779,-0.02158467099070549
6,0.10558420419692993,0.7027485370635986,-0.027332043275237083
7,0.13292057812213898,0.7086641788482666,-0.032991550862789154
8,0.15422283113002777,0.7218714952468872,-0.03698894754052162
9,0.11594328284263611,0.7813265323638916,-0.01938643679022789
10,0.10173477232456207,0.7496848106384277,-0.016338376328349113
11,0.12593211233615875,0.7512249946594238,-0.01591169275343418
12,0.14429941773414612,0.7646544575691223,-0.01951744221150875
13,0.11500369757413864,0.8340890407562256,-0.016949357464909554
14,0.10572733730077744,0.795989453792572,-0.012575795873999596
15,0.12467020004987717,0.7959919571876526,-0.007802807725965977
16,0.14359892904758453,0.8087958693504333,-0.008403701707720757
17,0.11943542212247849,0.8780368566513062,-0.015707090497016907
18,0.11199811846017838,0.8436962962150574,-0.01127622276544571
19,0.1298886388540268,0.8410738110542297,-0.00352658424526453
20,0.14637084305286407,0.8493101596832275,0.001417327206581831