0,0.248355895280838,0.5723244547843933,-2.829676759574795e-07
1,0.27224066853523254,0.49008676409721375,-0.014661033637821674
2,0.31641706824302673,0.40130406618118286,-0.029705027118325233
3,0.341484934091568,0.33251065015792847,-0.04328649491071701
4,0.34811931848526,0.2731386423110962,-0.05357039347290993
5,0.383916437625885,0.4277880787849426,-0.027913309633731842
6,0.44537991285324097,0.47478100657463074,-0.04544060304760933
7,0.4264831244945526,0.4910222589969635,-0.05633091181516647
8,0.39918556809425354,0.4846791923046112,-0.0630447268486023
9,0.3868774175643921,0.4907183051109314,-0.0328502394258976
10,0.4511244297027588,0.5284990072250366,-0.044254984706640244
11,0.4275079071521759,0.5418741106987,-0.04628307372331619
12,0.3977609872817993,0.536460816860199,-0.04846201092004776
13,0.38475215435028076,0.5549851059913635,-0.03857167437672615
14,0.4413461983203888,0.5814958214759827,-0.045998696237802505
15,0.4179290235042572,0.5897555351257324,-0.03496624156832695
16,0.3889833986759186,0.5844337940216064,-0.028597911819815636
17,0.37724030017852783,0.6154706478118896,-0.04567620903253555
18,0.4238387942314148,0.6237221956253052,-0.04713452607393265
19,0.4032478630542755,0.6258077025413513,-0.033573001623153687
20,0.37911561131477356,0.6211559176445007,-0.02397533692419529