0,0.055134229362010956,0.7206991910934448,-3.500299499137327e-07
1,0.07988130301237106,0.6364267468452454,-0.016266534104943275
2,0.12647375464439392,0.5421338677406311,-0.03553462773561478
3,0.14008407294750214,0.4749623239040375,-0.05115143954753876
4,0.1336272656917572,0.4152836799621582,-0.06371789425611496
5,0.15518499910831451,0.5815118551254272,-0.06319558620452881
6,0.25001296401023865,0.6074302196502686,-0.09088218212127686
7,0.21992935240268707,0.6105319261550903,-0.10129673033952713
8,0.17860333621501923,0.6030568480491638,-0.10499997437000275
9,0.15213671326637268,0.6454856991767883,-0.0664796531200409
10,0.2508418560028076,0.6621723771095276,-0.08442127704620361
11,0.21803024411201477,0.6584583520889282,-0.07821016758680344
12,0.1776461899280548,0.6550016403198242,-0.07530320435762405
13,0.14903225004673004,0.7081849575042725,-0.06913238018751144
14,0.2376345992088318,0.7133389115333557,-0.07704722136259079
15,0.2102431207895279,0.7076454162597656,-0.05813268944621086
16,0.17470593750476837,0.7065790295600891,-0.04781503975391388
17,0.14469841122627258,0.7648600935935974,-0.07284759730100632
18,0.21349456906318665,0.7569050788879395,-0.07151568681001663
19,0.1931522637605667,0.7514631748199463,-0.05434154346585274
20,0.16432631015777588,0.7508640885353088,-0.04440026357769966