0,0.5027856230735779,0.7245908975601196,-7.217077069299194e-08
1,0.5029246807098389,0.6382768154144287,0.0006211946019902825
2,0.4869183599948883,0.5704847574234009,-0.00404252577573061
3,0.4596695303916931,0.5554885864257812,-0.009046806953847408
4,0.4387170970439911,0.5732550621032715,-0.014138035476207733
5,0.4098355174064636,0.5687130093574524,-0.015271294862031937
6,0.35248425602912903,0.5687441825866699,-0.0228368379175663
7,0.36819320917129517,0.5853614807128906,-0.027508795261383057
8,0.39252719283103943,0.590729296207428,-0.02948780730366707
9,0.393497496843338,0.624151885509491,-0.019667543470859528
10,0.3510764241218567,0.6180200576782227,-0.019255362451076508
11,0.36787307262420654,0.6293877363204956,-0.017781492322683334
12,0.39103734493255615,0.6360724568367004,-0.018481843173503876
13,0.38624343276023865,0.6797994375228882,-0.02272985503077507
14,0.35821831226348877,0.6700087785720825,-0.01946217380464077
15,0.37470731139183044,0.6773577332496643,-0.012671366333961487
16,0.3956027030944824,0.6841844320297241,-0.010450292378664017
17,0.3865698277950287,0.7331159114837646,-0.02574661560356617
18,0.3702356219291687,0.7163921594619751,-0.021390946581959724
19,0.38714998960494995,0.7204136252403259,-0.011347086168825626
20,0.40407267212867737,0.7255612015724182,-0.003959223628044128