0,0.278364896774292,0.6037498116493225,-2.7781351263911347e-07
1,0.2735883891582489,0.49055472016334534,-0.019928518682718277
2,0.25078216195106506,0.39732861518859863,-0.03806151822209358
3,0.21946074068546295,0.3197844624519348,-0.05236967280507088
4,0.19830113649368286,0.2529488503932953,-0.06560465693473816
5,0.1288226991891861,0.42520302534103394,-0.03952675312757492
6,0.14145737886428833,0.41384825110435486,-0.0492921806871891
7,0.17987103760242462,0.43399783968925476,-0.05841492488980293
8,0.20230233669281006,0.45452824234962463,-0.06654410809278488
9,0.1059533953666687,0.4939269721508026,-0.03723751753568649
10,0.12673528492450714,0.4752192199230194,-0.03854256868362427
11,0.16136693954467773,0.49078476428985596,-0.0419318825006485
12,0.18031525611877441,0.5114112496376038,-0.04984125867486
13,0.10279840975999832,0.5613245964050293,-0.03396400436758995
14,0.12452438473701477,0.5430247187614441,-0.03611224889755249
15,0.1546124368906021,0.549166738986969,-0.03396756574511528
16,0.1751781404018402,0.5643230080604553,-0.037042565643787384
17,0.10796524584293365,0.6208186149597168,-0.03221631050109863
18,0.12884990870952606,0.6024529933929443,-0.03563075512647629
19,0.15891654789447784,0.6021950244903564,-0.030719751492142677
20,0.17750824987888336,0.6102319955825806,-0.027134239673614502