0,0.7787991762161255,0.8482708930969238,-1.0664739136245771e-07
1,0.7617670893669128,0.753139078617096,-0.0030723782256245613
2,0.7280693054199219,0.6651954054832458,-0.017465945333242416
3,0.7194319367408752,0.5923125743865967,-0.03219962865114212
4,0.7299039363861084,0.5336591601371765,-0.04777011275291443
5,0.6886658072471619,0.6974248886108398,-0.04432506486773491
6,0.61330246925354,0.6867360472679138,-0.06133309379220009
7,0.6372538805007935,0.7000918984413147,-0.0672081708908081
8,0.6670417785644531,0.7036716341972351,-0.0691278725862503
9,0.6810177564620972,0.7616419196128845,-0.05191829428076744
10,0.6069749593734741,0.7391281127929688,-0.06195060536265373
11,0.6317209005355835,0.7505364418029785,-0.05708532780408859
12,0.6616594195365906,0.7572386860847473,-0.055129263550043106
13,0.67598557472229,0.8225590586662292,-0.05762600153684616
14,0.6093503832817078,0.7920476198196411,-0.06464065611362457
15,0.6318953037261963,0.8003096580505371,-0.05018716678023338
16,0.6606118679046631,0.8086203932762146,-0.041335538029670715
17,0.6731908917427063,0.8778282403945923,-0.06307324022054672
18,0.6178702116012573,0.8414669036865234,-0.06609322130680084
19,0.6389211416244507,0.8468869924545288,-0.050639357417821884
20,0.664531409740448,0.8581504821777344,-0.03928441181778908