0,0.18779674172401428,0.5578638911247253,-3.827094872121961e-07
1,0.19822031259536743,0.45720481872558594,-0.016870029270648956
2,0.1820860207080841,0.3642576038837433,-0.03156787157058716
3,0.1615085005760193,0.28699949383735657,-0.042974717915058136
4,0.15256157517433167,0.22568868100643158,-0.05429435893893242
5,0.07049405574798584,0.3670177459716797,-0.03999591991305351
6,0.08265389502048492,0.3820362985134125,-0.04959535226225853
7,0.11766846477985382,0.4054945409297943,-0.05853350833058357
8,0.13637423515319824,0.42064738273620605,-0.06692104786634445
9,0.04440800100564957,0.4291994869709015,-0.03932098299264908
10,0.06818941980600357,0.43541789054870605,-0.04069288447499275
11,0.09894698858261108,0.4544509947299957,-0.04386822134256363
12,0.11370678246021271,0.46988528966903687,-0.05193506181240082
13,0.035430245101451874,0.4937945604324341,-0.03736285865306854
14,0.057575974613428116,0.49380365014076233,-0.04001773148775101
15,0.08461825549602509,0.502248227596283,-0.038453225046396255
16,0.10102884471416473,0.5145719051361084,-0.04201962426304817
17,0.03424208611249924,0.5552313923835754,-0.036632321774959564
18,0.05434621497988701,0.5490764379501343,-0.04104888439178467
19,0.08204597234725952,0.5525062084197998,-0.03668104484677315
20,0.09751333296298981,0.5596599578857422,-0.033707160502672195