0,0.2822837829589844,0.37739720940589905,-2.1033923758295714e-07
1,0.2977065145969391,0.31030264496803284,-0.020006489008665085
2,0.3309410512447357,0.23268355429172516,-0.036895107477903366
3,0.3437616229057312,0.17036530375480652,-0.051052045077085495
4,0.34314045310020447,0.11707352101802826,-0.06173717603087425
5,0.3921637237071991,0.22902525961399078,-0.03431602567434311
6,0.4616900682449341,0.2888248860836029,-0.05328196659684181
7,0.4384864866733551,0.30525869131088257,-0.06415512412786484
8,0.4112517237663269,0.293844997882843,-0.07186172902584076
9,0.3946255147457123,0.2805855870246887,-0.036401379853487015
10,0.4634178876876831,0.3357953429222107,-0.04899070784449577
11,0.43778491020202637,0.3478463590145111,-0.0500359982252121
12,0.4101775586605072,0.33694005012512207,-0.05246023088693619
13,0.393585741519928,0.3386242687702179,-0.03983910009264946
14,0.45663151144981384,0.38231000304222107,-0.0493646115064621
15,0.4337339699268341,0.39087045192718506,-0.04022090882062912
16,0.4084166884422302,0.3823450207710266,-0.0352960042655468
17,0.3903018832206726,0.3973700702190399,-0.04513821750879288
18,0.4419378936290741,0.42021024227142334,-0.049367815256118774
19,0.4244549572467804,0.42448917031288147,-0.04047674685716629
20,0.4024648368358612,0.4199641942977905,-0.03437649458646774