0,0.4242730140686035,0.7571172118186951,-4.4274520405451767e-07
1,0.45118725299835205,0.6618675589561462,-0.0043996949680149555
2,0.4915211498737335,0.5892590284347534,-0.015089748427271843
3,0.5248068571090698,0.531014084815979,-0.02495349943637848
4,0.5413825511932373,0.4785868525505066,-0.031394392251968384
5,0.573069155216217,0.6351715326309204,-0.019412381574511528
6,0.6191380023956299,0.6632449626922607,-0.018153458833694458
7,0.5979719161987305,0.6716035604476929,-0.012724188156425953
8,0.5699557065963745,0.6664323806762695,-0.009657817892730236
9,0.5802388191223145,0.7033780813217163,-0.023962533101439476
10,0.6176524758338928,0.7166335582733154,-0.01679009385406971
11,0.5953213572502136,0.7173210978507996,-0.010041137225925922
12,0.5657525062561035,0.7149060964584351,-0.009428423829376698
13,0.5770366191864014,0.7657809257507324,-0.026947911828756332
14,0.6120325326919556,0.7680257558822632,-0.018915290012955666
15,0.593887209892273,0.7669723629951477,-0.006782881449908018
16,0.5664204955101013,0.7655085325241089,-0.003486326429992914
17,0.567044734954834,0.8195287585258484,-0.03021697886288166
18,0.5988242030143738,0.8113310933113098,-0.02400500513613224
19,0.5832167267799377,0.8071142435073853,-0.010454868897795677
20,0.5621392130851746,0.8065844178199768,-0.0018683638190850616