0,0.7531644105911255,0.5393739342689514,-5.722331479773857e-07
1,0.7397164702415466,0.45124509930610657,-0.017466668039560318
2,0.7667863965034485,0.377174437046051,-0.025378182530403137
3,0.8005596995353699,0.323733925819397,-0.030155904591083527
4,0.821110188961029,0.2762158215045929,-0.03251972422003746
5,0.8582198023796082,0.4026447534561157,-0.009848355315625668
6,0.8412389159202576,0.40505191683769226,-0.012613337486982346
7,0.8184483051300049,0.42180824279785156,-0.019017556682229042
8,0.8060870170593262,0.4340256452560425,-0.02549082227051258
9,0.8776454329490662,0.45069459080696106,-0.006920529063791037
10,0.8531221747398376,0.4498167634010315,-0.0036683378275483847
11,0.83286052942276,0.4617145359516144,-0.008476386778056622
12,0.8205724358558655,0.47366318106651306,-0.01598995551466942
13,0.8813793659210205,0.4992060959339142,-0.004732038360089064
14,0.8562802076339722,0.4912748336791992,-0.0047049070708453655
15,0.838533878326416,0.4983007311820984,-0.005089286249130964
16,0.8260827660560608,0.5059488415718079,-0.008415419608354568
17,0.87604159116745,0.5431488156318665,-0.004357906058430672
18,0.8578370809555054,0.5366507172584534,-0.006329967640340328
19,0.8415597677230835,0.5399850010871887,-0.003628498176112771
20,0.829605758190155,0.5447295904159546,-0.0015611763810738921