0,0.6769184470176697,0.667046844959259,-6.542790060848347e-07
1,0.6813082098960876,0.5691813230514526,-0.015287702903151512
2,0.716320276260376,0.4982267916202545,-0.026553314179182053
3,0.7547193765640259,0.4384211003780365,-0.034466616809368134
4,0.7788540720939636,0.3854275345802307,-0.03959892690181732
5,0.8130785822868347,0.5314117074012756,-0.01898585818707943
6,0.8038470149040222,0.5283330678939819,-0.017136935144662857
7,0.7758356332778931,0.5424553155899048,-0.017195628955960274
8,0.7582913041114807,0.5531675815582275,-0.01989603042602539
9,0.8295599818229675,0.5887814164161682,-0.016921887174248695
10,0.8118185997009277,0.580696165561676,-0.008642195723950863
11,0.7871232628822327,0.5886943340301514,-0.008956595323979855
12,0.7686640024185181,0.598889946937561,-0.015230205841362476
13,0.8274089694023132,0.6443893313407898,-0.013886318542063236
14,0.8068758845329285,0.6305873990058899,-0.008404787629842758
15,0.7857187390327454,0.6343342065811157,-0.005308161955326796
16,0.7681103348731995,0.6410530805587769,-0.008608967997133732
17,0.8163722157478333,0.6929420232772827,-0.012052800506353378
18,0.8005960583686829,0.682574987411499,-0.009292281232774258
19,0.7815105319023132,0.6800917387008667,-0.003308829152956605
20,0.766291081905365,0.6809052228927612,-0.0002771298459265381