0,0.8999544978141785,0.4982895851135254,-3.733668165750714e-07
1,0.8733444213867188,0.41146767139434814,-0.005085080862045288
2,0.8403250575065613,0.30482223629951477,-0.019630365073680878
3,0.8324952721595764,0.22234925627708435,-0.03373398259282112
4,0.846714973449707,0.15309491753578186,-0.048421118408441544
5,0.8321652412414551,0.2951676547527313,-0.04139897972345352
6,0.739010214805603,0.32741397619247437,-0.06525102257728577
7,0.7568692564964294,0.356082558631897,-0.07533862441778183
8,0.7852012515068054,0.3465021848678589,-0.08097517490386963
9,0.838061511516571,0.3498108386993408,-0.051119815558195114
10,0.7349075675010681,0.38302308320999146,-0.06994962692260742
11,0.7582788467407227,0.39911121129989624,-0.06633822619915009
12,0.7881426811218262,0.39349493384361267,-0.06593180447816849
13,0.8402552008628845,0.40889957547187805,-0.0606798455119133
14,0.7453016042709351,0.4312472939491272,-0.07865998893976212
15,0.7686898112297058,0.4449335038661957,-0.06559428572654724
16,0.7978656888008118,0.43870553374290466,-0.05735580623149872
17,0.8399353623390198,0.46715518832206726,-0.06997143477201462
18,0.7628928422927856,0.4764268696308136,-0.0833580270409584
19,0.7845330238342285,0.48294633626937866,-0.07483687251806259
20,0.8144502639770508,0.4785587191581726,-0.06763715296983719