0,0.7282154560089111,0.8889209628105164,-3.8737297813895566e-07
1,0.7285845875740051,0.803047239780426,-0.011353638023138046
2,0.7589979767799377,0.7403281331062317,-0.016612583771348
3,0.7914596199989319,0.6946545243263245,-0.019232086837291718
4,0.8128008246421814,0.655065655708313,-0.019727643579244614
5,0.8371372818946838,0.7629284262657166,-0.003831419860944152
6,0.8206337690353394,0.7570080161094666,0.0024835197255015373
7,0.798468828201294,0.7703719139099121,0.003184224246069789
8,0.7863986492156982,0.7808713912963867,0.0010137353092432022
9,0.8511687517166138,0.806678295135498,-0.000769731355831027
10,0.828302264213562,0.7990813255310059,0.00914315041154623
11,0.8089117407798767,0.807946503162384,0.007029279135167599
12,0.7964833378791809,0.8194213509559631,0.0011217676801607013
13,0.8511625528335571,0.8501909971237183,0.002936623990535736
14,0.8304765224456787,0.8366684317588806,0.010156319476664066
15,0.8138822317123413,0.8414021134376526,0.010322879999876022
16,0.8012068271636963,0.8497875928878784,0.006428068038076162
17,0.8450421094894409,0.8895483016967773,0.0056473263539373875
18,0.832597017288208,0.8761208057403564,0.009751935489475727
19,0.8177210092544556,0.8777129054069519,0.014221676625311375
20,0.8066601753234863,0.8836318254470825,0.016831671819090843