0,0.34384721517562866,0.9442870020866394,-2.801204459501605e-07
1,0.3552570641040802,0.8675671219825745,-0.005627377890050411
2,0.37788528203964233,0.8003197908401489,-0.016916517168283463
3,0.40145570039749146,0.7434751987457275,-0.02679581381380558
4,0.41461971402168274,0.6962409615516663,-0.03369250148534775
5,0.44483405351638794,0.8054897785186768,-0.022714093327522278
6,0.48423561453819275,0.8194345831871033,-0.025938980281352997
7,0.4686988890171051,0.8413298726081848,-0.024438273161649704
8,0.4478470981121063,0.8445866703987122,-0.02367531880736351
9,0.4593217074871063,0.8580840826034546,-0.025322025641798973
10,0.49282416701316833,0.8653586506843567,-0.020472776144742966
11,0.4744568467140198,0.8805741667747498,-0.014098979532718658
12,0.450827032327652,0.8826857209205627,-0.013417697511613369
13,0.4651908576488495,0.9096850752830505,-0.026673253625631332
14,0.48889023065567017,0.9103990197181702,-0.019659072160720825
15,0.4730931222438812,0.9214591979980469,-0.008040348999202251
16,0.45110607147216797,0.9241511821746826,-0.005100487731397152
17,0.4652523994445801,0.9575902223587036,-0.028594473376870155
18,0.4796948730945587,0.9504279494285583,-0.02330026589334011
19,0.46223801374435425,0.9563959836959839,-0.011838962323963642
20,0.44352987408638,0.9584229588508606,-0.004888428840786219