0,0.5185056924819946,0.91129469871521,-1.3078046379177977e-07
1,0.5147824883460999,0.8284567594528198,-0.0038564996793866158
2,0.5009424686431885,0.7582149505615234,-0.011589434929192066
3,0.4812246263027191,0.6994197964668274,-0.01913730427622795
4,0.46596163511276245,0.6557756066322327,-0.026123329997062683
5,0.418446809053421,0.7644507884979248,-0.009965900331735611
6,0.41220715641975403,0.7540179491043091,-0.010522632859647274
7,0.4355620741844177,0.7698224186897278,-0.014800513163208961
8,0.4494447410106659,0.7821690440177917,-0.019508475437760353
9,0.39998605847358704,0.8103423118591309,-0.012288987636566162
10,0.40270403027534485,0.7975261807441711,-0.0063934591598808765
11,0.42406702041625977,0.8096995949745178,-0.007856804877519608
12,0.43700626492500305,0.8228866457939148,-0.013149095699191093
13,0.39481833577156067,0.8582607507705688,-0.01322142779827118
14,0.3955554962158203,0.8409348726272583,-0.007275871001183987
15,0.4150294065475464,0.8496142029762268,-0.0021393056958913803
16,0.43045714497566223,0.8614060282707214,-0.002619596431031823
17,0.3953908383846283,0.9026764035224915,-0.014571264386177063
18,0.3908288776874542,0.8870413303375244,-0.009901342913508415
19,0.4092382490634918,0.8912702202796936,-0.00023510408936999738
20,0.42313334345817566,0.8991848230361938,0.006527387071400881