0,0.5734119415283203,0.9337154626846313,-3.9409502505804994e-07
1,0.5784934163093567,0.8441861271858215,-0.011590695008635521
2,0.6078295707702637,0.7793139219284058,-0.019517414271831512
3,0.6424365639686584,0.7288767099380493,-0.025726905092597008
4,0.6675299406051636,0.6862828731536865,-0.029722848907113075
5,0.6880856156349182,0.8019742369651794,-0.005238854791969061
6,0.6882577538490295,0.8024976849555969,-0.004965858068317175
7,0.6659753322601318,0.814695417881012,-0.008323241956532001
8,0.6486337780952454,0.8221143484115601,-0.012385829351842403
9,0.7045172452926636,0.852148711681366,-0.0035962348338216543
10,0.6908828020095825,0.8477092981338501,0.0020214866381138563
11,0.6706291437149048,0.8547400832176208,-0.0017402180237695575
12,0.6532513499259949,0.8630747199058533,-0.008220856077969074
13,0.7060073018074036,0.9003082513809204,-0.0019652314949780703
14,0.6912168264389038,0.8903176188468933,0.001978644635528326
15,0.673308253288269,0.8944434523582458,0.0032674253452569246
16,0.6562583446502686,0.900490403175354,0.0007696401444263756
17,0.7003445029258728,0.9433501958847046,-0.0015257098712027073
18,0.6883413195610046,0.933469295501709,0.0004671143542509526
19,0.6716278195381165,0.9351014494895935,0.005158484913408756
20,0.657514750957489,0.9386299252510071,0.008463088423013687