0,0.3534853160381317,0.9304007887840271,-2.930309790372121e-07
1,0.36981824040412903,0.8523919582366943,-0.00575582729652524
2,0.3968656361103058,0.7800381183624268,-0.0160976629704237
3,0.42303603887557983,0.722926139831543,-0.025749674066901207
4,0.43666529655456543,0.6762952208518982,-0.032719943672418594
5,0.4591275155544281,0.793096661567688,-0.018736423924565315
6,0.5032413005828857,0.8111684322357178,-0.02600346878170967
7,0.4871119558811188,0.8324947357177734,-0.028807515278458595
8,0.4654412865638733,0.8347645401954651,-0.030339892953634262
9,0.47108015418052673,0.8454717993736267,-0.022135453298687935
10,0.5105701088905334,0.8558399081230164,-0.020327726379036903
11,0.4920977056026459,0.8716365098953247,-0.016544396057724953
12,0.4679630398750305,0.8736411929130554,-0.016699938103556633
13,0.4758358597755432,0.8975799083709717,-0.025085851550102234
14,0.5047130584716797,0.9015057682991028,-0.02075955644249916
15,0.488032728433609,0.9121013283729553,-0.01132659800350666
16,0.4648761749267578,0.9139906764030457,-0.008619562722742558
17,0.47524988651275635,0.9467202425003052,-0.028702495619654655
18,0.4937097132205963,0.9404955506324768,-0.024436896666884422
19,0.4772120416164398,0.9465242624282837,-0.014037134125828743
20,0.4589718282222748,0.9488652348518372,-0.007330951746553183