0,0.7681695818901062,0.8939995765686035,-3.218478070721176e-07
1,0.7667619585990906,0.8074344992637634,-0.012310996651649475
2,0.7967478036880493,0.7471532821655273,-0.0173321682959795
3,0.8295440077781677,0.7041969299316406,-0.02009296976029873
4,0.8501867651939392,0.6642260551452637,-0.021308327093720436
5,0.8706592917442322,0.7720673084259033,-0.0005493871867656708
6,0.855745255947113,0.7667701244354248,0.003483281470835209
7,0.8353679776191711,0.7778685092926025,0.0007955539040267467
8,0.8237403631210327,0.7884070873260498,-0.003417237661778927
9,0.8843086957931519,0.815585196018219,0.003108834847807884
10,0.8656165599822998,0.8058344125747681,0.011873072013258934
11,0.8494171500205994,0.8122774958610535,0.008131985552608967
12,0.8387789130210876,0.8243104219436646,0.0011799177154898643
13,0.8839830756187439,0.8569298982620239,0.006701427977532148
14,0.8667566776275635,0.8420222997665405,0.012566178105771542
15,0.8524256944656372,0.845613420009613,0.011826884932816029
16,0.8409903645515442,0.8545095920562744,0.007737522013485432
17,0.8781638145446777,0.8931496739387512,0.00913267768919468
18,0.8680821657180786,0.8798096776008606,0.012719237245619297
19,0.8552078604698181,0.8809967637062073,0.016695428639650345
20,0.8453612327575684,0.886842668056488,0.018908878788352013