0,0.7014437913894653,0.8567520380020142,-1.441079575670301e-07
1,0.7115327715873718,0.7864664196968079,0.001924871583469212
2,0.7084325551986694,0.7132925987243652,-0.0010980701772496104
3,0.7012450098991394,0.6616831421852112,-0.004961883649230003
4,0.6975640058517456,0.6240211129188538,-0.009360441006720066
5,0.6528592109680176,0.688916802406311,-0.00554795702919364
6,0.6100078821182251,0.7017745971679688,-0.009013370610773563
7,0.6193885207176208,0.7253174185752869,-0.011816789396107197
8,0.6369116306304932,0.7326108813285828,-0.01376604288816452
9,0.6367316842079163,0.721340000629425,-0.010825132019817829
10,0.5981223583221436,0.7356812953948975,-0.011250920593738556
11,0.6107379794120789,0.7549294829368591,-0.01038589421659708
12,0.6298207640647888,0.7606661915779114,-0.01151668094098568
13,0.6247686743736267,0.7604306936264038,-0.015280619263648987
14,0.5908011198043823,0.7683492302894592,-0.016886116936802864
15,0.6035988330841064,0.7852057814598083,-0.011589309200644493
16,0.6219878792762756,0.7904003858566284,-0.009532196447253227
17,0.6154481768608093,0.8012124300003052,-0.019537456333637238
18,0.5886879563331604,0.8011758327484131,-0.02235116995871067
19,0.6022644639015198,0.816254734992981,-0.01624283753335476
20,0.6187167167663574,0.8220697641372681,-0.010597992688417435