0,0.4608461558818817,0.9243463277816772,-7.827731707266139e-08
1,0.4475070834159851,0.8450817465782166,-0.008428087458014488
2,0.42179450392723083,0.7788182497024536,-0.01715138368308544
3,0.38945096731185913,0.7299689054489136,-0.02454843744635582
4,0.36609214544296265,0.6908843517303467,-0.03116597793996334
5,0.34054601192474365,0.8120387196540833,-0.011918039061129093
6,0.33886852860450745,0.8016506433486938,-0.012775416485965252
7,0.3642008900642395,0.8095746636390686,-0.017719274386763573
8,0.3791177272796631,0.8194921016693115,-0.022815806791186333
9,0.3286193609237671,0.8648241758346558,-0.011247015558183193
10,0.3295305371284485,0.8475263118743896,-0.005915728863328695
11,0.3523220419883728,0.851854145526886,-0.008142266422510147
12,0.3686080276966095,0.8640050888061523,-0.01383903156965971
13,0.33005791902542114,0.9138824343681335,-0.009684830904006958
14,0.32928967475891113,0.8965314030647278,-0.004136648960411549
15,0.3494192361831665,0.8966882824897766,-0.0009084203047677875
16,0.36749354004859924,0.9046661257743835,-0.002552720718085766
17,0.33646339178085327,0.9566482305526733,-0.008873268961906433
18,0.33313292264938354,0.9419200420379639,-0.00445911567658186
19,0.3517702519893646,0.9385757446289062,0.0029902555979788303
20,0.3672414720058441,0.9431648254394531,0.00800239946693182