0,0.5056581497192383,0.9342004656791687,-3.727518844698352e-07
1,0.514640212059021,0.8476097583770752,-0.010076567530632019
2,0.5394224524497986,0.7818142175674438,-0.020604291930794716
3,0.5710362195968628,0.7265114784240723,-0.028947893530130386
4,0.5948367714881897,0.6827170252799988,-0.03482586517930031
5,0.6166881322860718,0.7968073487281799,-0.01627175323665142
6,0.6275991797447205,0.8117376565933228,-0.014310299418866634
7,0.6063910722732544,0.8279126882553101,-0.013083718717098236
8,0.5882660746574402,0.8313943147659302,-0.014305967837572098
9,0.6334952712059021,0.8496999144554138,-0.01494588889181614
10,0.6309244632720947,0.8537852764129639,-0.007528581656515598
11,0.6109393239021301,0.8624252676963806,-0.007138999179005623
12,0.592086672782898,0.8672442436218262,-0.011809306219220161
13,0.6365868449211121,0.9005677700042725,-0.012281522154808044
14,0.6306479573249817,0.8957061171531677,-0.005025919992476702
15,0.6137803196907043,0.9018758535385132,0.00016854474961291999
16,0.5954407453536987,0.9066500663757324,-0.0012886221520602703
17,0.6335117220878601,0.9455617666244507,-0.010467755608260632
18,0.6268258690834045,0.9374571442604065,-0.005330055020749569
19,0.6097347140312195,0.9400719404220581,0.001975732622668147
20,0.5938085913658142,0.9434083700180054,0.006051350384950638