0,0.5245437622070312,0.9359642267227173,-8.023739184181977e-08
1,0.5236039161682129,0.856681227684021,-0.0065512522123754025
2,0.5137027502059937,0.7880224585533142,-0.015924323350191116
3,0.4964199662208557,0.73186194896698,-0.024224169552326202
4,0.48412245512008667,0.687727689743042,-0.031954776495695114
5,0.4306727647781372,0.7922896146774292,-0.016993448138237
6,0.4289257228374481,0.7860164642333984,-0.017975712195038795
7,0.4506612718105316,0.8005581498146057,-0.02121894434094429
8,0.46317338943481445,0.8138672113418579,-0.024777639657258987
9,0.4098273515701294,0.8382866382598877,-0.017368247732520103
10,0.41809898614883423,0.8285483121871948,-0.011258216574788094
11,0.4387480616569519,0.839968740940094,-0.011459040455520153
12,0.450764924287796,0.8541142344474792,-0.016145339235663414
13,0.4024723172187805,0.8858005404472351,-0.016272734850645065
14,0.41117507219314575,0.8727646470069885,-0.008903058245778084
15,0.42951226234436035,0.8808156251907349,-0.004503612406551838
16,0.4441705644130707,0.8930290937423706,-0.0060802847146987915
17,0.4005872309207916,0.9294933080673218,-0.01591661013662815
18,0.40588027238845825,0.9183701276779175,-0.00995595008134842
19,0.4243916869163513,0.9236428737640381,-0.002230884274467826
20,0.437507301568985,0.9327476024627686,0.0026228809729218483