0,0.4836982190608978,0.9058850407600403,-7.137514046462456e-08
1,0.47926002740859985,0.8211758732795715,-0.00542514817789197
2,0.46511679887771606,0.7504255175590515,-0.013891343958675861
3,0.4417354464530945,0.6962972283363342,-0.022072818130254745
4,0.4254772365093231,0.652738094329834,-0.030071595683693886
5,0.38534653186798096,0.7646311521530151,-0.01166668813675642
6,0.36915794014930725,0.76692795753479,-0.013035479933023453
7,0.3903633952140808,0.7783421277999878,-0.016936391592025757
8,0.4076733887195587,0.7842995524406433,-0.021186621859669685
9,0.369594544172287,0.8155078291893005,-0.013988902792334557
10,0.35914236307144165,0.8080683946609497,-0.009676031768321991
11,0.37871843576431274,0.8166005611419678,-0.010796895250678062
12,0.3958977460861206,0.8255617022514343,-0.015693575143814087
13,0.3657441735267639,0.86639004945755,-0.015259221196174622
14,0.35417410731315613,0.8544226288795471,-0.011828326620161533
15,0.3725198209285736,0.8599904775619507,-0.006641224026679993
16,0.3914848268032074,0.8678308725357056,-0.006730136927217245
17,0.367200642824173,0.9127501249313354,-0.016978727653622627
18,0.35392922163009644,0.9012065529823303,-0.014833466149866581
19,0.37189093232154846,0.9028589725494385,-0.005816368386149406
20,0.38809967041015625,0.9076195955276489,0.0005869046435691416