0,0.6786671876907349,0.8851926922798157,-1.1973008895438397e-07
1,0.6821423768997192,0.8055219650268555,8.630064985482022e-05
2,0.6727520823478699,0.7318596839904785,-0.005505312699824572
3,0.6640799045562744,0.6715847849845886,-0.011779109947383404
4,0.6644843220710754,0.6255773901939392,-0.018615208566188812
5,0.6116403341293335,0.720648467540741,-0.011340231634676456
6,0.5692251920700073,0.7271031141281128,-0.013437092304229736
7,0.5825371742248535,0.7471325993537903,-0.014644294045865536
8,0.6019253134727478,0.7541144490242004,-0.01570400968194008
9,0.5916004776954651,0.7618569135665894,-0.015392187051475048
10,0.5566383600234985,0.7580291628837585,-0.013240303844213486
11,0.5708946585655212,0.7762152552604675,-0.011062939651310444
12,0.5904975533485413,0.7849324941635132,-0.01179033424705267
13,0.5791776180267334,0.8075028657913208,-0.01788516342639923
14,0.5511541962623596,0.7943223714828491,-0.015442893840372562
15,0.5653001070022583,0.8109450936317444,-0.0075918762013316154
16,0.5840514302253723,0.8207099437713623,-0.00474149314686656
17,0.5722202062606812,0.852339506149292,-0.020352108404040337
18,0.551151692867279,0.8330765962600708,-0.018286779522895813
19,0.5656312704086304,0.8459993600845337,-0.008418230339884758
20,0.5809860825538635,0.8550955057144165,-0.000994075438939035