0,0.8593653440475464,0.913251519203186,-1.9555817232230766e-07
1,0.8542259931564331,0.8518651723861694,-0.003144995542243123
2,0.8387815356254578,0.7765421271324158,-0.014677501283586025
3,0.8396916389465332,0.7212648987770081,-0.0257283803075552
4,0.853448748588562,0.675953209400177,-0.03757748752832413
5,0.831506073474884,0.7790433764457703,-0.036382608115673065
6,0.7660232782363892,0.7754165530204773,-0.052866313606500626
7,0.7760102152824402,0.7959216237068176,-0.05803629383444786
8,0.7971698045730591,0.7999515533447266,-0.059939488768577576
9,0.8264356851577759,0.8216744661331177,-0.04330171272158623
10,0.754290759563446,0.8139749765396118,-0.05643398314714432
11,0.769474983215332,0.8281702995300293,-0.052433907985687256
12,0.7929539680480957,0.8333943486213684,-0.05054574832320213
13,0.8206601738929749,0.8654046058654785,-0.0493975505232811
14,0.7568680644035339,0.851883053779602,-0.061901580542325974
15,0.7731484770774841,0.8632695078849792,-0.05191924422979355
16,0.79566490650177,0.86830073595047,-0.04500565305352211
17,0.8147590756416321,0.9049881100654602,-0.05495251715183258
18,0.7643783688545227,0.8866252303123474,-0.06448742747306824
19,0.7781428694725037,0.8936886787414551,-0.05742735043168068
20,0.7980005741119385,0.899764358997345,-0.05144635960459709