0,0.7226645350456238,0.8560090661048889,-1.977087293880686e-07
1,0.7331617474555969,0.7904699444770813,0.0008209937368519604
2,0.7268015146255493,0.724054217338562,-0.0021389920730143785
3,0.7143364548683167,0.6822911500930786,-0.006055684294551611
4,0.7008556127548218,0.6665506362915039,-0.009618207812309265
5,0.6791099905967712,0.6855159997940063,-0.0036831076722592115
6,0.6316646933555603,0.6966885328292847,-0.01179065927863121
7,0.6405645608901978,0.7206368446350098,-0.017872340977191925
8,0.6595267653465271,0.7280331254005432,-0.021256938576698303
9,0.6622193455696106,0.713719367980957,-0.008911414071917534
10,0.6176401376724243,0.7262231707572937,-0.012815193273127079
11,0.6285724639892578,0.747955858707428,-0.012311636470258236
12,0.6474870443344116,0.7527803778648376,-0.012766161002218723
13,0.6485608816146851,0.7501762509346008,-0.014206749387085438
14,0.610924243927002,0.7607174515724182,-0.018279477953910828
15,0.6224560141563416,0.7799198627471924,-0.012509116902947426
16,0.6403172612190247,0.7826820015907288,-0.009312690235674381
17,0.6380974650382996,0.7900464534759521,-0.019729312509298325
18,0.6104757189750671,0.7910955548286438,-0.02334723435342312
19,0.6227006912231445,0.8088967800140381,-0.017044425010681152
20,0.6386578679084778,0.8158966898918152,-0.01110282726585865