0,0.8692494630813599,0.8914329409599304,-2.095343347718881e-07
1,0.8602871894836426,0.8284527063369751,-0.0017268660012632608
2,0.840458333492279,0.7535172700881958,-0.012235880829393864
3,0.836867094039917,0.6980505585670471,-0.02270514704287052
4,0.8464581370353699,0.6521247625350952,-0.0339696928858757
5,0.8281789422035217,0.7568368315696716,-0.03437980264425278
6,0.762854278087616,0.7585662603378296,-0.050346739590168
7,0.7751539349555969,0.7787430286407471,-0.05505962669849396
8,0.7975861430168152,0.7815766334533691,-0.05650798976421356
9,0.8254677057266235,0.7999486327171326,-0.04180711880326271
10,0.7549830675125122,0.79963618516922,-0.05411495640873909
11,0.7710881233215332,0.8134260177612305,-0.04971913993358612
12,0.7947918772697449,0.815778374671936,-0.04752995818853378
13,0.8230655193328857,0.8446300625801086,-0.048333752900362015
14,0.7593072056770325,0.8379766345024109,-0.06005458906292915
15,0.7762752771377563,0.848840057849884,-0.04955703765153885
16,0.7993474006652832,0.8514268398284912,-0.042349159717559814
17,0.8208416700363159,0.8860210180282593,-0.05424075573682785
18,0.7695637345314026,0.8737355470657349,-0.06302326917648315
19,0.7835052609443665,0.8794052004814148,-0.055295150727033615
20,0.8040715456008911,0.8829012513160706,-0.04880242794752121