0,0.4832278788089752,1.0232089757919312,-1.2499657486841897e-07
1,0.4899980425834656,0.9469542503356934,-0.004069180693477392
2,0.471174955368042,0.875332236289978,-0.0042990222573280334
3,0.44132938981056213,0.8253771066665649,-0.003915232606232166
4,0.422926127910614,0.7847632169723511,-0.0035103776026517153
5,0.3858868181705475,0.8932514190673828,0.013165479525923729
6,0.4024465084075928,0.8837474584579468,0.020412124693393707
7,0.42647814750671387,0.8991766571998596,0.015336207114160061
8,0.4357403516769409,0.9122969508171082,0.009114773944020271
9,0.3696323037147522,0.9393367767333984,0.015081995166838169
10,0.39275240898132324,0.9306525588035583,0.029750168323516846
11,0.41601037979125977,0.9420299530029297,0.02391812577843666
12,0.4254683554172516,0.9566271901130676,0.014421369880437851
13,0.367425799369812,0.9836930632591248,0.01740349642932415
14,0.38312575221061707,0.9741546511650085,0.029500840231776237
15,0.40299132466316223,0.9795644283294678,0.027887975797057152
16,0.414291650056839,0.9925616979598999,0.02182675711810589
17,0.3702108561992645,1.0221918821334839,0.019278477877378464
18,0.37813425064086914,1.0136692523956299,0.028901664540171623
19,0.3959712088108063,1.0175708532333374,0.035132672637701035
20,0.406660795211792,1.0270990133285522,0.03816784545779228