0,0.7801799178123474,0.9120571613311768,-1.6566147564844869e-07
1,0.7739182710647583,0.8420880436897278,-0.0015749420272186399
2,0.7553417086601257,0.7611677646636963,-0.011081216856837273
3,0.7537813782691956,0.7003064155578613,-0.020526064559817314
4,0.7623447179794312,0.6525723934173584,-0.030853338539600372
5,0.7335885763168335,0.7579652070999146,-0.030241230502724648
6,0.6692108511924744,0.76020747423172,-0.04310459643602371
7,0.6813055276870728,0.7819603085517883,-0.046971481293439865
8,0.7028027176856995,0.7840009331703186,-0.04860028252005577
9,0.7260971069335938,0.8008725047111511,-0.03713551163673401
10,0.658079981803894,0.7969158291816711,-0.046925581991672516
11,0.675001323223114,0.8159679770469666,-0.04261667653918266
12,0.6985419392585754,0.8216666579246521,-0.040634989738464355
13,0.7198963165283203,0.846717894077301,-0.042980171740055084
14,0.6573305130004883,0.8361504673957825,-0.052390266209840775
15,0.6746292114257812,0.8514561057090759,-0.041552044451236725
16,0.6977664828300476,0.856979250907898,-0.03440661355853081
17,0.714418888092041,0.8910227417945862,-0.04830976575613022
18,0.6653181314468384,0.8764771223068237,-0.055784814059734344
19,0.6799264550209045,0.8857594728469849,-0.04736960679292679
20,0.7003466486930847,0.8909487724304199,-0.04023768752813339