0,0.6885166168212891,0.8811215162277222,-1.2326063369982876e-07
1,0.6932646632194519,0.8023926615715027,7.63993666623719e-05
2,0.6828951835632324,0.7287827134132385,-0.004950568079948425
3,0.6739925146102905,0.6698573231697083,-0.010535270906984806
4,0.6746817231178284,0.6252688765525818,-0.016508422791957855
5,0.6252620816230774,0.7169615030288696,-0.011663456447422504
6,0.5814235210418701,0.7193131446838379,-0.014101464301347733
7,0.5949410200119019,0.7400176525115967,-0.015217644162476063
8,0.6144168972969055,0.7465399503707886,-0.01628749445080757
9,0.6051621437072754,0.7580282688140869,-0.015821879729628563
10,0.5671472549438477,0.7503612041473389,-0.014659490436315536
11,0.5820099115371704,0.7694830298423767,-0.012110339477658272
12,0.6018214821815491,0.7781263589859009,-0.01218603365123272
13,0.5920485854148865,0.802990198135376,-0.018570823594927788
14,0.5616645812988281,0.7877126336097717,-0.017544439062476158
15,0.576827347278595,0.8047637343406677,-0.009639810770750046
16,0.5958496928215027,0.8144150972366333,-0.00628176424652338
17,0.5846686959266663,0.8475775122642517,-0.021182745695114136
18,0.5629745721817017,0.8273590803146362,-0.02031484618782997
19,0.578123152256012,0.8411162495613098,-0.010701501742005348
20,0.5938382744789124,0.8504104614257812,-0.003302906407043338