0,0.6813586950302124,0.8881717920303345,-4.0928051703303936e-07
1,0.6755999326705933,0.7989145517349243,-0.007917684502899647
2,0.7047934532165527,0.7313515543937683,-0.009697684086859226
3,0.7392945289611816,0.6852850317955017,-0.010273058898746967
4,0.763688862323761,0.6485432982444763,-0.008877405896782875
5,0.7819795608520508,0.748826265335083,0.007727325428277254
6,0.7690834999084473,0.7447614073753357,0.011757108382880688
7,0.7470494508743286,0.759335994720459,0.008141690865159035
8,0.7364510893821716,0.7710944414138794,0.0032932034227997065
9,0.7979230284690857,0.7913535833358765,0.008797671645879745
10,0.7757764458656311,0.7873689532279968,0.01765902154147625
11,0.7571110725402832,0.7978755235671997,0.01345194224268198
12,0.7471577525138855,0.8108025789260864,0.006813082844018936
13,0.8001692891120911,0.8342710733413696,0.009553502313792706
14,0.7785316705703735,0.8257972002029419,0.015088599175214767
15,0.762166440486908,0.8327305316925049,0.014361586421728134
16,0.7514210939407349,0.842437207698822,0.010911619290709496
17,0.7963154911994934,0.87370765209198,0.00932144746184349
18,0.780256450176239,0.8639657497406006,0.01338029932230711
19,0.7642679810523987,0.8672579526901245,0.018004121258854866
20,0.7540887594223022,0.8740940690040588,0.021132931113243103