0,0.7593817710876465,0.8813869953155518,-2.536270358177717e-07
1,0.7511197924613953,0.7930734753608704,-0.008832747116684914
2,0.7778373956680298,0.7283197045326233,-0.010293761268258095
3,0.810333251953125,0.6827012896537781,-0.010390572249889374
4,0.8327447175979614,0.6446471214294434,-0.00915619172155857
5,0.8474749326705933,0.7465611696243286,0.01169605739414692
6,0.8448957204818726,0.7429163455963135,0.0217740498483181
7,0.8258883357048035,0.7537896037101746,0.02147882804274559
8,0.8144073486328125,0.7626664042472839,0.018031805753707886
9,0.8629480004310608,0.7892168164253235,0.015399635769426823
10,0.8514638543128967,0.7809028029441833,0.02980044297873974
11,0.8375158309936523,0.786234974861145,0.025680184364318848
12,0.8270914554595947,0.7979440093040466,0.017589295282959938
13,0.8643098473548889,0.829651415348053,0.018965253606438637
14,0.8506773710250854,0.815863847732544,0.030401356518268585
15,0.8378823399543762,0.8208444714546204,0.028737148270010948
16,0.8272748589515686,0.8317160606384277,0.02289733663201332
17,0.8607206344604492,0.8647661209106445,0.021633561700582504
18,0.8507897853851318,0.8506093621253967,0.030364355072379112
19,0.8386493921279907,0.8532462120056152,0.03472522646188736
20,0.8299318552017212,0.8621844053268433,0.03604142740368843