0,0.7063449621200562,0.8737608194351196,-1.3949347987818328e-07
1,0.7128498554229736,0.7966080904006958,0.0002709485124796629
2,0.7045836448669434,0.7241969108581543,-0.004974772688001394
3,0.6979955434799194,0.6646102666854858,-0.011023346334695816
4,0.6988391280174255,0.6202465295791626,-0.017509054392576218
5,0.6480746865272522,0.7113497257232666,-0.01026446558535099
6,0.6026067733764648,0.7133452892303467,-0.013899922370910645
7,0.6156399846076965,0.7351789474487305,-0.016589073464274406
8,0.6357109546661377,0.7416048049926758,-0.01853976957499981
9,0.6290556788444519,0.7509165406227112,-0.014562612399458885
10,0.5894212126731873,0.7451942563056946,-0.01394176110625267
11,0.6033743619918823,0.7649785280227661,-0.012183595448732376
12,0.6228078603744507,0.7731691002845764,-0.01295396126806736
13,0.6158696413040161,0.7943243980407715,-0.017685147002339363
14,0.583720862865448,0.780532956123352,-0.01704726181924343
15,0.5983436703681946,0.7986898422241211,-0.009508303366601467
16,0.6171117424964905,0.8084296584129333,-0.006407774984836578
17,0.6073271632194519,0.8372105360031128,-0.0207101721316576
18,0.5834547877311707,0.8181160688400269,-0.02012358047068119
19,0.598407506942749,0.8330228328704834,-0.010781344957649708
20,0.6144987344741821,0.8425608277320862,-0.003600028110668063