0,0.8612306118011475,0.9158284068107605,-1.7886731029648217e-07
1,0.8549219369888306,0.8554288744926453,-0.0029798320028930902
2,0.8390390872955322,0.7787455916404724,-0.013834601268172264
3,0.840165376663208,0.7218970060348511,-0.02414764277637005
4,0.8533754348754883,0.6768813133239746,-0.03543493524193764
5,0.8314180970191956,0.7790840864181519,-0.03476664796471596
6,0.7664199471473694,0.7747383713722229,-0.04962659627199173
7,0.7740257978439331,0.7953446507453918,-0.054337628185749054
8,0.7930638194084167,0.799227774143219,-0.056330759078264236
9,0.8259056210517883,0.8210158944129944,-0.04133296757936478
10,0.7543949484825134,0.8135746717453003,-0.05279577150940895
11,0.7683103084564209,0.8280935883522034,-0.048575300723314285
12,0.7904909253120422,0.8332304358482361,-0.04692309349775314
13,0.8198784589767456,0.8640937805175781,-0.047012489289045334
14,0.7564262747764587,0.8501763343811035,-0.05839957296848297
15,0.7719183564186096,0.8618700504302979,-0.04860277473926544
16,0.793735682964325,0.867245078086853,-0.04212888702750206
17,0.8137519359588623,0.9029438495635986,-0.05213220790028572
18,0.7646841406822205,0.8842008113861084,-0.06129075586795807
19,0.7785259485244751,0.8922269344329834,-0.05436381697654724
20,0.7978923916816711,0.8988164663314819,-0.04859503358602524