0,0.41285598278045654,0.9211741089820862,-1.5191041313755704e-07
1,0.3994795083999634,0.843177318572998,-0.008226878941059113
2,0.3713015913963318,0.7800514698028564,-0.016913985833525658
3,0.3371189534664154,0.7314242720603943,-0.024577878415584564
4,0.31392431259155273,0.6877756118774414,-0.03153049200773239
5,0.28254377841949463,0.8080628514289856,-0.010464572347700596
6,0.27879443764686584,0.8156368732452393,-0.012570858001708984
7,0.302496999502182,0.8255815505981445,-0.018391283228993416
8,0.320019394159317,0.8325582146644592,-0.023770837113261223
9,0.27158522605895996,0.8598015904426575,-0.01065490860491991
10,0.2743403911590576,0.8617269396781921,-0.006061042658984661
11,0.2960928976535797,0.8662530183792114,-0.008672000840306282
12,0.312457799911499,0.8724502325057983,-0.01430974155664444
13,0.27459561824798584,0.9102483987808228,-0.010150006040930748
14,0.2755344808101654,0.9074706435203552,-0.005824155639857054
15,0.29478514194488525,0.9087762832641602,-0.0027612915728241205
16,0.3121386766433716,0.9128597974777222,-0.004014313220977783
17,0.2824639678001404,0.955276370048523,-0.010613271966576576
18,0.28097113966941833,0.9513005018234253,-0.007141831796616316
19,0.29861220717430115,0.9490769505500793,8.391349547309801e-05
20,0.31248897314071655,0.9504588842391968,0.005407650023698807