0,0.43969815969467163,0.9030925631523132,-4.0394178313363227e-07
1,0.44817841053009033,0.819567084312439,-0.006455353461205959
2,0.4722537100315094,0.7545743584632874,-0.015624209307134151
3,0.5006067156791687,0.699870228767395,-0.023067643865942955
4,0.5202693343162537,0.6568316221237183,-0.027527278289198875
5,0.5465039610862732,0.7614802718162537,-0.015503074042499065
6,0.5672317147254944,0.7742785215377808,-0.012169534340500832
7,0.5487270951271057,0.7924289107322693,-0.00810609944164753
8,0.5310734510421753,0.7963294982910156,-0.007261297665536404
9,0.5632296204566956,0.8101252317428589,-0.016824224963784218
10,0.5707259774208069,0.819455087184906,-0.007490874268114567
11,0.550095796585083,0.8300883173942566,-0.0036919305566698313
12,0.5297384858131409,0.833295464515686,-0.00561745697632432
13,0.5671044588088989,0.8598928451538086,-0.016652565449476242
14,0.5697731971740723,0.8597426414489746,-0.007940445095300674
15,0.5530045032501221,0.8675708174705505,-0.0011855274206027389
16,0.5337282419204712,0.871589720249176,-0.0015297257341444492
17,0.5639339685440063,0.9061622023582458,-0.017054442316293716
18,0.5631304383277893,0.9000474810600281,-0.01143035851418972
19,0.5468130111694336,0.9044487476348877,-0.0032873107120394707
20,0.5300337672233582,0.9079099893569946,0.0015522735193371773