0,0.7366324663162231,0.8512107133865356,-1.6260933932699118e-07
1,0.7425326704978943,0.7816022038459778,0.0003552489506546408
2,0.7349629998207092,0.7105951905250549,-0.00509603088721633
3,0.7301989197731018,0.6519111394882202,-0.011076129041612148
4,0.7358168363571167,0.6076325178146362,-0.017589513212442398
5,0.6858745813369751,0.6891500949859619,-0.012752391397953033
6,0.637228786945343,0.6956914067268372,-0.01648283377289772
7,0.647801399230957,0.72005295753479,-0.017427900806069374
8,0.6660410165786743,0.7258939146995544,-0.018205873668193817
9,0.6683213710784912,0.7237665057182312,-0.01750284619629383
10,0.6244036555290222,0.72647625207901,-0.018169619143009186
11,0.6369285583496094,0.7480432391166687,-0.014749362133443356
12,0.6559370756149292,0.7539390325546265,-0.01420222781598568
13,0.6552058458328247,0.7630672454833984,-0.021134939044713974
14,0.618233859539032,0.7601969242095947,-0.021692531183362007
15,0.6311767101287842,0.781163215637207,-0.013387406244874
16,0.6493678092956543,0.7872819900512695,-0.00977728608995676
17,0.6459449529647827,0.8034515380859375,-0.024663591757416725
18,0.6170008182525635,0.7929649949073792,-0.025603586807847023
19,0.630726158618927,0.8118472099304199,-0.01708824932575226
20,0.6473261713981628,0.820478618144989,-0.010432401672005653