0,0.7415722608566284,0.8971908688545227,-3.587107073599327e-07
1,0.7378734350204468,0.8116921782493591,-0.012923012487590313
2,0.7657396197319031,0.7484359741210938,-0.0187327079474926
3,0.7990522384643555,0.7023547291755676,-0.021720679476857185
4,0.8212383985519409,0.6631754636764526,-0.022703563794493675
5,0.8436583876609802,0.7687036991119385,-0.006883096881210804
6,0.8286396265029907,0.7638477087020874,-0.004494897089898586
7,0.807261049747467,0.7766242027282715,-0.006268736440688372
8,0.7954729199409485,0.7877206802368164,-0.00936664454638958
9,0.8586369752883911,0.8125929832458496,-0.003165146103128791
10,0.8367679119110107,0.8055617809295654,0.004129422828555107
11,0.8190065026283264,0.8128804564476013,0.001970655517652631
12,0.8080083131790161,0.8236881494522095,-0.0038591609336435795
13,0.8589613437652588,0.8556178212165833,0.0006246981211006641
14,0.8416767716407776,0.8429616689682007,0.005013294517993927
15,0.826784610748291,0.8477473258972168,0.005758783780038357
16,0.8151921033859253,0.8573322296142578,0.0027474239468574524
17,0.8538527488708496,0.893330991268158,0.0033485712483525276
18,0.8422872424125671,0.8797532320022583,0.006105890031903982
19,0.827825665473938,0.8811159729957581,0.010514740832149982
20,0.8174740076065063,0.8878763318061829,0.013143680989742279