0,0.6952823400497437,0.903607189655304,-3.9277284713534755e-07
1,0.6957491636276245,0.8150667548179626,-0.012980773113667965
2,0.7273305654525757,0.7479870915412903,-0.017695371061563492
3,0.7627488374710083,0.701038122177124,-0.01924710161983967
4,0.7886384725570679,0.6648786067962646,-0.01827131398022175
5,0.8071284890174866,0.7702047824859619,-0.004702392499893904
6,0.7942308783531189,0.7596064805984497,0.001634234911762178
7,0.7718074917793274,0.7729600667953491,0.00254548410885036
8,0.7595498561859131,0.7853280901908875,0.0005621802411042154
9,0.8218116760253906,0.8154557943344116,-0.00032377481693401933
10,0.8011261224746704,0.8028265237808228,0.00933079607784748
11,0.782118558883667,0.8121147751808167,0.007492604665458202
12,0.7695215940475464,0.8253674507141113,0.0021296560298651457
13,0.8224102854728699,0.8601498007774353,0.004513691179454327
14,0.8029428720474243,0.8433523774147034,0.010747941210865974
15,0.7863829731941223,0.8486682176589966,0.010896977037191391
16,0.773186981678009,0.8588811159133911,0.007562837563455105
17,0.8170933127403259,0.9004414081573486,0.008286692202091217
18,0.8041716814041138,0.8838434815406799,0.011465104296803474
19,0.7884818911552429,0.885547399520874,0.01572572998702526
20,0.7768176794052124,0.8929173350334167,0.01864752173423767