0,0.7852287292480469,0.8944103717803955,-1.881555249383382e-07
1,0.7738524079322815,0.8231787085533142,0.0010197998490184546
2,0.7493263483047485,0.7572944164276123,-0.00587235763669014
3,0.7362850904464722,0.7056934833526611,-0.014130762778222561
4,0.7338821291923523,0.6660642027854919,-0.022846093401312828
5,0.7113595008850098,0.7617326974868774,-0.019405506551265717
6,0.655545175075531,0.7664166688919067,-0.03219908848404884
7,0.669387698173523,0.7820293307304382,-0.03858931362628937
8,0.6916704773902893,0.7842085957527161,-0.041301142424345016
9,0.7045450210571289,0.806139349937439,-0.027037840336561203
10,0.648575484752655,0.8049902319908142,-0.035840705037117004
11,0.6644080281257629,0.8186159133911133,-0.03489231690764427
12,0.6867016553878784,0.8215619921684265,-0.03446974232792854
13,0.7003177404403687,0.8521577715873718,-0.03392408415675163
14,0.6516000628471375,0.8447648882865906,-0.0415840670466423
15,0.6671470999717712,0.8557461500167847,-0.03311135992407799
16,0.6886130571365356,0.8599751591682434,-0.02706390991806984
17,0.6982691884040833,0.8970131278038025,-0.04043814539909363
18,0.6576103568077087,0.8822808861732483,-0.044786497950553894
19,0.6721612215042114,0.8898604512214661,-0.03511977568268776
20,0.6913724541664124,0.8954275846481323,-0.026970868930220604