0,0.4642277956008911,0.8965094089508057,-4.0959542957352824e-07
1,0.4707129895687103,0.8089537024497986,-0.00812081340700388
2,0.4945544898509979,0.7446882724761963,-0.01765471138060093
3,0.5229941606521606,0.6905798316001892,-0.024921640753746033
4,0.5417912006378174,0.6461499333381653,-0.029699038714170456
5,0.5737267136573792,0.7566503286361694,-0.016134291887283325
6,0.5780431628227234,0.7614012956619263,-0.010212572291493416
7,0.5576241612434387,0.778844952583313,-0.005607777740806341
8,0.5427241921424866,0.7859345078468323,-0.0053908186964690685
9,0.5905663967132568,0.8051696419715881,-0.015596614219248295
10,0.582789421081543,0.8073303699493408,-0.005357927642762661
11,0.562484622001648,0.8176758885383606,-0.003049100050702691
12,0.5457926392555237,0.8248800039291382,-0.006843840703368187
13,0.5927620530128479,0.854460597038269,-0.013098692521452904
14,0.5831521153450012,0.8486053347587585,-0.003788386005908251
15,0.566437840461731,0.8551238775253296,0.001396174542605877
16,0.5497913956642151,0.8612797260284424,-0.0004974531475454569
17,0.5881500840187073,0.8988630771636963,-0.011229978874325752
18,0.5800621509552002,0.890160322189331,-0.00498061440885067
19,0.56442791223526,0.8933958411216736,0.0023133193608373404
20,0.550128698348999,0.8977665305137634,0.006161671131849289