0,0.624782145023346,0.9290323257446289,-7.46218375979879e-08
1,0.6127598881721497,0.8514715433120728,-0.002279772888869047
2,0.5900216698646545,0.7890156507492065,-0.00912877731025219
3,0.5668085813522339,0.739402174949646,-0.016458502039313316
4,0.5522896647453308,0.698239803314209,-0.02324187569320202
5,0.5263753533363342,0.8082441091537476,-0.008255882188677788
6,0.4864639639854431,0.813274085521698,-0.014664013870060444
7,0.5038474202156067,0.8223309516906738,-0.021310048177838326
8,0.5244796872138977,0.8240999579429626,-0.02519197389483452
9,0.5157391428947449,0.8595423698425293,-0.010804776102304459
10,0.4824352562427521,0.8552893996238708,-0.01116092037409544
11,0.49945035576820374,0.8605381846427917,-0.012428557500243187
12,0.5192199349403381,0.8640836477279663,-0.014856167137622833
13,0.5127341151237488,0.9089291095733643,-0.012903415597975254
14,0.4886382222175598,0.8969786167144775,-0.01084316149353981
15,0.5035809874534607,0.8994747996330261,-0.005625716410577297
16,0.5222201943397522,0.9033858180046082,-0.004045170731842518
17,0.5141627788543701,0.9511922001838684,-0.015393638052046299
18,0.4967150390148163,0.9344384074211121,-0.011524388566613197
19,0.5122379064559937,0.9347432255744934,-0.002586980350315571
20,0.5279256105422974,0.9371084570884705,0.0041215564124286175