0,0.8012259006500244,0.5929733514785767,7.997053899089224e-07
1,0.758450448513031,0.5559816360473633,-0.030711237341165543
2,0.732344925403595,0.4898180365562439,-0.05067688599228859
3,0.767397403717041,0.4482433497905731,-0.07038373500108719
4,0.8100792169570923,0.43298977613449097,-0.08883479982614517
5,0.7621337175369263,0.344068706035614,-0.038763538002967834
6,0.7537682056427002,0.23814363777637482,-0.06884154677391052
7,0.750335156917572,0.1674654632806778,-0.09046389907598495
8,0.7491884827613831,0.1085527241230011,-0.10601072758436203
9,0.8102105259895325,0.34730884432792664,-0.04516056925058365
10,0.8347886204719543,0.23232387006282806,-0.07374706119298935
11,0.8523513674736023,0.15684905648231506,-0.093197301030159
12,0.8699997067451477,0.09131479263305664,-0.1048879399895668
13,0.8471956849098206,0.3839554786682129,-0.054621148854494095
14,0.8734201788902283,0.32967132329940796,-0.09015363454818726
15,0.8528398275375366,0.3785282373428345,-0.09503298252820969
16,0.8371568918228149,0.4225022792816162,-0.0893135517835617
17,0.8728444576263428,0.4395509660243988,-0.06700670719146729
18,0.886598527431488,0.4120098352432251,-0.09753028303384781
19,0.8695793747901917,0.4335975646972656,-0.09828871488571167
20,0.854978084564209,0.455424964427948,-0.0919455960392952