0,0.4192940592765808,0.6407076716423035,5.947080694568285e-07
1,0.45814013481140137,0.6419060230255127,-0.02783196233212948
2,0.4922015070915222,0.5994576811790466,-0.041201114654541016
3,0.4839993119239807,0.5544896721839905,-0.05421606823801994
4,0.45094022154808044,0.5318419933319092,-0.06670808047056198
5,0.48268023133277893,0.4682285189628601,-0.021823681890964508
6,0.503763735294342,0.39063602685928345,-0.03994471952319145
7,0.5166491270065308,0.3382652997970581,-0.05456714704632759
8,0.5262197852134705,0.2920186519622803,-0.06540723145008087
9,0.444943904876709,0.4589393436908722,-0.024924252182245255
10,0.4368748664855957,0.3618655800819397,-0.04533027112483978
11,0.4389272630214691,0.30368101596832275,-0.06171633303165436
12,0.43885087966918945,0.25624996423721313,-0.07204785197973251
13,0.4106249213218689,0.47538283467292786,-0.030458860099315643
14,0.41209036111831665,0.4060947299003601,-0.06334372609853745
15,0.42817386984825134,0.4486280381679535,-0.06928084790706635
16,0.43240830302238464,0.4886229634284973,-0.06455012410879135
17,0.3787791132926941,0.5099285840988159,-0.038030337542295456
18,0.38817498087882996,0.4582635462284088,-0.06722117215394974
19,0.40208181738853455,0.4874188005924225,-0.06722645461559296
20,0.403947651386261,0.5218654274940491,-0.06039782240986824