0,0.40971675515174866,0.5161660313606262,3.948241271700681e-07
1,0.3854217827320099,0.43860435485839844,0.01847386546432972
2,0.3951677083969116,0.3802810609340668,0.017441578209400177
3,0.4228697121143341,0.3398021459579468,0.012484506703913212
4,0.44802045822143555,0.3272424638271332,0.00790177658200264
5,0.4148730933666229,0.3320944309234619,-0.014270384795963764
6,0.4247778356075287,0.23914599418640137,-0.02705559693276882
7,0.4291114807128906,0.17910084128379822,-0.03294261917471886
8,0.4321777820587158,0.13636229932308197,-0.03579634055495262
9,0.44880783557891846,0.3414933383464813,-0.02555660903453827
10,0.48425403237342834,0.25232771039009094,-0.03863709792494774
11,0.50306636095047,0.20003031194210052,-0.04513433203101158
12,0.5154471397399902,0.17289519309997559,-0.04823630303144455
13,0.47797566652297974,0.36999088525772095,-0.031279467046260834
14,0.5001120567321777,0.32976725697517395,-0.024629350751638412
15,0.48759743571281433,0.33973899483680725,-0.008480265736579895
16,0.47541072964668274,0.35738882422447205,0.0025562525261193514
17,0.498784601688385,0.40795889496803284,-0.03666985034942627
18,0.5077115297317505,0.3874383568763733,-0.020512206479907036
19,0.49767524003982544,0.3976243734359741,-0.001178967417217791
20,0.48795533180236816,0.4112901985645294,0.0137393269687891