0,0.5347234606742859,0.6506195664405823,4.2728723315121897e-07
1,0.49971482157707214,0.5915383696556091,-0.004878643900156021
2,0.4949336647987366,0.5229443907737732,-0.007962534204125404
3,0.5279572010040283,0.4950706660747528,-0.010435579344630241
4,0.5579824447631836,0.4945644438266754,-0.0130602503195405
5,0.5475326776504517,0.4818231761455536,-0.02205488830804825
6,0.5579907298088074,0.3950767517089844,-0.028890490531921387
7,0.5667712092399597,0.3450527489185333,-0.032011110335588455
8,0.5718262195587158,0.308886855840683,-0.033498529344797134
9,0.584298849105835,0.49943438172340393,-0.022893793880939484
10,0.608546793460846,0.4138026237487793,-0.026574429124593735
11,0.6197236776351929,0.3628687560558319,-0.027818351984024048
12,0.6281978487968445,0.33167606592178345,-0.027751270681619644
13,0.6067854762077332,0.5275602340698242,-0.02241153083741665
14,0.6018039584159851,0.48348501324653625,-0.025063734501600266
15,0.5822378993034363,0.4924522042274475,-0.023029450327157974
16,0.5698931217193604,0.514817476272583,-0.019152160733938217
17,0.6171141862869263,0.556422770023346,-0.02229306846857071
18,0.6038275957107544,0.5267986059188843,-0.02460653893649578
19,0.5880874991416931,0.5349305272102356,-0.019175397232174873
20,0.5803329348564148,0.5544781684875488,-0.012384120374917984