0,0.27349475026130676,0.757741391658783,4.7461267627113557e-07
1,0.23848238587379456,0.6948819160461426,0.002048799302428961
2,0.24175171554088593,0.6261132955551147,-0.0054197413846850395
3,0.2757457494735718,0.5877923369407654,-0.013940714299678802
4,0.30643296241760254,0.576097309589386,-0.023011740297079086
5,0.24439238011837006,0.5933218002319336,-0.03094731830060482
6,0.23932448029518127,0.4954187870025635,-0.047946423292160034
7,0.23625904321670532,0.4343016743659973,-0.05629286542534828
8,0.23468278348445892,0.3903101086616516,-0.06033357232809067
9,0.2825550138950348,0.6019602417945862,-0.04040229320526123
10,0.29420268535614014,0.49191033840179443,-0.05631609261035919
11,0.30079373717308044,0.4297681152820587,-0.06184469908475876
12,0.3092097043991089,0.38354766368865967,-0.06363219022750854
13,0.3196444511413574,0.6206702589988708,-0.04676057770848274
14,0.33200129866600037,0.5303296446800232,-0.05945084989070892
15,0.31939393281936646,0.5543615221977234,-0.048145268112421036
16,0.31048330664634705,0.5844712257385254,-0.0354645699262619
17,0.3521652817726135,0.6460458040237427,-0.05268367379903793
18,0.3541490137577057,0.5791216492652893,-0.05629893019795418
19,0.3438454866409302,0.5947099328041077,-0.0399387925863266
20,0.3400583267211914,0.617076575756073,-0.02427526004612446