0,0.5353682041168213,0.658168375492096,1.8282226221799647e-07
1,0.5709530711174011,0.6451470851898193,-0.01833469048142433
2,0.6076309680938721,0.602637529373169,-0.03054814785718918
3,0.611397922039032,0.5614880323410034,-0.04316683113574982
4,0.5823196768760681,0.5458006858825684,-0.05483376234769821
5,0.571712076663971,0.5001880526542664,-0.016539668664336205
6,0.5763436555862427,0.4327956736087799,-0.03620215505361557
7,0.5923821926116943,0.43404650688171387,-0.0520777702331543
8,0.6014348268508911,0.4434407353401184,-0.06156395003199577
9,0.545663595199585,0.49802178144454956,-0.02136213704943657
10,0.545331597328186,0.40523576736450195,-0.04007430002093315
11,0.5656571984291077,0.3953177332878113,-0.05423400551080704
12,0.5722656846046448,0.3918880224227905,-0.06261995434761047
13,0.5205215215682983,0.5081681609153748,-0.028475170955061913
14,0.5237264037132263,0.42774951457977295,-0.04902320355176926
15,0.5553148984909058,0.45613864064216614,-0.05413923040032387
16,0.5679186582565308,0.49142777919769287,-0.05359538644552231
17,0.4952878952026367,0.5299865007400513,-0.03737679496407509
18,0.5056018233299255,0.47060105204582214,-0.05367601662874222
19,0.5306395292282104,0.4863647222518921,-0.05445775389671326
20,0.5416707396507263,0.5149075388908386,-0.05256747454404831