0,0.5070329904556274,0.9009816646575928,3.0321848498715553e-07
1,0.4764039218425751,0.8263596892356873,-0.0023004375398159027
2,0.48580244183540344,0.7468469738960266,-0.0012190643465146422
3,0.5222029089927673,0.7140743732452393,0.003915457520633936
4,0.5506712198257446,0.7205467820167542,0.009728952310979366
5,0.5399281978607178,0.734862208366394,-0.030274823307991028
6,0.5593493580818176,0.6408179402351379,-0.032161641865968704
7,0.572856605052948,0.5901729464530945,-0.03097124956548214
8,0.58375084400177,0.5509417653083801,-0.03049544431269169
9,0.573888897895813,0.759294331073761,-0.024214698001742363
10,0.6102319359779358,0.6670094728469849,-0.026800008490681648
11,0.6285535097122192,0.6104706525802612,-0.025814160704612732
12,0.6435519456863403,0.5708205699920654,-0.02526968903839588
13,0.5930962562561035,0.786163330078125,-0.014248761348426342
14,0.6006779074668884,0.7188622951507568,-0.010646574199199677
15,0.5789092779159546,0.7112605571746826,-0.004088900052011013
16,0.5597177743911743,0.7248685359954834,0.0013426104560494423
17,0.6023218035697937,0.810111939907074,-0.004120074212551117
18,0.5898550748825073,0.7598764300346375,-0.0004655042721424252
19,0.5677642226219177,0.756879985332489,0.0055518848821520805
20,0.553983211517334,0.773084282875061,0.011396732181310654