0,0.34004664421081543,0.5653542280197144,5.378213359108486e-07
1,0.3858746588230133,0.5475093126296997,-0.025758691132068634
2,0.4203266501426697,0.4925716519355774,-0.035569947212934494
3,0.4046213626861572,0.43659108877182007,-0.04452378302812576
4,0.37055444717407227,0.4027097821235657,-0.05310282111167908
5,0.40709924697875977,0.3687549829483032,-0.0207954291254282
6,0.43409645557403564,0.2886044979095459,-0.03630457818508148
7,0.45225855708122253,0.23636792600154877,-0.04877620190382004
8,0.46660101413726807,0.19321131706237793,-0.05772348865866661
9,0.3662530481815338,0.35688403248786926,-0.022112831473350525
10,0.35957133769989014,0.25316205620765686,-0.037380896508693695
11,0.36101651191711426,0.18892383575439453,-0.05090448260307312
12,0.3596816062927246,0.14019230008125305,-0.06016404554247856
13,0.33124321699142456,0.3716058135032654,-0.025746123865246773
14,0.3249197006225586,0.2870539426803589,-0.05120522156357765
15,0.34255582094192505,0.31235724687576294,-0.058241743594408035
16,0.35016143321990967,0.3457471430301666,-0.056762441992759705
17,0.29780319333076477,0.4032321274280548,-0.03132631629705429
18,0.305788516998291,0.34418603777885437,-0.05466955155134201
19,0.32156530022621155,0.36674782633781433,-0.055565014481544495
20,0.32746750116348267,0.3995266854763031,-0.050927430391311646