0,0.6280280351638794,0.6673435568809509,6.822875775469583e-07
1,0.5835798382759094,0.6388037204742432,-0.02311766892671585
2,0.5457060933113098,0.5764740109443665,-0.04249262064695358
3,0.5598717331886292,0.5287966728210449,-0.0636022686958313
4,0.601584792137146,0.5122972130775452,-0.08415095508098602
5,0.588598370552063,0.43600690364837646,-0.03735611215233803
6,0.5763298273086548,0.33247700333595276,-0.06448577344417572
7,0.5695585012435913,0.2660064697265625,-0.08065283298492432
8,0.5643474459648132,0.20953373610973358,-0.09169727563858032
9,0.6322546005249023,0.44112780690193176,-0.0470581091940403
10,0.6484069228172302,0.3224082589149475,-0.0747024267911911
11,0.6591745018959045,0.24863342940807343,-0.09073448181152344
12,0.6700569987297058,0.18708111345767975,-0.09872548282146454
13,0.6685933470726013,0.4768487215042114,-0.058658577501773834
14,0.6596778035163879,0.4248654842376709,-0.09517765045166016
15,0.6289446949958801,0.4717329144477844,-0.10113023221492767
16,0.6116783618927002,0.5136300325393677,-0.0949304848909378
17,0.6948299407958984,0.528780460357666,-0.07189913839101791
18,0.6798350214958191,0.4959496855735779,-0.10048440098762512
19,0.6500124335289001,0.5167132616043091,-0.10072232782840729
20,0.6300360560417175,0.5405036211013794,-0.09421807527542114