0,0.443769246339798,0.8278402090072632,6.327982760012674e-07
1,0.4852053225040436,0.8306580185890198,-0.029256852343678474
2,0.5250768661499023,0.7972105741500854,-0.045968081802129745
3,0.5266960263252258,0.762733519077301,-0.06243640556931496
4,0.49939531087875366,0.7404810786247253,-0.07772786170244217
5,0.5194103121757507,0.6631518602371216,-0.025559334084391594
6,0.5496403574943542,0.5900859832763672,-0.04898593947291374
7,0.570635199546814,0.5433917045593262,-0.06529191136360168
8,0.5879656672477722,0.5035185813903809,-0.07535871863365173
9,0.48302987217903137,0.6558666825294495,-0.029222717508673668
10,0.48276761174201965,0.5629857182502747,-0.05567563325166702
11,0.48934823274612427,0.507712185382843,-0.07338754087686539
12,0.49519065022468567,0.46089106798171997,-0.08248858898878098
13,0.44764426350593567,0.6734538078308105,-0.0356498584151268
14,0.46317940950393677,0.6159037947654724,-0.07421979308128357
15,0.47769859433174133,0.6703916788101196,-0.07947631925344467
16,0.4828704297542572,0.7137090563774109,-0.07205378264188766
17,0.41766664385795593,0.7090960741043091,-0.044003330171108246
18,0.4416070580482483,0.6784298419952393,-0.07594934850931168
19,0.4568147361278534,0.7172767519950867,-0.07542002201080322
20,0.46084296703338623,0.749880850315094,-0.06688721477985382