0,0.36157315969467163,0.6943045854568481,6.367299647536129e-07
1,0.403282105922699,0.6769981980323792,-0.028745155781507492
2,0.4315268099308014,0.6222614049911499,-0.04332482069730759
3,0.41989338397979736,0.5768615007400513,-0.057732611894607544
4,0.3879507780075073,0.5516239404678345,-0.07031170278787613
5,0.41387659311294556,0.4955293834209442,-0.02208060957491398
6,0.4381648302078247,0.41068387031555176,-0.044471368193626404
7,0.4491457939147949,0.3547229766845703,-0.059127695858478546
8,0.4560397267341614,0.3070066571235657,-0.06798294931650162
9,0.374246209859848,0.49298587441444397,-0.02618098445236683
10,0.36089882254600525,0.39351052045822144,-0.05340719595551491
11,0.354064404964447,0.33179956674575806,-0.07077595591545105
12,0.34709715843200684,0.27899420261383057,-0.07825184613466263
13,0.33878183364868164,0.5183124542236328,-0.032931137830019
14,0.3450213670730591,0.4615645706653595,-0.07406266033649445
15,0.3671010732650757,0.5172625184059143,-0.0787384957075119
16,0.37697216868400574,0.5614621639251709,-0.0688442662358284
17,0.31025466322898865,0.5615631341934204,-0.0413820706307888
18,0.3271036744117737,0.5294108986854553,-0.0746358186006546
19,0.3501646816730499,0.5643758773803711,-0.07296839356422424
20,0.3598513603210449,0.5948977470397949,-0.062187399715185165