0,0.2784789502620697,0.9176443219184875,8.734185712455655e-07
1,0.23023219406604767,0.9105639457702637,-0.024471882730722427
2,0.1794208288192749,0.8851819038391113,-0.048186324536800385
3,0.1453818380832672,0.8642683625221252,-0.07177088409662247
4,0.15118137001991272,0.8419143557548523,-0.0948396697640419
5,0.20164820551872253,0.7382218837738037,-0.051007214933633804
6,0.168531134724617,0.6438246965408325,-0.07714208960533142
7,0.13958580791950226,0.5854400992393494,-0.09054521471261978
8,0.11801963299512863,0.537392795085907,-0.09981908649206161
9,0.24064525961875916,0.7271963357925415,-0.058339428156614304
10,0.22540122270584106,0.6172409057617188,-0.08532457798719406
11,0.20948795974254608,0.5524098873138428,-0.09872744232416153
12,0.19443455338478088,0.5020027756690979,-0.10512225329875946
13,0.2745758593082428,0.7461785674095154,-0.06632620841264725
14,0.21297456324100494,0.7259383201599121,-0.10150287300348282
15,0.18003171682357788,0.7791200876235962,-0.10681276023387909
16,0.16249215602874756,0.8224241733551025,-0.1016681045293808
17,0.29517436027526855,0.7921677231788635,-0.0757283866405487
18,0.23445478081703186,0.8057800531387329,-0.10513855516910553
19,0.20038165152072906,0.8367003798484802,-0.10888208448886871
20,0.17857898771762848,0.8628901243209839,-0.10553717613220215