0,0.5523416996002197,0.6350380182266235,5.708894832423539e-07
1,0.5605265498161316,0.5793160796165466,0.0100322887301445
2,0.5969482064247131,0.5312731862068176,0.0019445199286565185
3,0.6328360438346863,0.5136044025421143,-0.011822939850389957
4,0.6622023582458496,0.5156601667404175,-0.023748274892568588
5,0.5887633562088013,0.48859187960624695,-0.013683328405022621
6,0.6239835619926453,0.41898998618125916,-0.032879505306482315
7,0.6537464261054993,0.3812955617904663,-0.042801618576049805
8,0.6785436868667603,0.35694849491119385,-0.048479869961738586
9,0.5985062718391418,0.5028278827667236,-0.032250937074422836
10,0.6407904028892517,0.42515119910240173,-0.054976630955934525
11,0.6752755045890808,0.38327306509017944,-0.06624337285757065
12,0.7014883756637573,0.3584848940372467,-0.07237516343593597
13,0.6097629070281982,0.533108115196228,-0.0485813245177269
14,0.6814814209938049,0.49640002846717834,-0.0652078241109848
15,0.6878133416175842,0.5292405486106873,-0.053093235939741135
16,0.6805441379547119,0.5559304356575012,-0.04016013815999031
17,0.6267847418785095,0.572891116142273,-0.06498882919549942
18,0.6865514516830444,0.5572389364242554,-0.07332305610179901
19,0.6942131519317627,0.581221878528595,-0.06161939352750778
20,0.6876141428947449,0.597247838973999,-0.049574799835681915