0,0.5638047456741333,0.7647013664245605,5.074975319985242e-07
1,0.6019678115844727,0.762282133102417,-0.02408182993531227
2,0.6384614706039429,0.7353135347366333,-0.041442226618528366
3,0.656335711479187,0.7118410468101501,-0.05998340621590614
4,0.6364048719406128,0.6963347792625427,-0.07702618837356567
5,0.6367766857147217,0.6080836057662964,-0.02863997220993042
6,0.6688978672027588,0.542582631111145,-0.051484789699316025
7,0.6897513270378113,0.49570485949516296,-0.06766848266124725
8,0.7068259716033936,0.4570978581905365,-0.07906537503004074
9,0.6022560596466064,0.6018320918083191,-0.035994887351989746
10,0.6059255599975586,0.5154087543487549,-0.06253160536289215
11,0.6222451329231262,0.4671499729156494,-0.07836830615997314
12,0.6368013620376587,0.42767399549484253,-0.08726996928453445
13,0.5700682997703552,0.6176656484603882,-0.04579808935523033
14,0.5989740490913391,0.587288498878479,-0.08076310157775879
15,0.6199263334274292,0.6323052048683167,-0.08754382282495499
16,0.6251299977302551,0.6668010354042053,-0.0840529128909111
17,0.5444437265396118,0.6497074365615845,-0.057800501585006714
18,0.5797827839851379,0.6450672745704651,-0.08489025384187698
19,0.6002957820892334,0.6732211112976074,-0.08808612078428268
20,0.6070640087127686,0.6934905648231506,-0.08519456535577774