0,0.5417606234550476,0.6322743892669678,3.7239269090605376e-07
1,0.5065778493881226,0.573326051235199,0.0020218517165631056
2,0.5005501508712769,0.5056273937225342,0.00437886081635952
3,0.5306544303894043,0.4810103178024292,0.006463236175477505
4,0.5595452785491943,0.48439648747444153,0.008284877054393291
5,0.5531796216964722,0.4574771225452423,-0.010144737549126148
6,0.5568685531616211,0.3713347911834717,-0.011711879633367062
7,0.5626899003982544,0.3212466835975647,-0.011691262014210224
8,0.5663876533508301,0.2861262559890747,-0.011255640536546707
9,0.5880686044692993,0.4728083312511444,-0.01124649215489626
10,0.6029666662216187,0.3874037265777588,-0.009872977621853352
11,0.6095616221427917,0.33667877316474915,-0.008869306184351444
12,0.6157119870185852,0.30554330348968506,-0.007478397339582443
13,0.6107702851295471,0.5001848340034485,-0.010706759057939053
14,0.5997883081436157,0.4604519307613373,-0.007151612546294928
15,0.5800084471702576,0.46990615129470825,-0.004248544108122587
16,0.5686528086662292,0.49155887961387634,-0.0007134322659112513
17,0.6227891445159912,0.5297436714172363,-0.010080400854349136
18,0.6033011674880981,0.5027139186859131,-0.00804812554270029
19,0.5878056883811951,0.5124627351760864,-0.002578768413513899
20,0.5812121033668518,0.5320392847061157,0.003618859453126788