0,0.5461737513542175,0.6623523235321045,6.059016754988988e-07
1,0.5016735792160034,0.6385557055473328,-0.02451782301068306
2,0.46711206436157227,0.5806637406349182,-0.040474530309438705
3,0.47760164737701416,0.5312934517860413,-0.057208169251680374
4,0.5174159407615662,0.5179253220558167,-0.072478748857975
5,0.5073313117027283,0.452016681432724,-0.018575726076960564
6,0.49320346117019653,0.3774900734424591,-0.03849590942263603
7,0.4855489134788513,0.3264418840408325,-0.052662938833236694
8,0.48158371448516846,0.2850543260574341,-0.06285905092954636
9,0.5469789505004883,0.45302510261535645,-0.024008825421333313
10,0.5532405972480774,0.3650118112564087,-0.04660831764340401
11,0.5537941455841064,0.30483293533325195,-0.06230636313557625
12,0.5551366806030273,0.25460293889045715,-0.0702771320939064
13,0.5835621953010559,0.4787421226501465,-0.032685328274965286
14,0.5746074914932251,0.4203836917877197,-0.06575711816549301
15,0.5490314960479736,0.45777323842048645,-0.07394616305828094
16,0.5328477025032043,0.49430304765701294,-0.07033727318048477
17,0.6174726486206055,0.5237601399421692,-0.04308252036571503
18,0.6027460098266602,0.48444852232933044,-0.06976883113384247
19,0.5749638080596924,0.5090311765670776,-0.07151935994625092
20,0.5538685321807861,0.5384665131568909,-0.06651824712753296