0,0.7384374141693115,0.8277778625488281,6.510798584713484e-07
1,0.694485604763031,0.7849298715591431,-0.03008250519633293
2,0.6691547632217407,0.721349835395813,-0.05183085799217224
3,0.6997811198234558,0.6908536553382874,-0.0742119774222374
4,0.7402798533439636,0.6792627573013306,-0.09542181342840195
5,0.7117700576782227,0.5725834965705872,-0.039339542388916016
6,0.7094907760620117,0.46919479966163635,-0.06777254492044449
7,0.709784984588623,0.40428024530410767,-0.08580541610717773
8,0.7116104364395142,0.34802567958831787,-0.09758728742599487
9,0.7569788098335266,0.5807421803474426,-0.045551322400569916
10,0.7848384976387024,0.47227194905281067,-0.0722341537475586
11,0.8024709224700928,0.4061892032623291,-0.08645666390657425
12,0.8177686333656311,0.3501974940299988,-0.09373711794614792
13,0.789985179901123,0.6199074983596802,-0.055181924253702164
14,0.8066650032997131,0.5771005153656006,-0.0914974957704544
15,0.7832494974136353,0.6320081949234009,-0.09612411260604858
16,0.7655364871025085,0.6785981059074402,-0.08893091976642609
17,0.8126245141029358,0.676631510257721,-0.0673762857913971
18,0.8197533488273621,0.6541385650634766,-0.09535804390907288
19,0.7976410388946533,0.6810035705566406,-0.09483665227890015
20,0.7770809531211853,0.7067214846611023,-0.08773668855428696