0,0.3512030243873596,0.710628867149353,5.221448304837395e-07
1,0.39858758449554443,0.6844536662101746,-0.030735252425074577
2,0.4273797869682312,0.6275550723075867,-0.04603195935487747
3,0.4046242833137512,0.5879431962966919,-0.06115690618753433
4,0.3669556975364685,0.5732942223548889,-0.07543543726205826
5,0.39978665113449097,0.49394795298576355,-0.024837343022227287
6,0.4143461287021637,0.4028683006763458,-0.04621370881795883
7,0.422492653131485,0.3453114628791809,-0.06171794980764389
8,0.42871350049972534,0.29476863145828247,-0.07172984629869461
9,0.3587675392627716,0.49294447898864746,-0.026354482397437096
10,0.34309470653533936,0.3938549757003784,-0.049598030745983124
11,0.3353574872016907,0.33349043130874634,-0.06552102416753769
12,0.32909059524536133,0.2845708727836609,-0.07451296597719193
13,0.3249073028564453,0.5162951946258545,-0.030702006071805954
14,0.3201448917388916,0.4468824863433838,-0.06499180942773819
15,0.335954874753952,0.4943152070045471,-0.06868244707584381
16,0.3429597318172455,0.5411844253540039,-0.06107122078537941
17,0.297307550907135,0.5550347566604614,-0.03739616647362709
18,0.29819706082344055,0.4991095960140228,-0.06424157321453094
19,0.314797580242157,0.5264624357223511,-0.060859885066747665
20,0.3232150375843048,0.5613964796066284,-0.05108742043375969