0,0.299524188041687,0.6725534200668335,8.142889669215947e-07
1,0.34967952966690063,0.6583603620529175,-0.032678812742233276
2,0.39384549856185913,0.5970599055290222,-0.04880792647600174
3,0.3921968638896942,0.5355361104011536,-0.06401365995407104
4,0.3539441227912903,0.5004627108573914,-0.07881329953670502
5,0.36343619227409363,0.4565233886241913,-0.03237828239798546
6,0.3938310742378235,0.3555958867073059,-0.05585524067282677
7,0.4121367335319519,0.28661954402923584,-0.07377656549215317
8,0.42624902725219727,0.2286473512649536,-0.08714345097541809
9,0.3164626955986023,0.4480789005756378,-0.0365409292280674
10,0.30237510800361633,0.3329695463180542,-0.06512720882892609
11,0.3021109104156494,0.2525538206100464,-0.0887182429432869
12,0.2992415130138397,0.18850699067115784,-0.10552646219730377
13,0.2746928036212921,0.4664618968963623,-0.04315875843167305
14,0.2661034166812897,0.3628738820552826,-0.08226874470710754
15,0.29719409346580505,0.38848957419395447,-0.09362447261810303
16,0.31425923109054565,0.42706140875816345,-0.09386042505502701
17,0.23497384786605835,0.5047990679740906,-0.0520535372197628
18,0.24482493102550507,0.428811252117157,-0.08784904330968857
19,0.2739318013191223,0.4463394582271576,-0.09365641325712204
20,0.28969258069992065,0.4805663526058197,-0.09164129197597504