0,0.2564593553543091,0.9098585247993469,9.211819360643858e-07
1,0.20809219777584076,0.9038535356521606,-0.02397119626402855
2,0.15912523865699768,0.8796564936637878,-0.047595538198947906
3,0.12493531405925751,0.864258885383606,-0.0712020993232727
4,0.12733472883701324,0.845849871635437,-0.09453170001506805
5,0.18251065909862518,0.7371559143066406,-0.04974299296736717
6,0.15074509382247925,0.6457708477973938,-0.07592915743589401
7,0.12255555391311646,0.5868783593177795,-0.08946555852890015
8,0.10232547670602798,0.5374753475189209,-0.09878505021333694
9,0.2206893265247345,0.7247074246406555,-0.05793599784374237
10,0.20700682699680328,0.6181301474571228,-0.08645006269216537
11,0.19167475402355194,0.5523112416267395,-0.1018514409661293
12,0.17708459496498108,0.4994461238384247,-0.10898711532354355
13,0.25436869263648987,0.744108259677887,-0.06656083464622498
14,0.19257846474647522,0.7283896803855896,-0.10435618460178375
15,0.15927594900131226,0.7843598127365112,-0.11095940321683884
16,0.14059549570083618,0.8290548324584961,-0.10573384910821915
17,0.2746445834636688,0.7909145355224609,-0.07625135034322739
18,0.21333721280097961,0.8053284287452698,-0.10763426870107651
19,0.1795576959848404,0.8396737575531006,-0.11065353453159332
20,0.1575409173965454,0.8688122630119324,-0.10600816458463669