0,0.631616473197937,0.8285295963287354,4.89894318889128e-07
1,0.6658982634544373,0.8317770957946777,-0.02260943315923214
2,0.7041085362434387,0.8064226508140564,-0.038436077535152435
3,0.7257223129272461,0.7886074781417847,-0.05557573586702347
4,0.7078480124473572,0.7744675874710083,-0.07118088006973267
5,0.69943767786026,0.6892819404602051,-0.030212273821234703
6,0.7316333651542664,0.624017059803009,-0.05343303829431534
7,0.7530678510665894,0.5787947773933411,-0.06976208835840225
8,0.7691243290901184,0.5376181602478027,-0.08202862739562988
9,0.6672286987304688,0.6821195483207703,-0.0384371317923069
10,0.6718027591705322,0.6003708839416504,-0.06876619160175323
11,0.6875056028366089,0.552514374256134,-0.0875765010714531
12,0.7001558542251587,0.5082932710647583,-0.09843537211418152
13,0.6377624869346619,0.6972091794013977,-0.04838113486766815
14,0.6704497933387756,0.6709967255592346,-0.08727584034204483
15,0.6873868107795715,0.7231823801994324,-0.0939866304397583
16,0.690131425857544,0.7576249241828918,-0.08969272673130035
17,0.6158452033996582,0.7292719483375549,-0.060306958854198456
18,0.6557896137237549,0.7317816019058228,-0.09242813289165497
19,0.6731515526771545,0.7698656916618347,-0.09664325416088104
20,0.6772473454475403,0.7957492470741272,-0.0936446562409401