0,0.34468182921409607,0.9008253216743469,9.143321904048207e-07
1,0.2997656762599945,0.8897429704666138,-0.027533888816833496
2,0.2555404305458069,0.8563209176063538,-0.05384017527103424
3,0.22510087490081787,0.8321288228034973,-0.08012185990810394
4,0.23430141806602478,0.818964958190918,-0.10563543438911438
5,0.28719714283943176,0.7135679721832275,-0.0493091382086277
6,0.2622540593147278,0.6234786510467529,-0.07507981359958649
7,0.23749956488609314,0.5641679167747498,-0.08959593623876572
8,0.22082698345184326,0.5164912939071655,-0.10018762201070786
9,0.3252401649951935,0.7055397033691406,-0.05662907287478447
10,0.3143322467803955,0.6000675559043884,-0.08484549820423126
11,0.30172914266586304,0.5362422466278076,-0.10033483058214188
12,0.2904529273509979,0.4832131564617157,-0.10817121714353561
13,0.3571385145187378,0.7271468043327332,-0.0649385005235672
14,0.29968324303627014,0.708612322807312,-0.09962014108896255
15,0.2663900852203369,0.7591825723648071,-0.10285218060016632
16,0.24935398995876312,0.7983629703521729,-0.09645876288414001
17,0.3742029368877411,0.7740107178688049,-0.07538235932588577
18,0.3158108592033386,0.7726524472236633,-0.10337736457586288
19,0.2813799977302551,0.7946747541427612,-0.10489059239625931
20,0.25943997502326965,0.8155295252799988,-0.10027484595775604