0,0.418554425239563,0.8944963812828064,1.0068391702588997e-06
1,0.38077807426452637,0.8936976194381714,-0.0313965305685997
2,0.3334815502166748,0.8610306978225708,-0.059338703751564026
3,0.30584660172462463,0.8343052268028259,-0.08704552054405212
4,0.3297267556190491,0.8157905340194702,-0.1144479438662529
5,0.3775164783000946,0.7122352719306946,-0.05624355748295784
6,0.3565177321434021,0.616121232509613,-0.08789487183094025
7,0.33781489729881287,0.5517745018005371,-0.10616086423397064
8,0.32684531807899475,0.49981924891471863,-0.11922500282526016
9,0.4213985204696655,0.7054852247238159,-0.06259363144636154
10,0.42373812198638916,0.6057360768318176,-0.09896434098482132
11,0.4192715585231781,0.5341203212738037,-0.11956857889890671
12,0.4163406789302826,0.476845383644104,-0.1290585994720459
13,0.4577091634273529,0.7300227284431458,-0.06983798742294312
14,0.40960878133773804,0.7115010619163513,-0.1099090725183487
15,0.37398213148117065,0.7677016258239746,-0.11276620626449585
16,0.3561075031757355,0.8062865734100342,-0.10431289672851562
17,0.4788673520088196,0.7776927947998047,-0.07952038943767548
18,0.42244753241539,0.7904523611068726,-0.11281637102365494
19,0.3847472071647644,0.8253118395805359,-0.11396456509828568
20,0.36271557211875916,0.8494606018066406,-0.10703600198030472