0,0.16942612826824188,0.7236257791519165,4.2050774595736584e-07
1,0.1341652274131775,0.6564582586288452,0.008532016538083553
2,0.1363649070262909,0.587052047252655,0.0037257391959428787
3,0.16558316349983215,0.5453524589538574,-0.002710075816139579
4,0.19461219012737274,0.5340338349342346,-0.009647737257182598
5,0.13343647122383118,0.5575404763221741,-0.02480974607169628
6,0.12641207873821259,0.4636366367340088,-0.03675423935055733
7,0.1207653135061264,0.40766286849975586,-0.04183754697442055
8,0.11606034636497498,0.3661690950393677,-0.04452084004878998
9,0.17128899693489075,0.5608878135681152,-0.03625009208917618
10,0.18423821032047272,0.45530596375465393,-0.04590018093585968
11,0.19085562229156494,0.3956846594810486,-0.04850933328270912
12,0.1964513212442398,0.35283634066581726,-0.04961454123258591
13,0.20877552032470703,0.5786674618721008,-0.04385647922754288
14,0.23141682147979736,0.4956575632095337,-0.04861123114824295
15,0.22336609661579132,0.5178354978561401,-0.036179009824991226
16,0.21360906958580017,0.5450645089149475,-0.025406649336218834
17,0.24177321791648865,0.6069085597991943,-0.05072620511054993
18,0.25009673833847046,0.5565492510795593,-0.048231638967990875
19,0.24199238419532776,0.5757457613945007,-0.031252436339855194
20,0.23634257912635803,0.5983160138130188,-0.016849584877490997