0,0.7571716904640198,0.8773797750473022,6.523859497065132e-07
1,0.7128390669822693,0.8358643651008606,-0.035358645021915436
2,0.6906474828720093,0.7743422985076904,-0.05994395539164543
3,0.7289930582046509,0.7500473260879517,-0.08397511392831802
4,0.7746021747589111,0.7424182891845703,-0.10624726861715317
5,0.7320904731750488,0.6269447207450867,-0.04397272318601608
6,0.734970211982727,0.5266063213348389,-0.07501374930143356
7,0.7382240295410156,0.46253693103790283,-0.09519544243812561
8,0.741791307926178,0.4049486815929413,-0.1089298278093338
9,0.7796326279640198,0.6376427412033081,-0.049103498458862305
10,0.810447096824646,0.5308828949928284,-0.0784345343708992
11,0.8333654403686523,0.4648163914680481,-0.09498763084411621
12,0.8522167205810547,0.4047989249229431,-0.10407492518424988
13,0.8129521608352661,0.6787702441215515,-0.057859111577272415
14,0.8315025568008423,0.6458823084831238,-0.09745744615793228
15,0.8032349348068237,0.7048667669296265,-0.10144253075122833
16,0.7798505425453186,0.7485911846160889,-0.09360621124505997
17,0.8353694677352905,0.7369279265403748,-0.06957775354385376
18,0.8418685793876648,0.7241007685661316,-0.10085001587867737
19,0.8173710703849792,0.7589796185493469,-0.09919657558202744
20,0.7952122092247009,0.7858605980873108,-0.09086757153272629