0,0.6243125200271606,0.6762299537658691,5.047225499765773e-07
1,0.6610557436943054,0.6683000922203064,-0.02490910142660141
2,0.699474573135376,0.633045494556427,-0.03987603634595871
3,0.7112548351287842,0.5938884615898132,-0.05467246472835541
4,0.6900680065155029,0.5582624673843384,-0.0677456483244896
5,0.6794517040252686,0.5099056363105774,-0.02482364885509014
6,0.7087263464927673,0.43388763070106506,-0.04401883855462074
7,0.7262153625488281,0.3855971097946167,-0.05778665840625763
8,0.7398106455802917,0.34411364793777466,-0.06732776015996933
9,0.6519525647163391,0.503452479839325,-0.028996320441365242
10,0.6486762762069702,0.4000808298587799,-0.051869332790374756
11,0.6604500412940979,0.3430175185203552,-0.06952469795942307
12,0.6700757145881653,0.2954912781715393,-0.08017615228891373
13,0.6265526413917542,0.5190891623497009,-0.034794919192790985
14,0.6408774256706238,0.4505811631679535,-0.0694127306342125
15,0.6707078218460083,0.48984813690185547,-0.07934336364269257
16,0.6851875185966492,0.5277464389801025,-0.07748091965913773
17,0.6054390668869019,0.5493140816688538,-0.04191836342215538
18,0.6327512264251709,0.5071657299995422,-0.07234743982553482
19,0.6565899848937988,0.5373051762580872,-0.07623989135026932
20,0.6662868857383728,0.5715637803077698,-0.07235521078109741