0,0.35938459634780884,0.8490273356437683,5.825040148010885e-07
1,0.40670010447502136,0.8244603872299194,-0.032095663249492645
2,0.4348837733268738,0.7725065350532532,-0.05075050890445709
3,0.4068676233291626,0.7375214695930481,-0.06877156347036362
4,0.36632677912712097,0.7225643396377563,-0.0858345702290535
5,0.4152182638645172,0.6395180225372314,-0.02962825633585453
6,0.4362312853336334,0.5550438165664673,-0.05520794913172722
7,0.44906118512153625,0.5034345388412476,-0.07305970042943954
8,0.45808714628219604,0.45436227321624756,-0.08429604768753052
9,0.3714277744293213,0.6324620842933655,-0.03203020989894867
10,0.36002346873283386,0.5349239706993103,-0.06015721336007118
11,0.35013866424560547,0.47755467891693115,-0.07807404547929764
12,0.33988699316978455,0.4268803000450134,-0.08700110763311386
13,0.335257887840271,0.6560935378074646,-0.036917202174663544
14,0.3287348747253418,0.596381664276123,-0.07710402458906174
15,0.3444264531135559,0.65480637550354,-0.08032485842704773
16,0.35308587551116943,0.7021288275718689,-0.07068978250026703
17,0.3056662082672119,0.6988268494606018,-0.043847568333148956
18,0.3087206780910492,0.6633303165435791,-0.07606447488069534
19,0.32652974128723145,0.7029680013656616,-0.07191076874732971
20,0.33777135610580444,0.7398151755332947,-0.05992690846323967