0,0.4011881351470947,0.8023722767829895,5.781033109997225e-07
1,0.4469321370124817,0.7852712273597717,-0.029350606724619865
2,0.4803999364376068,0.7434379458427429,-0.046879131346940994
3,0.4658026397228241,0.7101687788963318,-0.0637282058596611
4,0.43246668577194214,0.7034643888473511,-0.0798395574092865
5,0.45529481768608093,0.616733729839325,-0.0259582307189703
6,0.4725104570388794,0.5391863584518433,-0.04778890311717987
7,0.48373544216156006,0.4887803792953491,-0.06397933512926102
8,0.49303680658340454,0.44314324855804443,-0.07402385026216507
9,0.4210508465766907,0.6163456439971924,-0.027668392285704613
10,0.4082517921924591,0.5313716530799866,-0.051002733409404755
11,0.40271857380867004,0.4759070873260498,-0.06772936135530472
12,0.39657264947891235,0.42802608013153076,-0.07692750543355942
13,0.39051344990730286,0.6402695775032043,-0.03170720487833023
14,0.3936064541339874,0.5933531522750854,-0.0650143176317215
15,0.41427502036094666,0.6368405818939209,-0.0688420906662941
16,0.4227334260940552,0.6752162575721741,-0.06153401732444763
17,0.36306989192962646,0.6783841252326965,-0.03772865608334541
18,0.37121036648750305,0.6370558738708496,-0.06185503676533699
19,0.39004939794540405,0.6618256568908691,-0.056948550045490265
20,0.3981538414955139,0.6895907521247864,-0.046714991331100464