0,0.642090916633606,0.6838089227676392,3.62173665280352e-07
1,0.6828964948654175,0.6737838983535767,-0.02053893730044365
2,0.7246565222740173,0.6398252248764038,-0.034757036715745926
3,0.7455766797065735,0.6048546433448792,-0.05057508498430252
4,0.7253614068031311,0.5758169889450073,-0.06545492261648178
5,0.7075496912002563,0.517645001411438,-0.023686688393354416
6,0.734025239944458,0.4321376085281372,-0.04133132845163345
7,0.7500771880149841,0.3827808201313019,-0.053238704800605774
8,0.7641350626945496,0.3393304646015167,-0.06147919222712517
9,0.6808446049690247,0.5123917460441589,-0.03042306937277317
10,0.6789165139198303,0.4116811752319336,-0.05201990157365799
11,0.6907665729522705,0.35875171422958374,-0.06743058562278748
12,0.7013078927993774,0.3144306242465973,-0.07664747536182404
13,0.6548604965209961,0.5271021127700806,-0.038522571325302124
14,0.6813605427742004,0.4723486006259918,-0.07140403240919113
15,0.7113980054855347,0.5220980048179626,-0.0795072615146637
16,0.7246980667114258,0.56683748960495,-0.07642437517642975
17,0.6338897943496704,0.5552158355712891,-0.04792186617851257
18,0.6616249680519104,0.5105525255203247,-0.07376294583082199
19,0.6870633363723755,0.5383096933364868,-0.07582826912403107
20,0.699517011642456,0.5739418268203735,-0.0716475322842598