0,0.2845495939254761,0.6913192868232727,3.2400345162386657e-07
1,0.25199201703071594,0.6143673062324524,0.004747861530631781
2,0.2605191469192505,0.541564404964447,-0.0007606182480230927
3,0.295300155878067,0.5036177039146423,-0.007525268942117691
4,0.32662487030029297,0.49228614568710327,-0.01422292273491621
5,0.2665126919746399,0.5061326622962952,-0.02348371595144272
6,0.2680334150791168,0.4082232713699341,-0.035989198833703995
7,0.26638537645339966,0.34954309463500977,-0.040964193642139435
8,0.2656055688858032,0.3055269122123718,-0.04264610633254051
9,0.3062146008014679,0.5173717737197876,-0.032217059284448624
10,0.3268437087535858,0.4089326858520508,-0.04116346687078476
11,0.33716869354248047,0.3427979350090027,-0.04411030560731888
12,0.34808099269866943,0.2943194806575775,-0.04548471048474312
13,0.3441624939441681,0.539225161075592,-0.03788650408387184
14,0.36631661653518677,0.456332802772522,-0.043441470712423325
15,0.35182783007621765,0.47225913405418396,-0.034140296280384064
16,0.3389465808868408,0.498933345079422,-0.024789433926343918
17,0.3754764795303345,0.5671296715736389,-0.04320613294839859
18,0.3771228492259979,0.5105592608451843,-0.04101017490029335
19,0.36491137742996216,0.5226898789405823,-0.026540424674749374
20,0.3593720495700836,0.5442259907722473,-0.013465061783790588