0,0.4913066625595093,0.5740838050842285,6.772147003175633e-07
1,0.5344134569168091,0.5690076351165771,-0.023837246000766754
2,0.5739795565605164,0.52711021900177,-0.033735185861587524
3,0.5737369656562805,0.48107942938804626,-0.04361039027571678
4,0.5463048815727234,0.44642218947410583,-0.05180560424923897
5,0.5726233720779419,0.41336503624916077,-0.015435797162353992
6,0.6101396679878235,0.3481704890727997,-0.03151766210794449
7,0.6335653066635132,0.3040383458137512,-0.042174726724624634
8,0.6528989672660828,0.2664605975151062,-0.049325212836265564
9,0.5365575551986694,0.3967694342136383,-0.01974225975573063
10,0.541344940662384,0.2919178605079651,-0.04178004339337349
11,0.5524225831031799,0.2333802729845047,-0.056825216859579086
12,0.5622965097427368,0.18852978944778442,-0.06391897052526474
13,0.5005142688751221,0.4059028625488281,-0.026400459930300713
14,0.5197983384132385,0.3507159352302551,-0.0664203017950058
15,0.5275714993476868,0.4020678997039795,-0.0756334587931633
16,0.525554358959198,0.4431012272834778,-0.06999912112951279
17,0.4672184884548187,0.4322758913040161,-0.03393359109759331
18,0.494801789522171,0.4157361686229706,-0.07121838629245758
19,0.5078126192092896,0.46250006556510925,-0.0754203274846077
20,0.508621335029602,0.5007480978965759,-0.06921467930078506