0,0.5373148322105408,0.8436229228973389,5.517980525837629e-07
1,0.5771446228027344,0.8491554856300354,-0.028528492897748947
2,0.614322304725647,0.8167580962181091,-0.0438995286822319
3,0.6243341565132141,0.7832832336425781,-0.05932420864701271
4,0.5962899923324585,0.7654566764831543,-0.07390168309211731
5,0.6089931130409241,0.6825529932975769,-0.026713062077760696
6,0.6369239687919617,0.6093270182609558,-0.04808866232633591
7,0.6558186411857605,0.5590454936027527,-0.06342582404613495
8,0.6701644659042358,0.516179084777832,-0.07443436235189438
9,0.5728463530540466,0.6763090491294861,-0.03148102015256882
10,0.5671687722206116,0.5820415616035461,-0.05691084265708923
11,0.5728679299354553,0.5279112458229065,-0.07465346902608871
12,0.5793343782424927,0.48119020462036133,-0.0847538560628891
13,0.5392491817474365,0.694434642791748,-0.03894110396504402
14,0.5501466989517212,0.6420716047286987,-0.07764779776334763
15,0.5674574375152588,0.6892832517623901,-0.08746445178985596
16,0.5753129720687866,0.7280083298683167,-0.08439556509256363
17,0.5113764405250549,0.730367124080658,-0.04836680740118027
18,0.5345413684844971,0.7089235782623291,-0.08222831040620804
19,0.5498047471046448,0.7454988956451416,-0.08699467778205872
20,0.5557026863098145,0.7770867943763733,-0.08334987610578537