0,0.2161026895046234,0.5726450681686401,7.402718438243028e-07
1,0.2616872191429138,0.580305814743042,-0.031411539763212204
2,0.303068608045578,0.5215054154396057,-0.042788632214069366
3,0.3016255497932434,0.45817339420318604,-0.05189089849591255
4,0.2716670334339142,0.41600143909454346,-0.05973990261554718
5,0.29687750339508057,0.4230819046497345,-0.02558085322380066
6,0.3286909759044647,0.34474384784698486,-0.04481957480311394
7,0.34884700179100037,0.2945665121078491,-0.056839719414711
8,0.3646076023578644,0.25018250942230225,-0.06507046520709991
9,0.2601979970932007,0.40541794896125793,-0.024607742205262184
10,0.2655189633369446,0.31441038846969604,-0.0495433583855629
11,0.26773324608802795,0.25963276624679565,-0.06670493632555008
12,0.2700127363204956,0.21403218805789948,-0.07612337172031403
13,0.2219586819410324,0.41001108288764954,-0.02606038562953472
14,0.24147121608257294,0.3377462327480316,-0.06662122905254364
15,0.25070807337760925,0.3922394812107086,-0.07237140089273453
16,0.2510775625705719,0.43611156940460205,-0.06552260369062424
17,0.18506601452827454,0.4325960874557495,-0.028961721807718277
18,0.21030151844024658,0.4025128185749054,-0.06920648366212845
19,0.22559353709220886,0.4478641748428345,-0.07357698678970337
20,0.2284640371799469,0.48654404282569885,-0.06731852144002914