0,0.46207600831985474,0.5057557821273804,1.4730085240444168e-07
1,0.5004917979240417,0.4872300624847412,-0.011753433384001255
2,0.5323301553726196,0.43012815713882446,-0.013521636836230755
3,0.5460047125816345,0.3814694285392761,-0.015731800347566605
4,0.5514461994171143,0.34649670124053955,-0.01769193261861801
5,0.5048274397850037,0.3588261306285858,-0.0038562992122024298
6,0.5149347186088562,0.3040323853492737,-0.015488117933273315
7,0.5297891497612,0.2918108403682709,-0.02540501393377781
8,0.5391756296157837,0.29272955656051636,-0.031050201505422592
9,0.4777606725692749,0.34893545508384705,-0.0055483924224972725
10,0.4811285436153412,0.28216275572776794,-0.018099768087267876
11,0.49686798453330994,0.2756219506263733,-0.0276295505464077
12,0.5060322880744934,0.28542444109916687,-0.03250633180141449
13,0.4504272937774658,0.3493901193141937,-0.009558184072375298
14,0.4504665434360504,0.2786353826522827,-0.02409670688211918
15,0.4686463475227356,0.28244107961654663,-0.030142592266201973
16,0.47887545824050903,0.30601683259010315,-0.031410787254571915
17,0.4229305684566498,0.35941562056541443,-0.014646433293819427
18,0.42502322793006897,0.300639808177948,-0.02778453752398491
19,0.4423540234565735,0.296243280172348,-0.031611841171979904
20,0.4566018581390381,0.3128357231616974,-0.032053954899311066