0,0.2776374816894531,0.4667484164237976,5.467804840009194e-07
1,0.22661353647708893,0.4497140049934387,-0.022129030898213387
2,0.1812441200017929,0.4013080596923828,-0.04268725588917732
3,0.1397632360458374,0.3661462068557739,-0.06406233459711075
4,0.14487147331237793,0.3285831809043884,-0.08229818940162659
5,0.24104340374469757,0.27798452973365784,-0.02596881054341793
6,0.2150503695011139,0.19533750414848328,-0.04962192848324776
7,0.19999001920223236,0.14103184640407562,-0.06484521925449371
8,0.19103866815567017,0.09869921207427979,-0.0751577764749527
9,0.2642902731895447,0.27074068784713745,-0.030866589397192
10,0.22440211474895477,0.17790502309799194,-0.05698993057012558
11,0.20521308481693268,0.11816038191318512,-0.07184483110904694
12,0.192159041762352,0.07092614471912384,-0.07930926233530045
13,0.2841452360153198,0.2812718451023102,-0.038049932569265366
14,0.21229694783687592,0.2402980923652649,-0.0666762962937355
15,0.1769351065158844,0.28294259309768677,-0.06694676727056503
16,0.15822526812553406,0.32387837767601013,-0.05945877358317375
17,0.289285272359848,0.3108435869216919,-0.04790198802947998
18,0.22254537045955658,0.3038453161716461,-0.07117650657892227
19,0.18672719597816467,0.32193607091903687,-0.07439396530389786
20,0.16226762533187866,0.3402435779571533,-0.07151435315608978