0,0.5888615846633911,0.5751972198486328,4.59489314152961e-07
1,0.6312714219093323,0.56348717212677,-0.017538465559482574
2,0.6658303737640381,0.5164586305618286,-0.026351142674684525
3,0.6758938431739807,0.4719349145889282,-0.03701199218630791
4,0.6474258303642273,0.4532932937145233,-0.047671280801296234
5,0.6526263952255249,0.3936445415019989,-0.015463591553270817
6,0.6836438775062561,0.3201999068260193,-0.031099414452910423
7,0.7042421698570251,0.2739720344543457,-0.04403707757592201
8,0.7202696204185486,0.23249551653862,-0.05454561486840248
9,0.6220195889472961,0.3880475163459778,-0.02346228063106537
10,0.6180952787399292,0.28950607776641846,-0.04371173307299614
11,0.6284801959991455,0.2302333265542984,-0.06170657277107239
12,0.6351540684700012,0.1781885325908661,-0.07423966377973557
13,0.5914289951324463,0.4058215022087097,-0.03288927301764488
14,0.5972372889518738,0.33743083477020264,-0.06430580466985703
15,0.6273884773254395,0.37409424781799316,-0.07499487698078156
16,0.6422985792160034,0.41098955273628235,-0.07511995732784271
17,0.5631899237632751,0.43784645199775696,-0.043393246829509735
18,0.5796896815299988,0.3850988745689392,-0.0705200657248497
19,0.6015884280204773,0.40726837515830994,-0.0742136761546135
20,0.6112902164459229,0.43894270062446594,-0.07188807427883148