0,0.5577113628387451,0.8549984693527222,4.910140205538482e-07
1,0.5949645042419434,0.8518575429916382,-0.014349566772580147
2,0.6323917508125305,0.8210967779159546,-0.024559807032346725
3,0.6539151668548584,0.7923030853271484,-0.0364089161157608
4,0.636293351650238,0.7704134583473206,-0.04760483279824257
5,0.6196702122688293,0.7135902643203735,-0.020530138164758682
6,0.6576464772224426,0.6473041772842407,-0.03577865660190582
7,0.6823811531066895,0.6097251772880554,-0.04675702750682831
8,0.7002766132354736,0.574475884437561,-0.055212363600730896
9,0.5954298973083496,0.7083812355995178,-0.02825833670794964
10,0.6045820116996765,0.613469660282135,-0.049973249435424805
11,0.624840259552002,0.5642915964126587,-0.06688447296619415
12,0.6389243602752686,0.5217893123626709,-0.07782626897096634
13,0.5722473859786987,0.7206644415855408,-0.036217253655195236
14,0.6015459895133972,0.6646480560302734,-0.06822855025529861
15,0.6269907355308533,0.7057918906211853,-0.07776621729135513
16,0.6351273655891418,0.7399187088012695,-0.07662402093410492
17,0.5549728274345398,0.7465558052062988,-0.044500745832920074
18,0.591408908367157,0.7128191590309143,-0.07232304662466049
19,0.6122180819511414,0.7436675429344177,-0.07598359882831573
20,0.616854727268219,0.7752682566642761,-0.0730874091386795