0,0.2337358444929123,0.6164489984512329,5.39599682269909e-07
1,0.27631109952926636,0.5856670141220093,-0.03962672874331474
2,0.28998902440071106,0.5276031494140625,-0.05841895937919617
3,0.24552850425243378,0.4843977391719818,-0.07506077736616135
4,0.19716480374336243,0.4662950932979584,-0.0905042290687561
5,0.27398884296417236,0.40436097979545593,-0.03799498453736305
6,0.2767273187637329,0.30694252252578735,-0.06146625429391861
7,0.27891600131988525,0.2507416605949402,-0.07784628123044968
8,0.27733033895492554,0.1980944126844406,-0.09015495330095291
9,0.22741584479808807,0.3955254852771759,-0.03583897277712822
10,0.20742551982402802,0.29648005962371826,-0.0633275955915451
11,0.18846829235553741,0.23478256165981293,-0.08312233537435532
12,0.1711542308330536,0.1791287362575531,-0.09577019512653351
13,0.19219070672988892,0.4178807735443115,-0.03670318052172661
14,0.16336703300476074,0.34449100494384766,-0.07225937396287918
15,0.1738017350435257,0.3964424729347229,-0.0787469819188118
16,0.18471449613571167,0.4425901174545288,-0.07420197874307632
17,0.16436785459518433,0.4603922963142395,-0.04076513648033142
18,0.14410465955734253,0.41086453199386597,-0.07074897736310959
19,0.15366530418395996,0.43262872099876404,-0.07349421828985214
20,0.1664533168077469,0.46047717332839966,-0.06889960914850235