0,0.5180402994155884,0.5825238823890686,3.1242907994055713e-07
1,0.4861762821674347,0.5244753956794739,-0.0018435785314068198
2,0.4853382110595703,0.4663342237472534,-0.004389459732919931
3,0.516771137714386,0.43967679142951965,-0.007625042460858822
4,0.5434211492538452,0.43603241443634033,-0.010528156533837318
5,0.5301620364189148,0.41082650423049927,-0.013728328980505466
6,0.5371842384338379,0.32811832427978516,-0.019281042739748955
7,0.5448108911514282,0.2821245491504669,-0.021244121715426445
8,0.5512014627456665,0.2485937476158142,-0.021626411005854607
9,0.5661560297012329,0.4271928071975708,-0.015904733911156654
10,0.5886639952659607,0.3505115509033203,-0.01808321848511696
11,0.5980430841445923,0.30602574348449707,-0.018079565837979317
12,0.6061978340148926,0.27952149510383606,-0.017182882875204086
13,0.5895041227340698,0.45603445172309875,-0.017136305570602417
14,0.5837626457214355,0.43153947591781616,-0.017107687890529633
15,0.5662190318107605,0.44417423009872437,-0.014591416344046593
16,0.5560014843940735,0.4646179974079132,-0.011016244068741798
17,0.6010749340057373,0.4862070083618164,-0.018999358639121056
18,0.5890766978263855,0.4705675542354584,-0.01660909689962864
19,0.5739257335662842,0.48089826107025146,-0.010154618881642818
20,0.5659390687942505,0.49896183609962463,-0.003554663388058543