0,0.24333129823207855,0.8307093381881714,6.8552537868527e-07
1,0.28449973464012146,0.8027685284614563,-0.036060500890016556
2,0.30034735798835754,0.7535120844841003,-0.05699405446648598
3,0.2596898078918457,0.7283057570457458,-0.0762135311961174
4,0.21545545756816864,0.7160525918006897,-0.09442594647407532
5,0.2853371202945709,0.6238883137702942,-0.03756485879421234
6,0.2999594211578369,0.5325876474380493,-0.06577332317829132
7,0.3062920570373535,0.47615987062454224,-0.08460475504398346
8,0.30725187063217163,0.4240275025367737,-0.09650826454162598
9,0.23705284297466278,0.6152127981185913,-0.03858737647533417
10,0.22126047313213348,0.5129184722900391,-0.06780878454446793
11,0.20287565886974335,0.44971469044685364,-0.08579796552658081
12,0.1834421455860138,0.393887460231781,-0.09434672445058823
13,0.19989949464797974,0.6407421827316284,-0.042328204959630966
14,0.17503854632377625,0.5874525308609009,-0.08282321691513062
15,0.1934262067079544,0.6414539217948914,-0.0871424674987793
16,0.20790012180805206,0.6851643323898315,-0.07817840576171875
17,0.1730363368988037,0.6872316598892212,-0.04852711409330368
18,0.1629241704940796,0.6660680770874023,-0.08205999433994293
19,0.18213774263858795,0.7008242011070251,-0.08015469461679459
20,0.19838973879814148,0.7308089137077332,-0.0695127323269844