0,0.22850944101810455,0.8594667315483093,6.5349684064131e-07
1,0.2622271180152893,0.8427419066429138,-0.047226764261722565
2,0.2642267644405365,0.8038573861122131,-0.07335503399372101
3,0.21528172492980957,0.7895717024803162,-0.09478536993265152
4,0.16840322315692902,0.7837986946105957,-0.11464710533618927
5,0.23763501644134521,0.6844998002052307,-0.050788551568984985
6,0.23846322298049927,0.6003111600875854,-0.08195821195840836
7,0.23520073294639587,0.5480331182479858,-0.10209503769874573
8,0.22864870727062225,0.500944972038269,-0.11515016108751297
9,0.19171521067619324,0.6793425679206848,-0.045618973672389984
10,0.17016306519508362,0.5897341370582581,-0.07714588940143585
11,0.14222317934036255,0.5413071513175964,-0.09536517411470413
12,0.11506809294223785,0.49923956394195557,-0.10456178337335587
13,0.1590753197669983,0.7037903666496277,-0.0441645011305809
14,0.12368002533912659,0.6582168936729431,-0.08634655922651291
15,0.13597257435321808,0.7150675654411316,-0.09078945219516754
16,0.14991961419582367,0.7592072486877441,-0.08250786364078522
17,0.13846904039382935,0.7457413673400879,-0.04581214860081673
18,0.11310948431491852,0.7274453639984131,-0.08049991726875305
19,0.12439027428627014,0.7621126770973206,-0.08025787770748138
20,0.13914719223976135,0.7909994125366211,-0.07154122740030289