0,0.35566645860671997,0.7553383708000183,2.3797545622983307e-07
1,0.3424507677555084,0.6577483415603638,0.022938868030905724
2,0.36223283410072327,0.583707869052887,0.02479792758822441
3,0.39919137954711914,0.547579288482666,0.020360898226499557
4,0.4334108531475067,0.5396904945373535,0.01537403929978609
5,0.3741289973258972,0.5313007831573486,-0.0004287978808861226
6,0.3912554681301117,0.4347071349620819,-0.013490919955074787
7,0.3992544710636139,0.3742263913154602,-0.022375132888555527
8,0.4065561294555664,0.3296293616294861,-0.0268400888890028
9,0.40652725100517273,0.5490906834602356,-0.017043858766555786
10,0.4539278745651245,0.45783403515815735,-0.02358315698802471
11,0.4821511209011078,0.40007442235946655,-0.02781851217150688
12,0.5045415759086609,0.3601732850074768,-0.03115801513195038
13,0.4375232756137848,0.5828366279602051,-0.030008457601070404
14,0.4808531403541565,0.5237533450126648,-0.02868252992630005
15,0.46729958057403564,0.5387153029441833,-0.01721319556236267
16,0.45037907361984253,0.5613842606544495,-0.008620426058769226
17,0.4635927975177765,0.6259427070617676,-0.0421907976269722
18,0.48902207612991333,0.5819851756095886,-0.033173564821481705
19,0.4764711260795593,0.5946871042251587,-0.015898864716291428
20,0.46540528535842896,0.6151490807533264,-0.002115270122885704