0,0.5885957479476929,0.7639415264129639,3.061035442897264e-07
1,0.5567320585250854,0.6955301761627197,-0.006221469957381487
2,0.558762788772583,0.6208483576774597,-0.0019058485049754381
3,0.5885936617851257,0.5941014885902405,0.007515796925872564
4,0.6134815812110901,0.6036580801010132,0.01773264817893505
5,0.6252248883247375,0.6035863757133484,-0.02337506413459778
6,0.6408820152282715,0.5180405378341675,-0.022953584790229797
7,0.651413083076477,0.46884679794311523,-0.021139182150363922
8,0.6590167284011841,0.43153199553489685,-0.019611302763223648
9,0.6537689566612244,0.6273932456970215,-0.014101078733801842
10,0.6784724593162537,0.5428716540336609,-0.011736285872757435
11,0.6871505975723267,0.491318941116333,-0.007958359085023403
12,0.6935493350028992,0.45672422647476196,-0.005055233836174011
13,0.6678162813186646,0.6540608406066895,-0.0027632219716906548
14,0.654633641242981,0.6051265001296997,0.0013051271671429276
15,0.6320644021034241,0.6060770750045776,0.0023685924243181944
16,0.6177335381507874,0.624763548374176,0.004722531884908676
17,0.6711832284927368,0.6755356192588806,0.008604439906775951
18,0.6517931818962097,0.6406412124633789,0.009171772748231888
19,0.6298747658729553,0.6442646980285645,0.009474139660596848
20,0.6197430491447449,0.6610732078552246,0.011751196347177029