0,0.5476498007774353,0.6370720267295837,6.341284120026103e-07
1,0.5057746171951294,0.6127512454986572,-0.024335652589797974
2,0.46922287344932556,0.5581371784210205,-0.042442020028829575
3,0.4699039161205292,0.5142066478729248,-0.06159564107656479
4,0.49709245562553406,0.4943247437477112,-0.07864796370267868
5,0.5057640075683594,0.42501869797706604,-0.028120040893554688
6,0.4915463328361511,0.3332829475402832,-0.055130019783973694
7,0.4851338863372803,0.27207764983177185,-0.07342853397130966
8,0.4808577299118042,0.22125476598739624,-0.0858301967382431
9,0.549537181854248,0.42563167214393616,-0.03570696711540222
10,0.5561993718147278,0.33202528953552246,-0.06383223086595535
11,0.5611080527305603,0.2650628685951233,-0.08325541764497757
12,0.5656328797340393,0.2106180191040039,-0.09271180629730225
13,0.5861868262290955,0.45507869124412537,-0.045493416488170624
14,0.5638951659202576,0.411094069480896,-0.0819406807422638
15,0.5315618515014648,0.44883817434310913,-0.08782418817281723
16,0.5103296637535095,0.48246490955352783,-0.081421859562397
17,0.6119786500930786,0.5036635994911194,-0.05706370249390602
18,0.5811736583709717,0.48336413502693176,-0.0867982730269432
19,0.5472283363342285,0.5018293857574463,-0.08657373487949371
20,0.5238078832626343,0.5228330492973328,-0.07834947854280472