0,0.27655670046806335,0.7926303744316101,3.923035194475233e-07
1,0.2387467920780182,0.7248115539550781,-0.005558702163398266
2,0.24857768416404724,0.6524370908737183,-0.01410694420337677
3,0.28985822200775146,0.613850474357605,-0.02042209543287754
4,0.3234995901584625,0.6038911938667297,-0.026522457599639893
5,0.25940263271331787,0.6236154437065125,-0.03867941349744797
6,0.2598978877067566,0.5235100388526917,-0.056380536407232285
7,0.2608923316001892,0.4626409411430359,-0.06606723368167877
8,0.26237753033638,0.4164198637008667,-0.07105406373739243
9,0.30409756302833557,0.6413346529006958,-0.04211707040667534
10,0.3250364661216736,0.5340044498443604,-0.05549612268805504
11,0.3390866816043854,0.46911513805389404,-0.06136016175150871
12,0.352464497089386,0.4189765453338623,-0.0645953118801117
13,0.34239745140075684,0.6649357080459595,-0.04314030706882477
14,0.3583289384841919,0.5781255960464478,-0.057419586926698685
15,0.34315744042396545,0.5897523164749146,-0.054377481341362
16,0.3316618502140045,0.6134130358695984,-0.04759224131703377
17,0.37139445543289185,0.6887944936752319,-0.04355216026306152
18,0.3645622730255127,0.6304886341094971,-0.05305171757936478
19,0.34935885667800903,0.6420125365257263,-0.04521357640624046
20,0.34426313638687134,0.6626715660095215,-0.03506038337945938