0,0.2522358000278473,0.6129504442214966,5.517121621778642e-07
1,0.29275497794151306,0.5775764584541321,-0.03304586187005043
2,0.307467520236969,0.5109125375747681,-0.04765327274799347
3,0.2689668834209442,0.4696459174156189,-0.060245148837566376
4,0.22592157125473022,0.4529325067996979,-0.07111291587352753
5,0.2858901619911194,0.39909571409225464,-0.024009067565202713
6,0.2959813177585602,0.31051093339920044,-0.04499371349811554
7,0.30124959349632263,0.25422531366348267,-0.0597723014652729
8,0.30394333600997925,0.2056197226047516,-0.06899069994688034
9,0.24333003163337708,0.3946164846420288,-0.02310970053076744
10,0.2218772917985916,0.2980276942253113,-0.04607453569769859
11,0.20689254999160767,0.23738542199134827,-0.06081255525350571
12,0.19384612143039703,0.18703870475292206,-0.06760050356388092
13,0.21034863591194153,0.416690468788147,-0.02539473958313465
14,0.19465681910514832,0.35947170853614807,-0.060633499175310135
15,0.21253904700279236,0.409729540348053,-0.06477686762809753
16,0.22440676391124725,0.4533637762069702,-0.05640406161546707
17,0.18518440425395966,0.4556306004524231,-0.03004380688071251
18,0.18155580759048462,0.4189477860927582,-0.05924540385603905
19,0.20014293491840363,0.4509900212287903,-0.05765887722373009
20,0.21327582001686096,0.4825558364391327,-0.04807654023170471