0,0.5697316527366638,0.7703760266304016,2.4640488049954e-07
1,0.6051546931266785,0.7726219296455383,-0.017544668167829514
2,0.6421860456466675,0.7439836263656616,-0.0323336087167263
3,0.6554901599884033,0.7145664095878601,-0.04835229739546776
4,0.6286122798919678,0.7024387121200562,-0.06549527496099472
5,0.631520688533783,0.6265494227409363,-0.025485031306743622
6,0.6556291580200195,0.558254599571228,-0.04508820176124573
7,0.6774649620056152,0.5076401233673096,-0.06004587188363075
8,0.691728413105011,0.46602457761764526,-0.07221643626689911
9,0.6020012497901917,0.6218745112419128,-0.0318932868540287
10,0.6034818291664124,0.5842109322547913,-0.06206056475639343
11,0.6144328117370605,0.6267969012260437,-0.07435859739780426
12,0.6167531609535217,0.6629380583763123,-0.07847917824983597
13,0.5735577344894409,0.6359736919403076,-0.03937797248363495
14,0.5807092189788818,0.5991522669792175,-0.0679919570684433
15,0.601464569568634,0.6402555108070374,-0.06811193376779556
16,0.6093650460243225,0.6751847267150879,-0.06337866187095642
17,0.5466995239257812,0.6645848155021667,-0.0484461635351181
18,0.5641079545021057,0.6425856947898865,-0.07092349231243134
19,0.5834951996803284,0.6726087331771851,-0.07033924013376236
20,0.5917291045188904,0.7007972598075867,-0.06632927805185318