0,0.25019803643226624,0.796007513999939,6.177390332595678e-07
1,0.28964611887931824,0.7693848013877869,-0.03407730534672737
2,0.3042968809604645,0.7198590636253357,-0.05381350964307785
3,0.266502320766449,0.6986965537071228,-0.07299171388149261
4,0.22309744358062744,0.6851223707199097,-0.0913860946893692
5,0.2885459363460541,0.5941342711448669,-0.031007511541247368
6,0.3037901818752289,0.5099999904632568,-0.05990440398454666
7,0.31128570437431335,0.45601749420166016,-0.07940582931041718
8,0.3146899342536926,0.4074024558067322,-0.09181983768939972
9,0.24345457553863525,0.5879765748977661,-0.03389222174882889
10,0.22742865979671478,0.49319905042648315,-0.0664576068520546
11,0.20904585719108582,0.4369194805622101,-0.0878116637468338
12,0.190231055021286,0.38650625944137573,-0.09804667532444
13,0.20815420150756836,0.6126524806022644,-0.03994826227426529
14,0.1849009096622467,0.5680872201919556,-0.08573129773139954
15,0.20329956710338593,0.6293469071388245,-0.0944482684135437
16,0.21808192133903503,0.6745304465293884,-0.08694830536842346
17,0.18123380839824677,0.6575342416763306,-0.04797844588756561
18,0.17042504251003265,0.6421716809272766,-0.08536417782306671
19,0.19028820097446442,0.6804572939872742,-0.08680946379899979
20,0.2082323133945465,0.7103137373924255,-0.07808445394039154