0,0.2768382430076599,0.9257939457893372,8.501031629748468e-07
1,0.2313208281993866,0.9193320274353027,-0.024379882961511612
2,0.17977210879325867,0.8931590914726257,-0.047310248017311096
3,0.14482510089874268,0.8729721307754517,-0.06995098292827606
4,0.1514643132686615,0.8504796028137207,-0.09182799607515335
5,0.20642445981502533,0.7457378506660461,-0.04870469123125076
6,0.17448490858078003,0.6534711122512817,-0.07352731376886368
7,0.14687854051589966,0.5941667556762695,-0.08618269860744476
8,0.12687253952026367,0.544398307800293,-0.09493651241064072
9,0.2457452118396759,0.7339850664138794,-0.055899299681186676
10,0.23389051854610443,0.6265450716018677,-0.08151622861623764
11,0.22037525475025177,0.5613635778427124,-0.09458644688129425
12,0.2065681517124176,0.5087934732437134,-0.10041013360023499
13,0.2796226739883423,0.7526853680610657,-0.06382228434085846
14,0.2201913297176361,0.7389693260192871,-0.09716285020112991
15,0.18794074654579163,0.7894223928451538,-0.10156644880771637
16,0.17023435235023499,0.8293710350990295,-0.09564544260501862
17,0.29909247159957886,0.7974029183387756,-0.07333938777446747
18,0.23870350420475006,0.8095601201057434,-0.10028862208127975
19,0.20550112426280975,0.837748110294342,-0.10208576172590256
20,0.18341012299060822,0.8616288304328918,-0.09728928655385971