0,0.7443376183509827,0.8045527935028076,5.838318202222581e-07
1,0.6951407194137573,0.7700292468070984,-0.03745468333363533
2,0.6749246120452881,0.7052568197250366,-0.06038500368595123
3,0.7161421775817871,0.673531174659729,-0.08229611814022064
4,0.7570591568946838,0.6601152420043945,-0.10251203924417496
5,0.706208348274231,0.5553218722343445,-0.04206055775284767
6,0.699489176273346,0.45208606123924255,-0.0728343054652214
7,0.6973776817321777,0.3856290578842163,-0.0928274616599083
8,0.6953280568122864,0.3287138342857361,-0.10618797689676285
9,0.753944993019104,0.5575999021530151,-0.045578088611364365
10,0.7760646343231201,0.44790273904800415,-0.07504625618457794
11,0.7918094396591187,0.3811531066894531,-0.09230937063694
12,0.8059924840927124,0.3221305012702942,-0.10159298777580261
13,0.7881966233253479,0.5917862057685852,-0.05315444990992546
14,0.8060078620910645,0.5486257076263428,-0.0919729545712471
15,0.7822728157043457,0.6042521595954895,-0.0977170392870903
16,0.7645673155784607,0.6474729776382446,-0.09151425957679749
17,0.8125972747802734,0.6450484395027161,-0.06404464691877365
18,0.8171085715293884,0.6322491765022278,-0.09503864496946335
19,0.7943535447120667,0.6651134490966797,-0.09603974968194962
20,0.7763041257858276,0.6915807723999023,-0.08988703042268753