0,0.29300519824028015,0.9184160828590393,1.0423607363918563e-06
1,0.25325316190719604,0.9126380681991577,-0.031099040061235428
2,0.2091454267501831,0.8828012943267822,-0.061337392777204514
3,0.17371469736099243,0.8603999614715576,-0.09101196378469467
4,0.18720750510692596,0.8415288329124451,-0.12020093947649002
5,0.24212820827960968,0.7378047704696655,-0.053923171013593674
6,0.21880629658699036,0.6494256258010864,-0.08418802171945572
7,0.19851791858673096,0.5898860096931458,-0.10246807336807251
8,0.18715983629226685,0.5415435433387756,-0.11556839942932129
9,0.28391966223716736,0.729804515838623,-0.05890104919672012
10,0.27281856536865234,0.6304733157157898,-0.0928543284535408
11,0.2611723244190216,0.5640504360198975,-0.11194177716970444
12,0.2523452043533325,0.5084604024887085,-0.12128181010484695
13,0.31885144114494324,0.7507520318031311,-0.0647735744714737
14,0.2605120837688446,0.7396602630615234,-0.10112696141004562
15,0.22444584965705872,0.7985231280326843,-0.10159607231616974
16,0.2056216597557068,0.838688313961029,-0.09271325916051865
17,0.33772897720336914,0.7948779463768005,-0.07320638746023178
18,0.2811722159385681,0.8040201663970947,-0.10176770389080048
19,0.24693100154399872,0.8402007222175598,-0.10112723708152771
20,0.2253686785697937,0.8692354559898376,-0.09432446211576462