0,0.51744145154953,0.8064799904823303,6.634361966462166e-07
1,0.5592236518859863,0.800098180770874,-0.031211702153086662
2,0.5975386500358582,0.7656760215759277,-0.04972773417830467
3,0.5911039113998413,0.7266111969947815,-0.06705820560455322
4,0.560712456703186,0.70206218957901,-0.08329156786203384
5,0.5914311408996582,0.6333404183387756,-0.03380470350384712
6,0.6211081743240356,0.5574736595153809,-0.06014980003237724
7,0.6418975591659546,0.5055819749832153,-0.07759165018796921
8,0.659209132194519,0.45987188816070557,-0.08754077553749084
9,0.5525398850440979,0.6290781497955322,-0.0364958755671978
10,0.5534086227416992,0.5396412014961243,-0.06596872210502625
11,0.5574788451194763,0.47937464714050293,-0.08334258943796158
12,0.5589284300804138,0.42379558086395264,-0.09078101813793182
13,0.5148662328720093,0.6470537185668945,-0.041810136288404465
14,0.5393602848052979,0.6349514722824097,-0.08195219188928604
15,0.5478708744049072,0.6905761361122131,-0.08603178709745407
16,0.5432612299919128,0.7216651439666748,-0.07635959982872009
17,0.4796667993068695,0.6783329248428345,-0.049085620790719986
18,0.5066161155700684,0.6617746353149414,-0.0761248841881752
19,0.519019603729248,0.7033376097679138,-0.06968189775943756
20,0.5175096988677979,0.7292468547821045,-0.05716564133763313