0,0.5037407875061035,0.8907532691955566,6.413173991859367e-07
1,0.46735474467277527,0.888437032699585,-0.026382142677903175
2,0.42085057497024536,0.8492957353591919,-0.0470024012029171
3,0.4149111807346344,0.8132995963096619,-0.06796842813491821
4,0.4427691698074341,0.8051527738571167,-0.08810783177614212
5,0.45169103145599365,0.7100654244422913,-0.03731415420770645
6,0.4351242184638977,0.6293403506278992,-0.06424327194690704
7,0.424831748008728,0.5721027255058289,-0.08129633963108063
8,0.41728609800338745,0.5243631601333618,-0.09328635782003403
9,0.49634069204330444,0.7049049139022827,-0.04477912560105324
10,0.4952259063720703,0.6082317233085632,-0.07420678436756134
11,0.49533507227897644,0.544327974319458,-0.0917719304561615
12,0.4966294467449188,0.4883967638015747,-0.09981778264045715
13,0.5375510454177856,0.7301318049430847,-0.0538586862385273
14,0.5176646709442139,0.6903506517410278,-0.0919204130768776
15,0.4899888336658478,0.7444660663604736,-0.09516257792711258
16,0.47319328784942627,0.7874716520309448,-0.08672984689474106
17,0.5720197558403015,0.7767229676246643,-0.06484421342611313
18,0.5405412912368774,0.7678983211517334,-0.09629116952419281
19,0.5098240375518799,0.803960919380188,-0.0953230932354927
20,0.4887772500514984,0.8336406946182251,-0.08679915964603424