0,0.67908775806427,0.7943863868713379,5.07026754803519e-07
1,0.7185569405555725,0.7946197390556335,-0.02105768211185932
2,0.7563090324401855,0.7706595063209534,-0.03896692022681236
3,0.776659369468689,0.7522481679916382,-0.05920683220028877
4,0.7574369311332703,0.7405550479888916,-0.0782335177063942
5,0.7449675798416138,0.6502202749252319,-0.03474074602127075
6,0.776464581489563,0.5808616280555725,-0.05995319038629532
7,0.7985504865646362,0.5350072979927063,-0.07696445286273956
8,0.8140214681625366,0.4936233162879944,-0.09021160751581192
9,0.7109099626541138,0.645863950252533,-0.04484158009290695
10,0.7115777134895325,0.5602986812591553,-0.07977337390184402
11,0.7227003574371338,0.5108475685119629,-0.10054735839366913
12,0.7321024537086487,0.46649980545043945,-0.1128486916422844
13,0.6797143220901489,0.6623035073280334,-0.056166861206293106
14,0.7105030417442322,0.624048113822937,-0.09911012649536133
15,0.7314596772193909,0.6806310415267944,-0.10521349310874939
16,0.7395168542861938,0.7213760018348694,-0.09995896369218826
17,0.6577997207641602,0.6945871114730835,-0.06910447776317596
18,0.6945690512657166,0.683024525642395,-0.10490940511226654
19,0.7180994749069214,0.7226287126541138,-0.10985969752073288
20,0.730213463306427,0.753989577293396,-0.10693018138408661