0,0.3099304437637329,0.904779314994812,1.0175961051572813e-06
1,0.2637229561805725,0.8923419713973999,-0.020255904644727707
2,0.2155313789844513,0.8598798513412476,-0.04211593046784401
3,0.18417367339134216,0.838118851184845,-0.06429893523454666
4,0.1837252825498581,0.820791482925415,-0.086160808801651
5,0.2463986575603485,0.7201861143112183,-0.046273503452539444
6,0.22259363532066345,0.6234402060508728,-0.06857863068580627
7,0.1994616687297821,0.5603771209716797,-0.0804629772901535
8,0.18500018119812012,0.5091973543167114,-0.08984904736280441
9,0.28450807929039,0.7125721573829651,-0.05451303347945213
10,0.27467429637908936,0.6070542335510254,-0.08153276145458221
11,0.26349201798439026,0.538863480091095,-0.0960284098982811
12,0.25395679473876953,0.4833950996398926,-0.10381706804037094
13,0.3141437768936157,0.7314281463623047,-0.062318991869688034
14,0.24573802947998047,0.716331422328949,-0.09291994571685791
15,0.2145659327507019,0.7689492702484131,-0.0916520431637764
16,0.19897179305553436,0.811890184879303,-0.08375221490859985
17,0.32768863439559937,0.7776232957839966,-0.07186588644981384
18,0.25911957025527954,0.7941544055938721,-0.09796428680419922
19,0.227541983127594,0.8241177201271057,-0.09788165986537933
20,0.20863071084022522,0.8484045267105103,-0.092697873711586