0,0.24580606818199158,0.5879825353622437,5.512177949640318e-07
1,0.2874201238155365,0.5574139356613159,-0.03979470208287239
2,0.3026546835899353,0.5022287368774414,-0.05986823886632919
3,0.26048392057418823,0.46125951409339905,-0.07758913934230804
4,0.21412813663482666,0.43968889117240906,-0.09392230957746506
5,0.2854548990726471,0.3749840259552002,-0.038929250091314316
6,0.290714293718338,0.2802774906158447,-0.06198887526988983
7,0.2921583652496338,0.2229847013950348,-0.07814435660839081
8,0.2914062738418579,0.17131875455379486,-0.09004255384206772
9,0.2388848066329956,0.36777463555336,-0.037078455090522766
10,0.21728482842445374,0.26875561475753784,-0.062461066991090775
11,0.2006683349609375,0.2063867151737213,-0.08109838515520096
12,0.18667107820510864,0.15322352945804596,-0.09339100867509842
13,0.2025483101606369,0.3904740512371063,-0.03836490958929062
14,0.17803068459033966,0.3179081082344055,-0.07271316647529602
15,0.1899743676185608,0.3591739237308502,-0.08071509003639221
16,0.19985853135585785,0.40212875604629517,-0.07795870304107666
17,0.17400136590003967,0.43073368072509766,-0.042776912450790405
18,0.15704503655433655,0.37506482005119324,-0.07155971229076385
19,0.1691962480545044,0.3938145339488983,-0.07444727420806885
20,0.18200786411762238,0.423149973154068,-0.07039275765419006