0,0.7180891633033752,0.6224881410598755,4.3925052750637406e-07
1,0.7601940035820007,0.6221415996551514,-0.013997214846313
2,0.8027262091636658,0.5943824052810669,-0.02693825028836727
3,0.8299900889396667,0.567861795425415,-0.04252510890364647
4,0.8110801577568054,0.5436848998069763,-0.05675617232918739
5,0.7871893048286438,0.47458019852638245,-0.02128644287586212
6,0.8258152008056641,0.3995353579521179,-0.03885321691632271
7,0.8493750095367432,0.35811325907707214,-0.05023026093840599
8,0.8668028116226196,0.3204977512359619,-0.0586683452129364
9,0.7622135877609253,0.46959036588668823,-0.031868405640125275
10,0.7753129601478577,0.37047165632247925,-0.05762626975774765
11,0.7977156639099121,0.32145825028419495,-0.07463761419057846
12,0.8136698007583618,0.2792736887931824,-0.0844615176320076
13,0.7404213547706604,0.4824194312095642,-0.0430072657763958
14,0.7776448130607605,0.4239184260368347,-0.07690014690160751
15,0.807013213634491,0.4688517153263092,-0.08394326269626617
16,0.8171758055686951,0.5052160620689392,-0.08037320524454117
17,0.7259500622749329,0.5093730688095093,-0.05489623174071312
18,0.7708352208137512,0.4735048711299896,-0.08109220862388611
19,0.7919802069664001,0.5046977400779724,-0.08237938582897186
20,0.7960329651832581,0.5371645092964172,-0.0778757706284523