0,0.7038961052894592,0.6390355229377747,4.5974988438501896e-07
1,0.742006778717041,0.6303018927574158,-0.010249525308609009
2,0.780449628829956,0.5901299715042114,-0.020205995067954063
3,0.8093398213386536,0.5590996742248535,-0.03347190469503403
4,0.7939236760139465,0.5429834723472595,-0.04459339380264282
5,0.7527942061424255,0.4740394949913025,-0.015108393505215645
6,0.7841381430625916,0.39969581365585327,-0.029220493510365486
7,0.8043988943099976,0.35382747650146484,-0.037795957177877426
8,0.817567765712738,0.31621411442756653,-0.04483509808778763
9,0.7282530069351196,0.47324854135513306,-0.026472987607121468
10,0.7362713813781738,0.3746567368507385,-0.052840705960989
11,0.7543064951896667,0.3212842345237732,-0.06850448995828629
12,0.7677013874053955,0.2780856490135193,-0.07661177217960358
13,0.7089663743972778,0.49121731519699097,-0.03797205165028572
14,0.7545941472053528,0.43392395973205566,-0.07046840339899063
15,0.7835894227027893,0.47677457332611084,-0.07236431539058685
16,0.7923301458358765,0.5112853646278381,-0.06485206633806229
17,0.7004868388175964,0.5245361924171448,-0.05026166886091232
18,0.7518028616905212,0.48721370100975037,-0.07489759474992752
19,0.773562490940094,0.5142999887466431,-0.07365654408931732
20,0.7779375314712524,0.5419114828109741,-0.0670354962348938