0,0.27651986479759216,0.615031361579895,6.424775165214669e-07
1,0.3196014165878296,0.5832913517951965,-0.03303112834692001
2,0.3390442430973053,0.5203887224197388,-0.048250529915094376
3,0.30071061849594116,0.4801522195339203,-0.061752136796712875
4,0.25759029388427734,0.46048131585121155,-0.07333408296108246
5,0.3168177306652069,0.40524864196777344,-0.022091276943683624
6,0.32967114448547363,0.31867894530296326,-0.04486694559454918
7,0.3360442817211151,0.2629731297492981,-0.06045592948794365
8,0.3396194875240326,0.21509671211242676,-0.06983496248722076
9,0.2730365991592407,0.40212076902389526,-0.022423898801207542
10,0.2538469135761261,0.30864161252975464,-0.04772280529141426
11,0.23899145424365997,0.2500001788139343,-0.06426876783370972
12,0.22616831958293915,0.20089636743068695,-0.07139388471841812
13,0.23939640820026398,0.4256976544857025,-0.02615094929933548
14,0.22720038890838623,0.373419851064682,-0.06513136625289917
15,0.24458636343479156,0.4266170263290405,-0.06990417838096619
16,0.2555246353149414,0.4699573814868927,-0.06055997312068939
17,0.21354009211063385,0.46695250272750854,-0.03202677518129349
18,0.21210168302059174,0.4380829334259033,-0.06433521211147308
19,0.2308555245399475,0.47148722410202026,-0.06305886059999466
20,0.24263547360897064,0.5004545450210571,-0.05260758474469185