0,0.2916954755783081,0.6272441744804382,2.667738954187371e-07
1,0.2587289810180664,0.558542788028717,0.008810053579509258
2,0.26430296897888184,0.49153634905815125,0.0058679115027189255
3,0.29413241147994995,0.44999250769615173,-0.0004148024891037494
4,0.32392802834510803,0.4362345337867737,-0.006916095968335867
5,0.26889336109161377,0.4483422636985779,-0.01269625686109066
6,0.26648974418640137,0.35542458295822144,-0.02339133620262146
7,0.2662152349948883,0.29891133308410645,-0.026842715218663216
8,0.26623550057411194,0.2567918300628662,-0.02773800678551197
9,0.30405372381210327,0.451280415058136,-0.024563729763031006
10,0.32383137941360474,0.3550042510032654,-0.03356673941016197
11,0.33662378787994385,0.2979480028152466,-0.03619692474603653
12,0.3475859761238098,0.25877639651298523,-0.03662143275141716
13,0.3370002806186676,0.47053390741348267,-0.034000054001808167
14,0.36229056119918823,0.41356930136680603,-0.03939563035964966
15,0.35513603687286377,0.4342109262943268,-0.030484553426504135
16,0.3455969989299774,0.4595753252506256,-0.021265512332320213
17,0.3660520017147064,0.4994325637817383,-0.043096210807561874
18,0.3779415190219879,0.45968466997146606,-0.04031287878751755
19,0.3720698952674866,0.4752434194087982,-0.02639653906226158
20,0.3656671643257141,0.49645930528640747,-0.013747463002800941