0,0.18382380902767181,0.5814707279205322,3.546764730799623e-07
1,0.14908894896507263,0.5138493180274963,0.004827026277780533
2,0.15371152758598328,0.4457983672618866,-0.0008151903166435659
3,0.1876915544271469,0.4104538559913635,-0.009234024211764336
4,0.21924054622650146,0.40282753109931946,-0.017932001501321793
5,0.15338082611560822,0.406744122505188,-0.0164338331669569
6,0.1459314376115799,0.3195015490055084,-0.02867193892598152
7,0.1384810209274292,0.2638775706291199,-0.034908227622509
8,0.13318541646003723,0.22337211668491364,-0.038150738924741745
9,0.19062833487987518,0.4109434485435486,-0.02764180302619934
10,0.20169410109519958,0.3160664141178131,-0.03825519233942032
11,0.20929400622844696,0.2568926215171814,-0.0439324826002121
12,0.21712088584899902,0.21271882951259613,-0.046873923391103745
13,0.22767049074172974,0.42904213070869446,-0.03662139177322388
14,0.24650327861309052,0.35864537954330444,-0.04555593803524971
15,0.24107222259044647,0.3805803060531616,-0.03811774402856827
16,0.2332143932580948,0.40809088945388794,-0.02918955311179161
17,0.26143088936805725,0.4554482102394104,-0.04531317204236984
18,0.26847705245018005,0.40121975541114807,-0.04549200087785721
19,0.26317456364631653,0.41536790132522583,-0.031172947958111763
20,0.25820672512054443,0.4365699589252472,-0.018038196489214897