0,0.7883296608924866,0.6827440857887268,6.992237331360229e-07
1,0.7486114501953125,0.6396626234054565,-0.02741381712257862
2,0.7285401821136475,0.5765416026115417,-0.045350223779678345
3,0.7646806240081787,0.5380979776382446,-0.06381113827228546
4,0.8074086904525757,0.5284664630889893,-0.08110947161912918
5,0.7645458579063416,0.44641488790512085,-0.03335416316986084
6,0.7645410299301147,0.345903217792511,-0.059906039386987686
7,0.7667744755744934,0.2823386788368225,-0.0807155892252922
8,0.7703666687011719,0.22810925543308258,-0.0968661978840828
9,0.809647798538208,0.4547266364097595,-0.0400555320084095
10,0.8325743675231934,0.35057398676872253,-0.06630703806877136
11,0.8508069515228271,0.2834109663963318,-0.08661489933729172
12,0.8689857721328735,0.22378109395503998,-0.10066770762205124
13,0.8420946002006531,0.4926888346672058,-0.049526505172252655
14,0.8607027530670166,0.43780645728111267,-0.08337685465812683
15,0.8400589227676392,0.48784029483795166,-0.08890316635370255
16,0.825122058391571,0.5321265459060669,-0.0847959816455841
17,0.8641334772109985,0.5461070537567139,-0.061623528599739075
18,0.8757359981536865,0.5092962384223938,-0.09194553643465042
19,0.85603928565979,0.5301408767700195,-0.09409059584140778
20,0.8372343182563782,0.555016279220581,-0.08967547118663788