0,0.6892127990722656,0.5656988024711609,6.714984124300827e-07
1,0.6450515985488892,0.5277858972549438,-0.02092120051383972
2,0.6197191476821899,0.45972350239753723,-0.03706781566143036
3,0.6494477391242981,0.41114988923072815,-0.05494687706232071
4,0.6915953159332275,0.3902268409729004,-0.07251892238855362
5,0.6504991054534912,0.32985374331474304,-0.029050840064883232
6,0.6396113634109497,0.23127299547195435,-0.05357375368475914
7,0.6352338790893555,0.16572342813014984,-0.0700661763548851
8,0.6319390535354614,0.11120681464672089,-0.08189640194177628
9,0.694381058216095,0.33376187086105347,-0.03880860283970833
10,0.710689127445221,0.2218916416168213,-0.06219926476478577
11,0.7200268507003784,0.1520204395055771,-0.07806351780891418
12,0.7306252717971802,0.09226900339126587,-0.08742091059684753
13,0.7301836013793945,0.3668730556964874,-0.0507456474006176
14,0.7365061044692993,0.3035271167755127,-0.08166556060314178
15,0.7114819288253784,0.3487285375595093,-0.08601825684309006
16,0.6983444094657898,0.3899880647659302,-0.08076506108045578
17,0.757572591304779,0.41767722368240356,-0.06443515419960022
18,0.7498812079429626,0.3788049817085266,-0.08912350982427597
19,0.7272714376449585,0.40272635221481323,-0.08762899786233902
20,0.715060830116272,0.4290248155593872,-0.08083570748567581