0,0.4158934950828552,0.6945834755897522,3.720062977663474e-07
1,0.3808080554008484,0.630549967288971,-0.00013269550981931388
2,0.38410043716430664,0.5648142099380493,-0.006071580573916435
3,0.4176371693611145,0.5280318260192871,-0.01250864751636982
4,0.4491807520389557,0.5205122232437134,-0.019444599747657776
5,0.411962628364563,0.5197362303733826,-0.02550690434873104
6,0.41816383600234985,0.42886292934417725,-0.0403188019990921
7,0.42230847477912903,0.36976659297943115,-0.0488164946436882
8,0.4243036210536957,0.3259129524230957,-0.05326864495873451
9,0.45031577348709106,0.5312577486038208,-0.031073853373527527
10,0.47599443793296814,0.43666601181030273,-0.040755484253168106
11,0.4903163015842438,0.3778949975967407,-0.045141104608774185
12,0.5034165978431702,0.33471375703811646,-0.046952106058597565
13,0.48013365268707275,0.5551473498344421,-0.03445984423160553
14,0.4916723966598511,0.501767635345459,-0.04069119319319725
15,0.4756491184234619,0.5125609636306763,-0.03445196896791458
16,0.46360304951667786,0.5351873636245728,-0.026591388508677483
17,0.5007618069648743,0.5827924013137817,-0.03791634365916252
18,0.5021478533744812,0.5380435585975647,-0.03883294761180878
19,0.48921939730644226,0.5461249351501465,-0.027729377150535583
20,0.48165714740753174,0.565412163734436,-0.016265323385596275