0,0.5712774395942688,0.6747758984565735,5.965942477814679e-07
1,0.6080513000488281,0.6686719655990601,-0.025165533646941185
2,0.6420571208000183,0.6272537708282471,-0.040021345019340515
3,0.6493536233901978,0.5913909673690796,-0.05541839078068733
4,0.6226890087127686,0.5727165937423706,-0.06959693878889084
5,0.6177496314048767,0.4992430508136749,-0.024151425808668137
6,0.6366332173347473,0.41785287857055664,-0.04532347619533539
7,0.6501739621162415,0.36585021018981934,-0.06072854623198509
8,0.6606267690658569,0.3207089602947235,-0.0711686909198761
9,0.5844284892082214,0.49902209639549255,-0.029834408313035965
10,0.569365918636322,0.40108510851860046,-0.053946129977703094
11,0.5699324607849121,0.3433810770511627,-0.07133594900369644
12,0.5698102712631226,0.29396870732307434,-0.08135164529085159
13,0.5554324984550476,0.5217973589897156,-0.037624675780534744
14,0.5642042756080627,0.4616226553916931,-0.07351896166801453
15,0.5911828279495239,0.5028527975082397,-0.07991673052310944
16,0.603668212890625,0.5414990782737732,-0.07450196892023087
17,0.5328378081321716,0.5607464909553528,-0.047186147421598434
18,0.5534709692001343,0.5162731409072876,-0.0766310766339302
19,0.5775639414787292,0.5424259901046753,-0.07669652998447418
20,0.5880646705627441,0.5738149285316467,-0.0697297751903534