0,0.7226481437683105,0.6810500621795654,4.6707555156899616e-07
1,0.7611792683601379,0.6750462055206299,-0.008700265549123287
2,0.7951884269714355,0.6441296935081482,-0.019891059026122093
3,0.8189286589622498,0.6215779781341553,-0.03457307815551758
4,0.8220217227935791,0.6008004546165466,-0.04773058369755745
5,0.7694860100746155,0.5363016128540039,-0.016528259962797165
6,0.8008898496627808,0.4602431654930115,-0.03291165828704834
7,0.8206163644790649,0.41708147525787354,-0.04203653335571289
8,0.8351821899414062,0.3803672790527344,-0.04830330237746239
9,0.7484338283538818,0.536067008972168,-0.028327422216534615
10,0.761837899684906,0.44263795018196106,-0.05433223396539688
11,0.7822133302688599,0.39453426003456116,-0.06896204501390457
12,0.7981456518173218,0.3565731942653656,-0.07639573514461517
13,0.7321211099624634,0.5507468581199646,-0.04053301364183426
14,0.7758550047874451,0.49218207597732544,-0.07344630360603333
15,0.8077855110168457,0.5326671004295349,-0.07709524035453796
16,0.8211470246315002,0.5697856545448303,-0.07066230475902557
17,0.7253732085227966,0.5798676013946533,-0.05309971794486046
18,0.7679152488708496,0.5358110070228577,-0.0778472051024437
19,0.7941480278968811,0.5576561093330383,-0.07781077921390533
20,0.8035327196121216,0.5861843824386597,-0.07201210409402847