0,0.42527276277542114,0.8249568343162537,1.164738478109939e-06
1,0.3828476667404175,0.8121324777603149,-0.031063906848430634
2,0.3382507264614105,0.761564314365387,-0.0591338649392128
3,0.31556791067123413,0.717215895652771,-0.08855567872524261
4,0.3534153401851654,0.6930097341537476,-0.11654578894376755
5,0.38457539677619934,0.6081385612487793,-0.04734620079398155
6,0.36875879764556885,0.5052979588508606,-0.08271630108356476
7,0.35899117588996887,0.43547701835632324,-0.1081630289554596
8,0.3544633090496063,0.37797197699546814,-0.1275867372751236
9,0.4296621084213257,0.606074333190918,-0.05730604752898216
10,0.43684718012809753,0.4939028024673462,-0.09961695969104767
11,0.43983498215675354,0.4116702079772949,-0.1287064254283905
12,0.44202595949172974,0.34715285897254944,-0.1446085125207901
13,0.4715995490550995,0.6354631185531616,-0.06851406395435333
14,0.4341965317726135,0.5863718390464783,-0.11587093025445938
15,0.3955748677253723,0.6485190391540527,-0.12021510303020477
16,0.37095633149147034,0.6956933736801147,-0.1113814041018486
17,0.49944067001342773,0.6864613890647888,-0.08227087557315826
18,0.4573456645011902,0.6709783673286438,-0.12244706600904465
19,0.4168262779712677,0.7044434547424316,-0.12409838289022446
20,0.3893752098083496,0.732213020324707,-0.11634936183691025