0,0.48969659209251404,0.8985484838485718,2.282328068758943e-07
1,0.45869335532188416,0.8272824883460999,-0.0004820530884899199
2,0.4670407176017761,0.7489219903945923,0.0008475803770124912
3,0.5010628700256348,0.7165430784225464,0.004017573315650225
4,0.5271217226982117,0.7173967361450195,0.007524255663156509
5,0.5184553265571594,0.7256597280502319,-0.02121579460799694
6,0.531616747379303,0.6360770463943481,-0.02548041194677353
7,0.5412423610687256,0.5855462551116943,-0.025663334876298904
8,0.549700915813446,0.5480790734291077,-0.02487393654882908
9,0.5511125922203064,0.7492689490318298,-0.020618287846446037
10,0.5839663743972778,0.6585484147071838,-0.024442508816719055
11,0.6027327179908752,0.6018792986869812,-0.02332400716841221
12,0.6195929050445557,0.5636621117591858,-0.021516792476177216
13,0.5714842081069946,0.7766620516777039,-0.017630496993660927
14,0.5847022533416748,0.7101404666900635,-0.020398255437612534
15,0.564710259437561,0.7096144556999207,-0.015714656561613083
16,0.5467833876609802,0.7270309925079346,-0.009279907681047916
17,0.5821384191513062,0.8022760152816772,-0.014330912381410599
18,0.5805625319480896,0.747418999671936,-0.01427413523197174
19,0.5629485249519348,0.7474560141563416,-0.006981342565268278
20,0.5501258373260498,0.7654072642326355,0.0009488042560406029