0,0.5731773376464844,0.6685236692428589,6.80283790188696e-07
1,0.5254115462303162,0.6427755355834961,-0.02428625524044037
2,0.49153563380241394,0.5812292098999023,-0.042754244059324265
3,0.5097878575325012,0.5292186737060547,-0.0622636154294014
4,0.546942412853241,0.5019025206565857,-0.08142882585525513
5,0.5241929888725281,0.4499944746494293,-0.03563806414604187
6,0.5108239054679871,0.3535865545272827,-0.06103954836726189
7,0.5023582577705383,0.2893231511116028,-0.07769618183374405
8,0.49615612626075745,0.23552049696445465,-0.08984149992465973
9,0.5660187005996704,0.44883427023887634,-0.04334023594856262
10,0.5764501094818115,0.3362842798233032,-0.06876920908689499
11,0.5822746753692627,0.26849156618118286,-0.08465266972780228
12,0.5905892848968506,0.2131275236606598,-0.09353073686361313
13,0.6031988263130188,0.4776567220687866,-0.05315446853637695
14,0.6001222729682922,0.40863123536109924,-0.08643725514411926
15,0.5731412768363953,0.451911985874176,-0.0921735167503357
16,0.5585527420043945,0.4951995611190796,-0.08741170167922974
17,0.6337555646896362,0.5241153240203857,-0.06471624970436096
18,0.6247876882553101,0.4728339612483978,-0.09290733933448792
19,0.5983419418334961,0.4910275936126709,-0.09404066950082779
20,0.580331563949585,0.5173491835594177,-0.08850795030593872