0,0.5377795100212097,0.5867971777915955,4.559503281598154e-07
1,0.577592134475708,0.5737293362617493,-0.02190174162387848
2,0.6152534484863281,0.5247174501419067,-0.03294273465871811
3,0.6215943694114685,0.47568002343177795,-0.04361717402935028
4,0.595966100692749,0.45035791397094727,-0.054555196315050125
5,0.5879035592079163,0.4225122034549713,-0.02161129005253315
6,0.6084210276603699,0.33970868587493896,-0.039965685456991196
7,0.6273404359817505,0.2828531265258789,-0.054231081157922745
8,0.6411662697792053,0.24005217850208282,-0.0638103261590004
9,0.5585833787918091,0.4171173870563507,-0.0240531824529171
10,0.5565221905708313,0.3261978328227997,-0.04226355999708176
11,0.5684756636619568,0.28000158071517944,-0.05497797951102257
12,0.5749406814575195,0.24429446458816528,-0.06349735707044601
13,0.5305576324462891,0.4267227351665497,-0.028732050210237503
14,0.5351549983024597,0.3527015447616577,-0.05130401998758316
15,0.5632035732269287,0.3700428307056427,-0.055694811046123505
16,0.5764029026031494,0.40091472864151,-0.05438152328133583
17,0.5010423064231873,0.4481050968170166,-0.035709235817193985
18,0.5085400342941284,0.38711005449295044,-0.05610576272010803
19,0.5326594710350037,0.39089956879615784,-0.05895623192191124
20,0.5473304986953735,0.412767231464386,-0.057715561240911484