0,0.26115676760673523,0.4899497330188751,3.6357889143801003e-07
1,0.22369495034217834,0.4296022057533264,0.0014826046535745263
2,0.22488638758659363,0.3628704249858856,-0.005103025119751692
3,0.2569900155067444,0.3270029127597809,-0.013276566751301289
4,0.2888883948326111,0.32024285197257996,-0.02184917777776718
5,0.23493565618991852,0.313130259513855,-0.02035711705684662
6,0.22847306728363037,0.22690287232398987,-0.03376544639468193
7,0.22342537343502045,0.17049595713615417,-0.04144999384880066
8,0.21968472003936768,0.12903080880641937,-0.04573629051446915
9,0.2734023928642273,0.3168472349643707,-0.02882901206612587
10,0.28819307684898376,0.22386294603347778,-0.03730224817991257
11,0.29528722167015076,0.16658742725849152,-0.041592516005039215
12,0.30291324853897095,0.1252799928188324,-0.04374270886182785
13,0.3083250820636749,0.33606570959091187,-0.03525630384683609
14,0.3191502094268799,0.28187090158462524,-0.040111832320690155
15,0.309221088886261,0.3010930120944977,-0.032316382974386215
16,0.30153748393058777,0.3274505138397217,-0.02437826246023178
17,0.3376336097717285,0.36409202218055725,-0.042019497603178024
18,0.3360499143600464,0.3280501067638397,-0.04063492640852928
19,0.32910117506980896,0.34408581256866455,-0.027240844443440437
20,0.32620468735694885,0.36474454402923584,-0.015054603107273579