0,0.6087998747825623,0.9796026945114136,4.350538631570089e-07
1,0.5599693059921265,0.9459216594696045,-0.030307674780488014
2,0.5224642753601074,0.8971030712127686,-0.0535161979496479
3,0.5329211354255676,0.8740577697753906,-0.07763823866844177
4,0.5645134449005127,0.8735411167144775,-0.09973602741956711
5,0.5597554445266724,0.7476582527160645,-0.03709063678979874
6,0.5468936562538147,0.6449676752090454,-0.06536620110273361
7,0.5419460535049438,0.586927056312561,-0.08149104565382004
8,0.5387778878211975,0.5373485088348389,-0.09105253964662552
9,0.6072484254837036,0.7539435625076294,-0.04300833120942116
10,0.6237828731536865,0.6513760089874268,-0.06940385699272156
11,0.6345980167388916,0.5902105569839478,-0.0837445929646492
12,0.644431471824646,0.5362537503242493,-0.09045140445232391
13,0.6446579098701477,0.7889171838760376,-0.05233382433652878
14,0.6379473209381104,0.7644298672676086,-0.08810626715421677
15,0.6087403297424316,0.8186402320861816,-0.09288112819194794
16,0.589398205280304,0.858465850353241,-0.08566455543041229
17,0.6714141368865967,0.8421915769577026,-0.06426122039556503
18,0.656991720199585,0.834030032157898,-0.08960627764463425
19,0.6268914341926575,0.8625250458717346,-0.08747109025716782
20,0.6040611267089844,0.8863422274589539,-0.07935149222612381