0,0.5816476345062256,0.6168491244316101,7.623578994753188e-07
1,0.5380150079727173,0.58739173412323,-0.02471400797367096
2,0.5007930994033813,0.5301755666732788,-0.04641703888773918
3,0.5075028538703918,0.4816974997520447,-0.06931313872337341
4,0.5471934080123901,0.46435022354125977,-0.09195944666862488
5,0.546497106552124,0.39326712489128113,-0.042358141392469406
6,0.5354888439178467,0.2916512191295624,-0.06949713826179504
7,0.5291627645492554,0.2253223955631256,-0.08573827892541885
8,0.5239098072052002,0.16939441859722137,-0.09749626368284225
9,0.5897960662841797,0.39996767044067383,-0.05177672579884529
10,0.6081786751747131,0.2856197655200958,-0.08036821335554123
11,0.6180327534675598,0.21411538124084473,-0.09710565954446793
12,0.625913679599762,0.15544229745864868,-0.10601986944675446
13,0.6264238953590393,0.4354260563850403,-0.06292518973350525
14,0.6107910871505737,0.3747803568840027,-0.1004732996225357
15,0.5801333785057068,0.41409286856651306,-0.10942362993955612
16,0.5608208179473877,0.450787752866745,-0.10626889765262604
17,0.6546656489372253,0.4872076213359833,-0.07547302544116974
18,0.6323750615119934,0.44936397671699524,-0.10640016198158264
19,0.6009712219238281,0.4676101505756378,-0.10971345752477646
20,0.5788421630859375,0.4882451295852661,-0.10588683187961578