0,0.48120182752609253,0.7995313405990601,-2.533402110316274e-08
1,0.4431920647621155,0.7781735062599182,-0.014814909547567368
2,0.4083808958530426,0.7376566529273987,-0.029289262369275093
3,0.3935677707195282,0.7007173299789429,-0.044530417770147324
4,0.420115202665329,0.6852467060089111,-0.059526216238737106
5,0.4545381963253021,0.6345576643943787,-0.013657724484801292
6,0.450962096452713,0.5793905258178711,-0.03409819304943085
7,0.43017083406448364,0.5600861310958862,-0.05094819515943527
8,0.41322004795074463,0.5561172366142273,-0.0624702125787735
9,0.48610639572143555,0.6356735229492188,-0.01968839205801487
10,0.4809286296367645,0.5796571373939514,-0.04407873749732971
11,0.4550853371620178,0.5954204797744751,-0.05518103390932083
12,0.43825486302375793,0.6253259181976318,-0.05823305994272232
13,0.5150659084320068,0.650301992893219,-0.028413813561201096
14,0.5017061829566956,0.5963698029518127,-0.05075455456972122
15,0.47134074568748474,0.6195318698883057,-0.05555935576558113
16,0.4528760612010956,0.6532801985740662,-0.05375053733587265
17,0.5409107804298401,0.6769875288009644,-0.038510024547576904
18,0.5137423872947693,0.6490924954414368,-0.05659189820289612
19,0.4840508699417114,0.664811909198761,-0.06085439771413803
20,0.4635019898414612,0.6861233115196228,-0.060118332505226135