0,0.33248206973075867,0.9360819458961487,9.805514764593681e-07
1,0.2944433093070984,0.9275162220001221,-0.027739843353629112
2,0.2511870861053467,0.897831380367279,-0.054974403232336044
3,0.21911343932151794,0.8733408451080322,-0.08272940665483475
4,0.23537328839302063,0.8586194515228271,-0.11034713685512543
5,0.2848563492298126,0.7537378668785095,-0.04924800246953964
6,0.2626596987247467,0.666508138179779,-0.07662427425384521
7,0.24166259169578552,0.6047466397285461,-0.09191033244132996
8,0.22799521684646606,0.5539761781692505,-0.10275576263666153
9,0.3280312418937683,0.7451918721199036,-0.05681664124131203
10,0.3214433193206787,0.642796516418457,-0.08800195902585983
11,0.3121167719364166,0.5732945203781128,-0.10599639266729355
12,0.3035914897918701,0.5162981152534485,-0.11401212215423584
13,0.3641199469566345,0.7663306593894958,-0.0649961307644844
14,0.3118269145488739,0.7597228288650513,-0.10153479129076004
15,0.28101393580436707,0.8178675770759583,-0.1037461906671524
16,0.26381728053092957,0.858473002910614,-0.09499263018369675
17,0.3853309154510498,0.8092522025108337,-0.07511323690414429
18,0.33161500096321106,0.8200726509094238,-0.10171537101268768
19,0.30196601152420044,0.8557903170585632,-0.09899713099002838
20,0.28288769721984863,0.8847500085830688,-0.09036430716514587