0,0.4671384394168854,0.7676519155502319,3.4158583162025025e-07
1,0.5042261481285095,0.7580778002738953,-0.016427217051386833
2,0.5426450371742249,0.7184978723526001,-0.02475486882030964
3,0.5613555312156677,0.6787263751029968,-0.03443880379199982
4,0.5459410548210144,0.6504871249198914,-0.042532481253147125
5,0.5275233387947083,0.6128510236740112,-0.012318587861955166
6,0.5613293051719666,0.5426549911499023,-0.026287706568837166
7,0.580966055393219,0.501089334487915,-0.036926500499248505
8,0.5964609384536743,0.4646754860877991,-0.04475480318069458
9,0.5054509043693542,0.6021639704704285,-0.01850748248398304
10,0.5093517303466797,0.5005846619606018,-0.036912042647600174
11,0.5228676795959473,0.44575199484825134,-0.051366258412599564
12,0.5330713391304016,0.4017784893512726,-0.06021169573068619
13,0.4844159483909607,0.6111056804656982,-0.026003949344158173
14,0.5049795508384705,0.5425445437431335,-0.053844958543777466
15,0.5275514125823975,0.5827409625053406,-0.05918744206428528
16,0.5346530675888062,0.6214940547943115,-0.055481716990470886
17,0.46744808554649353,0.6327328085899353,-0.03474480286240578
18,0.49494796991348267,0.5874858498573303,-0.05796658992767334
19,0.5120341777801514,0.6171218156814575,-0.057829421013593674
20,0.5150254964828491,0.6519023776054382,-0.052295371890068054