0,0.6921862363815308,0.6388333439826965,4.643220563593786e-07
1,0.7294313311576843,0.6397053003311157,-0.02107294090092182
2,0.7775238156318665,0.6068318486213684,-0.03300698474049568
3,0.8039919137954712,0.5721450448036194,-0.046072009950876236
4,0.7756679654121399,0.5556293725967407,-0.057290755212306976
5,0.7656534314155579,0.48323854804039,-0.02142355404794216
6,0.7999861240386963,0.414298415184021,-0.038953881710767746
7,0.821777880191803,0.371600866317749,-0.052125558257102966
8,0.8379198312759399,0.3335753083229065,-0.062415704131126404
9,0.7360867261886597,0.4747709631919861,-0.028913291171193123
10,0.7461841106414795,0.3799646496772766,-0.05411451682448387
11,0.7645381093025208,0.3271825313568115,-0.07252322137355804
12,0.7790220379829407,0.2795393168926239,-0.08318816870450974
13,0.70798659324646,0.4878453314304352,-0.037738170474767685
14,0.7445163726806641,0.4475537836551666,-0.07371852546930313
15,0.7637817859649658,0.4988078773021698,-0.08196357637643814
16,0.7669715285301208,0.5355629920959473,-0.07827019691467285
17,0.6848239898681641,0.5153927803039551,-0.048089705407619476
18,0.730903148651123,0.5015859007835388,-0.07794634252786636
19,0.7479957342147827,0.5370051860809326,-0.08119688183069229
20,0.7496082782745361,0.5653605461120605,-0.07719080150127411