0,0.5055723190307617,0.875641942024231,5.436402261693729e-07
1,0.5496812462806702,0.8697887063026428,-0.024404890835285187
2,0.5869677662849426,0.8417617678642273,-0.04023950174450874
3,0.5824436545372009,0.8125291466712952,-0.05670783296227455
4,0.5512919425964355,0.8027666211128235,-0.07226791232824326
5,0.5736602544784546,0.7126301527023315,-0.025343110784888268
6,0.5989682078361511,0.6371896266937256,-0.04788089543581009
7,0.6172167062759399,0.5876513123512268,-0.06363728642463684
8,0.6330299377441406,0.5453317165374756,-0.07442133128643036
9,0.5369537472724915,0.7101169228553772,-0.03169313818216324
10,0.5295855402946472,0.6237176060676575,-0.056746404618024826
11,0.5328986048698425,0.5719521641731262,-0.07358495146036148
12,0.535535454750061,0.5287744402885437,-0.08323469758033752
13,0.505156934261322,0.7318868041038513,-0.040447816252708435
14,0.5171212553977966,0.692774772644043,-0.07578357309103012
15,0.5372743606567383,0.73324054479599,-0.08430658280849457
16,0.545698344707489,0.7664679288864136,-0.08164569735527039
17,0.4793482720851898,0.7720439434051514,-0.05101976543664932
18,0.5004592537879944,0.764541745185852,-0.08034230768680573
19,0.5202728509902954,0.7959352135658264,-0.08376778662204742
20,0.5288747549057007,0.8201589584350586,-0.08016440272331238