0,0.6349760293960571,0.5607022047042847,5.248845127425739e-07
1,0.6760900616645813,0.554807186126709,-0.025258740410208702
2,0.718671977519989,0.5111820101737976,-0.039429884403944016
3,0.735561728477478,0.46859174966812134,-0.05418045073747635
4,0.7080721259117126,0.44550514221191406,-0.06717666238546371
5,0.6959720253944397,0.382689505815506,-0.024045536294579506
6,0.7232214212417603,0.3057442307472229,-0.04361598566174507
7,0.7392763495445251,0.2561553120613098,-0.05759650841355324
8,0.7533031105995178,0.21333914995193481,-0.06763342022895813
9,0.6632505655288696,0.37800490856170654,-0.02959837205708027
10,0.6575770378112793,0.2833027243614197,-0.05527834594249725
11,0.6651352047920227,0.22646468877792358,-0.07333964854478836
12,0.6747434139251709,0.17760376632213593,-0.08340302854776382
13,0.6329352259635925,0.39656326174736023,-0.037078190594911575
14,0.6610453724861145,0.34762343764305115,-0.07569194585084915
15,0.6841417551040649,0.3992992341518402,-0.0840582549571991
16,0.6935620307922363,0.4420859217643738,-0.07939120382070541
17,0.6094496250152588,0.4315694570541382,-0.046286020427942276
18,0.6463814973831177,0.4057844281196594,-0.0794459879398346
19,0.6713806390762329,0.43767186999320984,-0.08394744992256165
20,0.68404620885849,0.4698357582092285,-0.0796511173248291