0,0.3753806948661804,0.61054927110672,7.985874503901869e-07
1,0.32715678215026855,0.603242039680481,-0.031045639887452126
2,0.27695170044898987,0.5578427910804749,-0.054633475840091705
3,0.24794568121433258,0.5184166431427002,-0.07797013223171234
4,0.27023106813430786,0.4911692142486572,-0.09977084398269653
5,0.3181764781475067,0.39493831992149353,-0.037831295281648636
6,0.2941001057624817,0.30264192819595337,-0.06400972604751587
7,0.27580544352531433,0.2395787239074707,-0.0786004364490509
8,0.2629503607749939,0.18889878690242767,-0.08789506554603577
9,0.364300400018692,0.3872652053833008,-0.04300700128078461
10,0.3606437146663666,0.282501220703125,-0.07105015218257904
11,0.35337308049201965,0.21428124606609344,-0.08796911686658859
12,0.3451496958732605,0.15624412894248962,-0.09426439553499222
13,0.4038800895214081,0.41076213121414185,-0.05079657584428787
14,0.353091299533844,0.38477686047554016,-0.0911819115281105
15,0.31668275594711304,0.43702569603919983,-0.10042412579059601
16,0.297139436006546,0.47592851519584656,-0.0938122421503067
17,0.42738622426986694,0.4576394855976105,-0.06044589728116989
18,0.3679988980293274,0.4532743990421295,-0.092401884496212
19,0.33173322677612305,0.47999945282936096,-0.09609976410865784
20,0.3101204037666321,0.5017460584640503,-0.0898350179195404