0,0.8117740154266357,0.5915385484695435,5.732387649004522e-07
1,0.7736328840255737,0.5439826250076294,-0.033238351345062256
2,0.766470193862915,0.47385314106941223,-0.05086677148938179
3,0.8138235211372375,0.42502450942993164,-0.06718084961175919
4,0.8568007349967957,0.3981374502182007,-0.0810718685388565
5,0.7784016132354736,0.3540147840976715,-0.030686527490615845
6,0.7743338942527771,0.2485414743423462,-0.05499985069036484
7,0.7743101716041565,0.18336349725723267,-0.07083344459533691
8,0.7753959894180298,0.1296054571866989,-0.08043082803487778
9,0.822256863117218,0.35407888889312744,-0.031018638983368874
10,0.8433306217193604,0.24261389672756195,-0.05396895855665207
11,0.8601463437080383,0.17599569261074066,-0.06943303346633911
12,0.87534099817276,0.12515094876289368,-0.07703618705272675
13,0.8541769981384277,0.38216930627822876,-0.0351962149143219
14,0.8745831251144409,0.33266130089759827,-0.066463403403759
15,0.8730926513671875,0.36518797278404236,-0.07544992119073868
16,0.8692963123321533,0.3991805911064148,-0.07179011404514313
17,0.8785135746002197,0.4241262972354889,-0.04217282310128212
18,0.9013540744781494,0.38191160559654236,-0.06480617076158524
19,0.8987169861793518,0.39157235622406006,-0.06592663377523422
20,0.8897439241409302,0.4112335443496704,-0.060331784188747406