0,0.4098361134529114,0.9046804904937744,2.1843244724095712e-07
1,0.38431423902511597,0.8317579030990601,-0.002066894667223096
2,0.40330660343170166,0.7619559168815613,-0.006639834027737379
3,0.4464271366596222,0.7260579466819763,-0.010806350968778133
4,0.4828585386276245,0.7150880098342896,-0.013786079362034798
5,0.42397192120552063,0.7288077473640442,-0.022771596908569336
6,0.44227129220962524,0.635769784450531,-0.037282977253198624
7,0.4539869725704193,0.5813692212104797,-0.042387641966342926
8,0.4619836211204529,0.5409883260726929,-0.04280800372362137
9,0.45877712965011597,0.7503806948661804,-0.0268997922539711
10,0.4929448962211609,0.6567780375480652,-0.037007886916399
11,0.5116923451423645,0.5992730855941772,-0.03983741253614426
12,0.5276545286178589,0.5581157803535461,-0.03938516601920128
13,0.48581233620643616,0.779531717300415,-0.029344074428081512
14,0.49875783920288086,0.72509765625,-0.03667411953210831
15,0.48136410117149353,0.7338368892669678,-0.0301738940179348
16,0.46734362840652466,0.7496368885040283,-0.021344341337680817
17,0.5033282041549683,0.8093541860580444,-0.032094601541757584
18,0.5000730752944946,0.7742939591407776,-0.03043340891599655
19,0.4864133596420288,0.7824020385742188,-0.018548330292105675
20,0.4786814749240875,0.7965843677520752,-0.006661753635853529