0,0.39251646399497986,0.7248560786247253,8.157625757121423e-07
1,0.3471756875514984,0.716549277305603,-0.026119915768504143
2,0.29697129130363464,0.672394871711731,-0.04809538647532463
3,0.27238231897354126,0.6282814741134644,-0.07115265727043152
4,0.3057684898376465,0.6067113876342773,-0.09259841591119766
5,0.3284493684768677,0.5253874063491821,-0.03716147318482399
6,0.30141234397888184,0.4346460700035095,-0.06291427463293076
7,0.2822161912918091,0.37480422854423523,-0.07829855382442474
8,0.2688342332839966,0.3234102725982666,-0.08976763486862183
9,0.36869385838508606,0.5176777839660645,-0.044438447803258896
10,0.3618992865085602,0.4146084189414978,-0.07316279411315918
11,0.3573659360408783,0.34469252824783325,-0.08947552740573883
12,0.35349440574645996,0.2849665582180023,-0.09752341359853745
13,0.4067435562610626,0.5384008288383484,-0.05377635732293129
14,0.36458519101142883,0.4992096424102783,-0.09162495285272598
15,0.3391071557998657,0.557520866394043,-0.0965615063905716
16,0.32789531350135803,0.6039037108421326,-0.08946246653795242
17,0.43350982666015625,0.5812943577766418,-0.06512351334095001
18,0.38668093085289,0.5688735842704773,-0.09516951441764832
19,0.3559888005256653,0.6051821708679199,-0.09748110175132751
20,0.33843716979026794,0.6377248167991638,-0.09255515784025192