0,0.5272933840751648,0.9358053207397461,4.984952965969569e-07
1,0.48374783992767334,0.9100714325904846,-0.028607046231627464
2,0.44684305787086487,0.8623471260070801,-0.05235420912504196
3,0.45779746770858765,0.8330094814300537,-0.0769016370177269
4,0.4888383448123932,0.8203850388526917,-0.09999986737966537
5,0.4856076240539551,0.7139366865158081,-0.037306591868400574
6,0.47342026233673096,0.6248576641082764,-0.06858929246664047
7,0.4677731990814209,0.5727402567863464,-0.08758163452148438
8,0.46328240633010864,0.5280599594116211,-0.09874370694160461
9,0.5325273871421814,0.7157201170921326,-0.045786052942276
10,0.5485545992851257,0.6049466729164124,-0.07636817544698715
11,0.5625987648963928,0.5337274074554443,-0.0942186713218689
12,0.5759573578834534,0.4710761308670044,-0.10215921700000763
13,0.5698295831680298,0.7506878972053528,-0.05717609077692032
14,0.559760332107544,0.7160857319831848,-0.0965140089392662
15,0.5295051336288452,0.7673184275627136,-0.10199733823537827
16,0.5083659887313843,0.8076627850532532,-0.09438716620206833
17,0.5986111164093018,0.8045541048049927,-0.07075922936201096
18,0.5774903893470764,0.7951380014419556,-0.09959062188863754
19,0.5464717149734497,0.8281320929527283,-0.09693461656570435
20,0.522823691368103,0.8552231192588806,-0.08744417876005173