0,0.1503000408411026,0.7947126626968384,7.259487802002695e-07
1,0.1904834508895874,0.7746424078941345,-0.051232948899269104
2,0.19723768532276154,0.7251186370849609,-0.07814574986696243
3,0.14634858071804047,0.6964154243469238,-0.1001073345541954
4,0.09613574296236038,0.6757282018661499,-0.12049182504415512
5,0.1809992790222168,0.5850737690925598,-0.049860186874866486
6,0.1830371618270874,0.49420365691185,-0.0827995166182518
7,0.18356601893901825,0.43577948212623596,-0.10514290630817413
8,0.18068286776542664,0.38224107027053833,-0.11983102560043335
9,0.131458580493927,0.5750387907028198,-0.04487467184662819
10,0.1108112782239914,0.47313013672828674,-0.08013223856687546
11,0.08696849644184113,0.4105474650859833,-0.10200580954551697
12,0.06446704268455505,0.3547837436199188,-0.11272909492254257
13,0.09420108050107956,0.6001908183097839,-0.04425972327589989
14,0.056512050330638885,0.5448078513145447,-0.09281660616397858
15,0.06590276956558228,0.6081934571266174,-0.10071549564599991
16,0.07907946407794952,0.6547020077705383,-0.09251043945550919
17,0.06788800656795502,0.6474748253822327,-0.04697030410170555
18,0.0382145419716835,0.6252222657203674,-0.08899565041065216
19,0.04969674348831177,0.6660606861114502,-0.09159576892852783
20,0.0672767162322998,0.6964330673217773,-0.08298370987176895