0,0.6519219279289246,0.8101307153701782,4.2116556642213254e-07
1,0.6885140538215637,0.8045607209205627,-0.01771697774529457
2,0.7222334146499634,0.7712711691856384,-0.031420812010765076
3,0.7430570721626282,0.7527433037757874,-0.047152817249298096
4,0.7354851365089417,0.7400702238082886,-0.062265340238809586
5,0.7015632390975952,0.6484810709953308,-0.027273617684841156
6,0.7307186722755432,0.5803794860839844,-0.048359084874391556
7,0.7512015104293823,0.5357980728149414,-0.06391062587499619
8,0.7665684223175049,0.4956289529800415,-0.07568877935409546
9,0.6727573275566101,0.649631917476654,-0.037746939808130264
10,0.6796599626541138,0.5656914710998535,-0.06539174914360046
11,0.6995660662651062,0.5184170007705688,-0.08369269967079163
12,0.7129918932914734,0.4766238331794739,-0.09498362988233566
13,0.6468368768692017,0.670650064945221,-0.04952266067266464
14,0.6792498230934143,0.6287806630134583,-0.08710171282291412
15,0.7100704312324524,0.6775426268577576,-0.09642761945724487
16,0.7216899394989014,0.7154063582420349,-0.0945628210902214
17,0.6278019547462463,0.7071879506111145,-0.062341731041669846
18,0.666618287563324,0.6774071455001831,-0.0931936576962471
19,0.6928110718727112,0.7065386772155762,-0.09760554879903793
20,0.703687846660614,0.735255777835846,-0.09544473886489868