0,0.5417996048927307,0.8549331426620483,5.263884759187931e-07
1,0.5738677978515625,0.854742169380188,-0.017984621226787567
2,0.6096695065498352,0.8250830173492432,-0.028997985646128654
3,0.6263673901557922,0.7968865633010864,-0.040566954761743546
4,0.6080090403556824,0.7758563160896301,-0.05135170370340347
5,0.5998250842094421,0.7174199819564819,-0.02314157597720623
6,0.6347256302833557,0.6530296802520752,-0.041103389114141464
7,0.658379077911377,0.6144793629646301,-0.05400335043668747
8,0.6757131814956665,0.5800834894180298,-0.06289931386709213
9,0.5748888254165649,0.709948718547821,-0.02915123477578163
10,0.584702730178833,0.6195590496063232,-0.05056752637028694
11,0.6011669635772705,0.5685332417488098,-0.06725534796714783
12,0.6125788688659668,0.5243527889251709,-0.07769346982240677
13,0.5494967103004456,0.7212715744972229,-0.03599444776773453
14,0.5711560249328613,0.6693488955497742,-0.06663165986537933
15,0.5933783650398254,0.702613115310669,-0.07580592483282089
16,0.6010115146636963,0.7327335476875305,-0.07469113171100616
17,0.5272846817970276,0.7475272417068481,-0.0437522791326046
18,0.5571408867835999,0.7178951501846313,-0.06969977170228958
19,0.5796512365341187,0.7424112558364868,-0.07315872609615326
20,0.5882421731948853,0.769865870475769,-0.07038673758506775