0,0.6554826498031616,0.854016900062561,5.237609457253711e-07
1,0.6922620534896851,0.8599567413330078,-0.01714463159441948
2,0.7317288517951965,0.8420389890670776,-0.03220812603831291
3,0.758942186832428,0.8370001912117004,-0.048988308757543564
4,0.7542902231216431,0.8300939798355103,-0.06396330147981644
5,0.7304229140281677,0.7254568338394165,-0.027858257293701172
6,0.7662670016288757,0.6713712811470032,-0.05040943622589111
7,0.7944473028182983,0.6322826147079468,-0.06581686437129974
8,0.8169170618057251,0.5989269614219666,-0.0769011601805687
9,0.7015246152877808,0.7170547842979431,-0.036823857575654984
10,0.7189561128616333,0.6435906291007996,-0.06713508814573288
11,0.7421479821205139,0.6036558151245117,-0.08447713404893875
12,0.7616788148880005,0.5685157179832458,-0.09375624358654022
13,0.6747126579284668,0.7325721383094788,-0.046532560139894485
14,0.7214947938919067,0.7251831293106079,-0.0814715027809143
15,0.735201895236969,0.7724775671958923,-0.08364298194646835
16,0.7334819436073303,0.7998878955841064,-0.07649150490760803
17,0.654431939125061,0.7656805515289307,-0.05776325985789299
18,0.7021681070327759,0.7696250081062317,-0.0832914412021637
19,0.7135363817214966,0.801581859588623,-0.08162809163331985
20,0.7096707820892334,0.8181923031806946,-0.0748247355222702