0,0.7565197348594666,0.5222392678260803,4.0285132740791596e-07
1,0.7970989942550659,0.516645073890686,-0.00932089239358902
2,0.8356476426124573,0.4865725040435791,-0.019434114918112755
3,0.8600592613220215,0.45539847016334534,-0.03337095305323601
4,0.8502796292304993,0.4221901297569275,-0.046165987849235535
5,0.8170343041419983,0.3784222900867462,-0.01341807097196579
6,0.8505197763442993,0.2965589761734009,-0.026834212243556976
7,0.8697993755340576,0.25246745347976685,-0.03481141850352287
8,0.8834819793701172,0.21294380724430084,-0.04118453338742256
9,0.7967110872268677,0.3718273639678955,-0.0248725488781929
10,0.8056302070617676,0.2638067901134491,-0.048321403563022614
11,0.8244677782058716,0.20968787372112274,-0.06524194031953812
12,0.8364729285240173,0.1648794263601303,-0.07558251172304153
13,0.7773715853691101,0.38113540410995483,-0.036374885588884354
14,0.809794545173645,0.30701392889022827,-0.06620774418115616
15,0.8404324054718018,0.347477525472641,-0.07125937193632126
16,0.85032057762146,0.38301199674606323,-0.06724061071872711
17,0.7644893527030945,0.4037780165672302,-0.04823879897594452
18,0.8039998412132263,0.35047024488449097,-0.07114028185606003
19,0.8293603658676147,0.37535208463668823,-0.07150653004646301
20,0.8350284099578857,0.40482741594314575,-0.06700022518634796