0,0.35781329870224,0.6915693283081055,3.459828974428092e-07
1,0.32057932019233704,0.6297628283500671,-0.003940397873520851
2,0.31829503178596497,0.5556793808937073,-0.013067161664366722
3,0.3480989933013916,0.5041743516921997,-0.022137271240353584
4,0.3782331347465515,0.4789533317089081,-0.03084530308842659
5,0.33952033519744873,0.5207098126411438,-0.03315644711256027
6,0.3439181447029114,0.4251192510128021,-0.04969867691397667
7,0.34248995780944824,0.3659490942955017,-0.05767381191253662
8,0.3417471647262573,0.32232123613357544,-0.06159490719437599
9,0.3741205036640167,0.5323871970176697,-0.03954850882291794
10,0.39217203855514526,0.428637832403183,-0.0553630106151104
11,0.40317386388778687,0.36330968141555786,-0.060919325798749924
12,0.4158393144607544,0.31746143102645874,-0.06357724964618683
13,0.4064764082431793,0.55206698179245,-0.044027943164110184
14,0.4257087707519531,0.4648723900318146,-0.05702449753880501
15,0.4103115200996399,0.46018722653388977,-0.050836604088544846
16,0.39656856656074524,0.4754737317562103,-0.04269898682832718
17,0.4338900148868561,0.5725651383399963,-0.04873541742563248
18,0.4438789486885071,0.4953650236129761,-0.0553685687482357
19,0.43108034133911133,0.48302850127220154,-0.046196237206459045
20,0.4206041693687439,0.48973843455314636,-0.03616316616535187