0,0.4630582630634308,0.7114856839179993,2.407561225936661e-07
1,0.4968513548374176,0.6947086453437805,-0.01644650660455227
2,0.5289530158042908,0.6608312129974365,-0.02688467688858509
3,0.5310136675834656,0.6282005310058594,-0.03703751415014267
4,0.514898419380188,0.6071493625640869,-0.04743462800979614
5,0.4995918571949005,0.5732601881027222,-0.016965098679065704
6,0.505692183971405,0.5181463360786438,-0.03471796214580536
7,0.5209940671920776,0.5074812769889832,-0.04933026432991028
8,0.5355714559555054,0.5107110738754272,-0.05795510485768318
9,0.47306180000305176,0.5695681571960449,-0.019207268953323364
10,0.4730512499809265,0.5093167424201965,-0.035293418914079666
11,0.49191808700561523,0.5009118318557739,-0.048004910349845886
12,0.5082019567489624,0.5093504190444946,-0.055651355534791946
13,0.4461731016635895,0.5768870711326599,-0.023576315492391586
14,0.44189149141311646,0.517390251159668,-0.03802730143070221
15,0.4604104459285736,0.5072852373123169,-0.04515722393989563
16,0.4778696894645691,0.511431872844696,-0.04886436462402344
17,0.4185696244239807,0.5946711897850037,-0.029507527127861977
18,0.41731521487236023,0.5513949990272522,-0.041191212832927704
19,0.4327804446220398,0.5390172004699707,-0.04438720643520355
20,0.4494882822036743,0.5377445220947266,-0.04549078643321991