0,0.5793730616569519,0.6147873997688293,4.967590143678535e-07
1,0.6215652823448181,0.6070328950881958,-0.024262208491563797
2,0.6659778356552124,0.5628714561462402,-0.03538799658417702
3,0.6725022196769714,0.51164710521698,-0.04665079340338707
4,0.6470198631286621,0.4720948040485382,-0.05600263923406601
5,0.6494773626327515,0.4433084726333618,-0.017026955261826515
6,0.6820231676101685,0.3660215735435486,-0.031955868005752563
7,0.7004259824752808,0.31609266996383667,-0.042644280940294266
8,0.7153899669647217,0.2745368480682373,-0.05032561719417572
9,0.620211660861969,0.432237446308136,-0.020109862089157104
10,0.6171055436134338,0.3254154324531555,-0.03945707902312279
11,0.6282418966293335,0.26450270414352417,-0.054947998374700546
12,0.63749760389328,0.21454882621765137,-0.06423040479421616
13,0.5922113656997681,0.444649875164032,-0.025167163461446762
14,0.6089401841163635,0.37429726123809814,-0.056679945439100266
15,0.6346595883369446,0.41895437240600586,-0.06392275542020798
16,0.6439808011054993,0.460293710231781,-0.06012904644012451
17,0.5666273832321167,0.47041741013526917,-0.0317898765206337
18,0.5920175313949585,0.41842299699783325,-0.05924393609166145
19,0.6135439872741699,0.4459919333457947,-0.06115402653813362
20,0.6205989122390747,0.4806005358695984,-0.05579476058483124