0,0.629680871963501,0.6393574476242065,2.1981681186389324e-07
1,0.5898394584655762,0.585959255695343,-0.0013058669865131378
2,0.5865500569343567,0.5191692113876343,-0.0013390276581048965
3,0.6169863939285278,0.4902290105819702,-0.00010521001240704209
4,0.6470475792884827,0.4856574237346649,0.00039732406730763614
5,0.6264222860336304,0.4837588965892792,-0.018589410930871964
6,0.6342970132827759,0.40639039874076843,-0.022751063108444214
7,0.633108913898468,0.36043623089790344,-0.021852964535355568
8,0.6296663880348206,0.33065658807754517,-0.02086411416530609
9,0.6611955165863037,0.4909369647502899,-0.022277308627963066
10,0.6779870986938477,0.40435534715652466,-0.030558185651898384
11,0.6798167824745178,0.35188359022140503,-0.033564213663339615
12,0.6801137328147888,0.3177739381790161,-0.032969724386930466
13,0.6849380731582642,0.5096237063407898,-0.024142995476722717
14,0.6875709295272827,0.4429301619529724,-0.03388502076268196
15,0.6735754609107971,0.41412895917892456,-0.037901464849710464
16,0.6657400131225586,0.40124064683914185,-0.03779780864715576
17,0.6983397006988525,0.5378953814506531,-0.024814270436763763
18,0.6821249127388,0.5068932175636292,-0.030634082853794098
19,0.6645054817199707,0.5064375996589661,-0.027941172942519188
20,0.6584180593490601,0.5177344679832458,-0.023443171754479408