0,0.531147301197052,0.8893167972564697,5.319242291079718e-07
1,0.4916400611400604,0.884262204170227,-0.026225712150335312
2,0.44958779215812683,0.8518877029418945,-0.04818568006157875
3,0.43295159935951233,0.8173931837081909,-0.07135340571403503
4,0.44811323285102844,0.7832651734352112,-0.09268870949745178
5,0.45602837204933167,0.716712474822998,-0.034245919436216354
6,0.4201142489910126,0.6424304246902466,-0.061269231140613556
7,0.39782264828681946,0.5960357785224915,-0.07770822197198868
8,0.3806843161582947,0.553734302520752,-0.0888754278421402
9,0.4936999976634979,0.702598512172699,-0.04099741950631142
10,0.4802427589893341,0.608830451965332,-0.06982421875
11,0.4705778658390045,0.5497999787330627,-0.08629012107849121
12,0.46257176995277405,0.49803754687309265,-0.09450690448284149
13,0.5296957492828369,0.7176758050918579,-0.05034715309739113
14,0.4935181438922882,0.6780195236206055,-0.08794616162776947
15,0.47509655356407166,0.735008955001831,-0.0915907770395279
16,0.4687766432762146,0.778860867023468,-0.08395270258188248
17,0.5581895112991333,0.7523320913314819,-0.06169227138161659
18,0.5193841457366943,0.7365980744361877,-0.09136587381362915
19,0.49286794662475586,0.7689008712768555,-0.09212290495634079
20,0.4781780540943146,0.7974653244018555,-0.0858064815402031