0,0.39524105191230774,0.8118346333503723,5.841529286954028e-07
1,0.43861591815948486,0.7944158911705017,-0.030027039349079132
2,0.4694069027900696,0.7539328932762146,-0.049105189740657806
3,0.45571500062942505,0.7239036560058594,-0.06764476001262665
4,0.42422348260879517,0.7188178300857544,-0.08547455817461014
5,0.43766647577285767,0.6266605257987976,-0.028948849067091942
6,0.450991153717041,0.5508003234863281,-0.05242877081036568
7,0.4580780267715454,0.5018103718757629,-0.0692053735256195
8,0.46248868107795715,0.4563354253768921,-0.07976227253675461
9,0.4032658636569977,0.6262045502662659,-0.03094596229493618
10,0.3869074881076813,0.5422805547714233,-0.05697391927242279
11,0.37418609857559204,0.4888140559196472,-0.07465285062789917
12,0.36144348978996277,0.44220465421676636,-0.08397826552391052
13,0.3741109073162079,0.6516451835632324,-0.03505799174308777
14,0.3709098696708679,0.6018338203430176,-0.07040540128946304
15,0.39319685101509094,0.6485375761985779,-0.07345379143953323
16,0.4056755006313324,0.6888928413391113,-0.06510332226753235
17,0.34959983825683594,0.6931374073028564,-0.041216250509023666
18,0.35224923491477966,0.6566376090049744,-0.0675649642944336
19,0.37230825424194336,0.6806883215904236,-0.06329241394996643
20,0.384196013212204,0.7068350315093994,-0.05292869731783867