0,0.6905301809310913,0.6904581785202026,4.2021599711006274e-07
1,0.7262653112411499,0.6868612170219421,-0.016443878412246704
2,0.7632866501808167,0.6534885764122009,-0.02808159403502941
3,0.7867145538330078,0.626818060874939,-0.04118143022060394
4,0.7772807478904724,0.605481743812561,-0.05356745049357414
5,0.7432818412780762,0.5426213145256042,-0.02164146862924099
6,0.7709996700286865,0.46495354175567627,-0.037933509796857834
7,0.789890706539154,0.4206240177154541,-0.048991650342941284
8,0.8055796027183533,0.3829038441181183,-0.056657783687114716
9,0.7207327485084534,0.5405569672584534,-0.02880881167948246
10,0.7233535051345825,0.44272109866142273,-0.04933968931436539
11,0.7432204484939575,0.39420536160469055,-0.06379035860300064
12,0.7597513198852539,0.355890691280365,-0.07257434725761414
13,0.6998688578605652,0.5552517771720886,-0.037050675600767136
14,0.7276546955108643,0.4957040548324585,-0.06631381809711456
15,0.7598133683204651,0.5290848016738892,-0.07498953491449356
16,0.7745158672332764,0.5633546113967896,-0.07386332005262375
17,0.6840792894363403,0.5815033912658691,-0.04629593715071678
18,0.7149531841278076,0.536328911781311,-0.07101315259933472
19,0.7435930371284485,0.5518479347229004,-0.07515639811754227
20,0.7587813138961792,0.5756597518920898,-0.07330958545207977