0,0.42145687341690063,0.5608313083648682,4.1468712197456625e-07
1,0.3841177821159363,0.4993266463279724,-3.3267075195908546e-05
2,0.38136157393455505,0.4362172484397888,-0.002477595116943121
3,0.41489991545677185,0.40719330310821533,-0.006654026918113232
4,0.44069549441337585,0.40527912974357605,-0.010657219216227531
5,0.4113028049468994,0.3723335266113281,-0.012900356203317642
6,0.4075218737125397,0.2805841565132141,-0.023235201835632324
7,0.40800315141677856,0.22324471175670624,-0.028293853625655174
8,0.4083312749862671,0.18295858800411224,-0.03015284426510334
9,0.4495388865470886,0.3796144127845764,-0.01884700357913971
10,0.45908811688423157,0.28810614347457886,-0.026782546192407608
11,0.46579983830451965,0.23057271540164948,-0.03154031187295914
12,0.47403252124786377,0.19280509650707245,-0.03237767145037651
13,0.47927233576774597,0.404447466135025,-0.023775620386004448
14,0.4757978916168213,0.3848302960395813,-0.028793008998036385
15,0.46103957295417786,0.4079567492008209,-0.02687254175543785
16,0.45157334208488464,0.4333207905292511,-0.02154327556490898
17,0.500793993473053,0.4357505142688751,-0.029293138533830643
18,0.4944706857204437,0.4247469902038574,-0.029613450169563293
19,0.48201504349708557,0.4419819414615631,-0.022158687934279442
20,0.47523045539855957,0.4605723023414612,-0.013330663554370403