0,0.3016216456890106,0.7370447516441345,1.6029136418183043e-07
1,0.2900199294090271,0.6809921264648438,0.00675411568954587
2,0.30399659276008606,0.6246459484100342,0.0008502202108502388
3,0.33064189553260803,0.5921890139579773,-0.007945746183395386
4,0.35750097036361694,0.5785770416259766,-0.017035502940416336
5,0.2931489944458008,0.601170539855957,-0.015841346234083176
6,0.29965144395828247,0.5286610126495361,-0.02802756242454052
7,0.30466365814208984,0.4777697026729584,-0.03425684943795204
8,0.30546391010284424,0.444258451461792,-0.038699690252542496
9,0.31392455101013184,0.6132907867431641,-0.028017349541187286
10,0.3515412211418152,0.5511533617973328,-0.04128752648830414
11,0.375779390335083,0.5456878542900085,-0.0433434396982193
12,0.38664835691452026,0.5573632717132568,-0.04296422377228737
13,0.33819589018821716,0.6363338828086853,-0.03875735402107239
14,0.37667763233184814,0.5732282400131226,-0.047892164438962936
15,0.394467830657959,0.5705778002738953,-0.04092073068022728
16,0.3998417854309082,0.5793557167053223,-0.03517798334360123
17,0.3654337525367737,0.6657326221466064,-0.04904000088572502
18,0.4020357131958008,0.6203082203865051,-0.05401596799492836
19,0.4137529730796814,0.6142385005950928,-0.04675878584384918
20,0.4145926237106323,0.6166275143623352,-0.040408819913864136