0,0.8059542775154114,0.7237723469734192,5.22867878771649e-07
1,0.8431069850921631,0.7284672856330872,-0.020797045901417732
2,0.8849969506263733,0.7054225206375122,-0.03830987960100174
3,0.9126117825508118,0.6876590847969055,-0.05766185745596886
4,0.8998870849609375,0.6744139194488525,-0.07634807378053665
5,0.8820772767066956,0.5856461524963379,-0.03320613503456116
6,0.9252583980560303,0.5159966945648193,-0.056230008602142334
7,0.9523136615753174,0.4740922749042511,-0.07117007672786713
8,0.9731612205505371,0.4320213198661804,-0.08235925436019897
9,0.8529865145683289,0.5774163603782654,-0.04275977611541748
10,0.8659165501594543,0.480813592672348,-0.07398428022861481
11,0.8877518177032471,0.4337384104728699,-0.09304812550544739
12,0.9057279825210571,0.38876813650131226,-0.10414119809865952
13,0.8246973752975464,0.5897701978683472,-0.05312371253967285
14,0.8634579181671143,0.5379143953323364,-0.09492785483598709
15,0.8886286616325378,0.5948951840400696,-0.10305169969797134
16,0.896438717842102,0.6381653547286987,-0.09859457612037659
17,0.8027024269104004,0.6182782649993896,-0.06452210247516632
18,0.8448699116706848,0.5932021737098694,-0.09884274750947952
19,0.8656570911407471,0.6313787698745728,-0.10236463695764542
20,0.8704925775527954,0.6643199324607849,-0.09815461933612823