0,0.5409308075904846,0.6662434935569763,2.3841612062369677e-07
1,0.5736587047576904,0.6534973978996277,-0.016300274059176445
2,0.6094847321510315,0.6144534349441528,-0.02581625059247017
3,0.6164310574531555,0.5756748914718628,-0.035503726452589035
4,0.5912871956825256,0.5608649253845215,-0.04475958272814751
5,0.5727453231811523,0.5238099694252014,-0.012852738611400127
6,0.5758736729621887,0.46281275153160095,-0.02934984862804413
7,0.5958052277565002,0.4546172618865967,-0.04278261214494705
8,0.6112663149833679,0.461234450340271,-0.05085284262895584
9,0.5473185777664185,0.5200551748275757,-0.015800030902028084
10,0.5442512631416321,0.4448583126068115,-0.032585397362709045
11,0.5674083828926086,0.44123509526252747,-0.04465991631150246
12,0.5803061723709106,0.4496114253997803,-0.05147383734583855
13,0.5233680605888367,0.5269061326980591,-0.02093423902988434
14,0.5235293507575989,0.45831239223480225,-0.03852792829275131
15,0.552884578704834,0.4732794761657715,-0.044902823865413666
16,0.5677493810653687,0.5007891654968262,-0.046076077967882156
17,0.49991175532341003,0.5441595315933228,-0.027681123465299606
18,0.5083796381950378,0.4921363592147827,-0.042022738605737686
19,0.5321891903877258,0.4996442198753357,-0.04519474878907204
20,0.5462934970855713,0.5209518074989319,-0.045481160283088684