0,0.7846639752388,0.815070629119873,6.803396104260173e-07
1,0.7414276599884033,0.7771291732788086,-0.04159252345561981
2,0.7299822568893433,0.7105807065963745,-0.06593239307403564
3,0.7822560667991638,0.6742187738418579,-0.08806730061769485
4,0.8298797011375427,0.656761109828949,-0.10793736577033997
5,0.7616514563560486,0.5645522475242615,-0.04397595301270485
6,0.7644777297973633,0.4593874216079712,-0.07352834194898605
7,0.7687714695930481,0.3903977870941162,-0.09390319883823395
8,0.7739301919937134,0.3302902281284332,-0.10874443501234055
9,0.8121946454048157,0.5684669017791748,-0.04480607807636261
10,0.8394690752029419,0.45938825607299805,-0.07429870963096619
11,0.8618870377540588,0.3895000219345093,-0.09342533349990845
12,0.8821874856948853,0.32934123277664185,-0.10533587634563446
13,0.8464328646659851,0.6046839356422424,-0.04992568492889404
14,0.874566912651062,0.5468606352806091,-0.08959344774484634
15,0.8598581552505493,0.5983962416648865,-0.0957828238606453
16,0.8457744121551514,0.6434341669082642,-0.09021208435297012
17,0.8712854385375977,0.6583309173583984,-0.05859309434890747
18,0.8913567662239075,0.6227468252182007,-0.0929412916302681
19,0.878107488155365,0.6512044668197632,-0.09591851383447647
20,0.8625222444534302,0.6802294254302979,-0.09090088307857513