0,0.5129472613334656,0.9624029397964478,4.0113482668857614e-07
1,0.47795289754867554,0.9029528498649597,-0.006881241220980883
2,0.479516863822937,0.8287302255630493,-0.01392524316906929
3,0.5139745473861694,0.792600154876709,-0.020950917154550552
4,0.5469239950180054,0.786966860294342,-0.02799086645245552
5,0.525973379611969,0.7995693683624268,-0.026404228061437607
6,0.547723114490509,0.7188479900360107,-0.040858764201402664
7,0.5590397715568542,0.6690298318862915,-0.046913061290979385
8,0.5660143494606018,0.6356562376022339,-0.04897689074277878
9,0.5627321600914001,0.8147669434547424,-0.03071925789117813
10,0.5972906351089478,0.7212606072425842,-0.04594363644719124
11,0.6151208281517029,0.6587834358215332,-0.05333225056529045
12,0.6301125884056091,0.6149606704711914,-0.054662298411130905
13,0.5894840955734253,0.841812789440155,-0.03340591862797737
14,0.5927097201347351,0.7806117534637451,-0.04962105304002762
15,0.5718784332275391,0.7949467897415161,-0.048600371927022934
16,0.5588250160217285,0.819943904876709,-0.041340164840221405
17,0.607222855091095,0.8751299381256104,-0.03596502169966698
18,0.5914722681045532,0.8421369194984436,-0.04630037024617195
19,0.5731962323188782,0.8529554605484009,-0.03980078920722008
20,0.5663815140724182,0.8727747201919556,-0.029637956991791725