0,0.24630385637283325,0.5417624711990356,6.708802402499714e-07
1,0.2907046973705292,0.5162984132766724,-0.04348684102296829
2,0.30664658546447754,0.455585777759552,-0.0628182515501976
3,0.26501354575157166,0.4091305136680603,-0.07804585248231888
4,0.22012485563755035,0.38349542021751404,-0.09168691188097
5,0.30081912875175476,0.32847681641578674,-0.040864694863557816
6,0.31881749629974365,0.23503755033016205,-0.06812295317649841
7,0.3293089270591736,0.17293110489845276,-0.0858931764960289
8,0.3365270495414734,0.12185566127300262,-0.09621452540159225
9,0.25240635871887207,0.3151339292526245,-0.03690961003303528
10,0.23986698687076569,0.2101171612739563,-0.06487001478672028
11,0.2277778685092926,0.14212127029895782,-0.08256936073303223
12,0.21831275522708893,0.08810237050056458,-0.0907161757349968
13,0.21251481771469116,0.3350983262062073,-0.03683151304721832
14,0.19246286153793335,0.27550578117370605,-0.07645737379789352
15,0.2004634588956833,0.3204944133758545,-0.08588855713605881
16,0.2092362493276596,0.36166617274284363,-0.0804005116224289
17,0.1798599660396576,0.3746805191040039,-0.03966113179922104
18,0.16796772181987762,0.332136869430542,-0.07213854044675827
19,0.17964062094688416,0.3563068211078644,-0.07424668222665787
20,0.19290390610694885,0.3832499384880066,-0.06692109256982803