0,0.5344148874282837,0.9029043316841125,4.783965437127335e-07
1,0.5736082196235657,0.9093705415725708,-0.023486150428652763
2,0.6111502647399902,0.8918788433074951,-0.03900952264666557
3,0.630230724811554,0.8756409287452698,-0.055848341435194016
4,0.6128588914871216,0.8652989864349365,-0.07170981913805008
5,0.6111663579940796,0.7722358703613281,-0.026713842526078224
6,0.6411211490631104,0.7062416076660156,-0.04874330759048462
7,0.6613959074020386,0.6616669297218323,-0.06323471665382385
8,0.6781477928161621,0.6240023970603943,-0.07309113442897797
9,0.5793299078941345,0.7636063694953918,-0.03272310644388199
10,0.5800127983093262,0.6856977343559265,-0.05831221863627434
11,0.5891675353050232,0.6410516500473022,-0.07341288030147552
12,0.5977873802185059,0.6036109924316406,-0.08128422498703003
13,0.5485779643058777,0.7760986089706421,-0.04109696298837662
14,0.5686558485031128,0.7487878203392029,-0.07692490518093109
15,0.5829769968986511,0.7979085445404053,-0.0849706307053566
16,0.5870881676673889,0.8347753286361694,-0.08150089532136917
17,0.5233312249183655,0.8054123520851135,-0.05142340809106827
18,0.5486060976982117,0.8129667639732361,-0.08162238448858261
19,0.5653853416442871,0.8522137999534607,-0.08719806373119354
20,0.5723153948783875,0.8817487955093384,-0.08485610038042068