0,0.6461227536201477,0.6659276485443115,4.607745722751133e-07
1,0.6817065477371216,0.6596832275390625,-0.019110841676592827
2,0.7218855619430542,0.6169670820236206,-0.029725216329097748
3,0.7458131313323975,0.5825859904289246,-0.041192203760147095
4,0.724429190158844,0.5680282115936279,-0.05121956765651703
5,0.696222186088562,0.5003442764282227,-0.02269255928695202
6,0.7241863012313843,0.42194628715515137,-0.039357077330350876
7,0.7426696419715881,0.37485170364379883,-0.05149993300437927
8,0.7566788792610168,0.3347080945968628,-0.060991253703832626
9,0.6681827902793884,0.49887967109680176,-0.029785677790641785
10,0.6663638949394226,0.3965788781642914,-0.052973490208387375
11,0.6820047497749329,0.3404143154621124,-0.07000283896923065
12,0.6954978108406067,0.2945210635662079,-0.0807180255651474
13,0.6430496573448181,0.5171509981155396,-0.03802715986967087
14,0.6720868945121765,0.45013943314552307,-0.07195151597261429
15,0.7049066424369812,0.4859618544578552,-0.08192635327577591
16,0.7196838855743408,0.5205235481262207,-0.08076734840869904
17,0.6252763271331787,0.5487545728683472,-0.047373030334711075
18,0.665651798248291,0.5131363868713379,-0.07728181779384613
19,0.6892856955528259,0.5359727144241333,-0.08284158259630203
20,0.6972268223762512,0.5615925192832947,-0.08119030296802521