0,0.7715936303138733,0.6611841917037964,7.721836254859227e-07
1,0.729595422744751,0.6278653144836426,-0.033075954765081406
2,0.7064400315284729,0.5615633726119995,-0.053898535668849945
3,0.7466380000114441,0.5204357504844666,-0.07407886534929276
4,0.7919564843177795,0.5037949085235596,-0.09299735724925995
5,0.7333853840827942,0.41688305139541626,-0.04205350577831268
6,0.7269098162651062,0.3103613257408142,-0.07259216904640198
7,0.7252187132835388,0.23983511328697205,-0.09509847313165665
8,0.7247146964073181,0.1785561740398407,-0.11208263784646988
9,0.7822383046150208,0.41827690601348877,-0.04709238559007645
10,0.80350261926651,0.30528682470321655,-0.07674552500247955
11,0.8225857019424438,0.2322404980659485,-0.0966579020023346
12,0.838920533657074,0.16641375422477722,-0.1096140518784523
13,0.8193392157554626,0.45232799649238586,-0.05542720481753349
14,0.8405972123146057,0.39621397852897644,-0.09356366097927094
15,0.8255265951156616,0.4518514573574066,-0.09910786896944046
16,0.8124954104423523,0.49956825375556946,-0.0939304381608963
17,0.8468407392501831,0.5039644241333008,-0.06676091253757477
18,0.8624707460403442,0.4677620530128479,-0.10103201866149902
19,0.8453936576843262,0.49869805574417114,-0.10356588661670685
20,0.8271850943565369,0.5306126475334167,-0.09858319163322449