0,0.23593957722187042,0.6589144468307495,5.760976478086377e-07
1,0.2773711085319519,0.6335678696632385,-0.04322614520788193
2,0.29263898730278015,0.5782385468482971,-0.06360039114952087
3,0.25016871094703674,0.5354876518249512,-0.08118642121553421
4,0.2036784291267395,0.5135692954063416,-0.09791132062673569
5,0.2841454744338989,0.45567843317985535,-0.040599316358566284
6,0.29625633358955383,0.3632432818412781,-0.06560325622558594
7,0.30338481068611145,0.306604266166687,-0.0833803042769432
8,0.30694374442100525,0.25375109910964966,-0.09645721316337585
9,0.23898003995418549,0.4418904185295105,-0.03744613379240036
10,0.22795459628105164,0.34437546133995056,-0.06580944359302521
11,0.21414636075496674,0.28286200761795044,-0.08711027354001999
12,0.20248542726039886,0.226639986038208,-0.10072222352027893
13,0.20322349667549133,0.460574209690094,-0.037891265004873276
14,0.18199938535690308,0.3912792503833771,-0.0779816135764122
15,0.1843760907649994,0.44368797540664673,-0.09029553085565567
16,0.18898603320121765,0.49275586009025574,-0.08874164521694183
17,0.17457807064056396,0.49905863404273987,-0.04128311946988106
18,0.1570637822151184,0.45319560170173645,-0.07559310644865036
19,0.16457659006118774,0.47862064838409424,-0.0822271928191185
20,0.17530232667922974,0.5108524560928345,-0.07998520135879517