0,0.3557712435722351,0.634348452091217,5.065843424745253e-07
1,0.40090033411979675,0.6090180277824402,-0.025996876880526543
2,0.43474632501602173,0.561325192451477,-0.038992878049612045
3,0.4179915189743042,0.5101879239082336,-0.05179007723927498
4,0.3806431293487549,0.48718035221099854,-0.06389264017343521
5,0.39995625615119934,0.4412353038787842,-0.02167409285902977
6,0.4206539988517761,0.36618125438690186,-0.04034513980150223
7,0.43473348021507263,0.3191378116607666,-0.054918814450502396
8,0.4465915560722351,0.2796359062194824,-0.06491322815418243
9,0.3637969195842743,0.43853333592414856,-0.02428647130727768
10,0.3499436378479004,0.3421616554260254,-0.04438167065382004
11,0.34921351075172424,0.2820107340812683,-0.061718009412288666
12,0.34726208448410034,0.23642246425151825,-0.07277431339025497
13,0.3328777551651001,0.4603140354156494,-0.029042670503258705
14,0.322847843170166,0.39449137449264526,-0.05717572197318077
15,0.3494415581226349,0.41870468854904175,-0.06719904392957687
16,0.36658504605293274,0.4506946802139282,-0.06722113490104675
17,0.30506929755210876,0.49641886353492737,-0.03565552085638046
18,0.310225248336792,0.45015212893486023,-0.05863070860505104
19,0.3310956060886383,0.46658849716186523,-0.06110192835330963
20,0.3438950479030609,0.4927339553833008,-0.05777748301625252