0,0.6089203357696533,0.6369531750679016,4.7112192191889335e-07
1,0.6475098729133606,0.6335490942001343,-0.02183067984879017
2,0.6866731643676758,0.5973372459411621,-0.036372482776641846
3,0.7067161798477173,0.5617406368255615,-0.05224891006946564
4,0.6855331659317017,0.5346447229385376,-0.067048579454422
5,0.6685613393783569,0.47739526629447937,-0.025400785729289055
6,0.698973536491394,0.39172306656837463,-0.0433979369699955
7,0.7166680693626404,0.34405243396759033,-0.05515151843428612
8,0.7303939461708069,0.30068346858024597,-0.06373719871044159
9,0.6420139670372009,0.4725826680660248,-0.03190500661730766
10,0.6434631943702698,0.3662950098514557,-0.05512562766671181
11,0.6594682931900024,0.3126852512359619,-0.0712730661034584
12,0.6716075539588928,0.26606154441833496,-0.08127328008413315
13,0.6177338361740112,0.4853777289390564,-0.03988795354962349
14,0.6383458375930786,0.41071969270706177,-0.07342071086168289
15,0.6705358624458313,0.4553126096725464,-0.08092818409204483
16,0.6848217844963074,0.49739354848861694,-0.07761085778474808
17,0.5982344746589661,0.5094762444496155,-0.04944141209125519
18,0.626654326915741,0.4561891257762909,-0.0772973969578743
19,0.6513619422912598,0.48045840859413147,-0.08060470223426819
20,0.6606883406639099,0.5120896697044373,-0.07731519639492035