0,0.36634698510169983,0.5966453552246094,2.780472527774691e-07
1,0.3240618109703064,0.5272755026817322,0.005975512787699699
2,0.32111239433288574,0.4522342383861542,0.006213675253093243
3,0.3539537191390991,0.4153505265712738,0.005271852016448975
4,0.3852737843990326,0.40825897455215454,0.003917495254427195
5,0.3409178555011749,0.3992428183555603,-0.01460491493344307
6,0.3262180685997009,0.29898449778556824,-0.020439965650439262
7,0.3196774423122406,0.24264128506183624,-0.021720627322793007
8,0.3148443102836609,0.2016257494688034,-0.022354790940880775
9,0.3844203054904938,0.4029075801372528,-0.020212965086102486
10,0.39228877425193787,0.2982162535190582,-0.02179376408457756
11,0.39201125502586365,0.23937976360321045,-0.022429658100008965
12,0.3956148028373718,0.20138601958751678,-0.023097218945622444
13,0.41805264353752136,0.4252583384513855,-0.023130280897021294
14,0.4199400842189789,0.3603326380252838,-0.019602052867412567
15,0.40079519152641296,0.38216790556907654,-0.01127656176686287
16,0.38954275846481323,0.4126799404621124,-0.005152493249624968
17,0.4432957172393799,0.4548306465148926,-0.026177389547228813
18,0.4258360266685486,0.4312061667442322,-0.022320518270134926
19,0.4131738543510437,0.44926658272743225,-0.013311597518622875
20,0.4105648696422577,0.4724158048629761,-0.004994550254195929