0,0.5768753290176392,0.9321333169937134,5.248278966973885e-07
1,0.5356190204620361,0.9158605337142944,-0.02400498278439045
2,0.49442851543426514,0.8770818710327148,-0.045250117778778076
3,0.4927577078342438,0.8437277674674988,-0.06782642751932144
4,0.5190469026565552,0.8284623026847839,-0.08909917622804642
5,0.5162813663482666,0.7325781583786011,-0.03661001846194267
6,0.4952222406864166,0.6461018323898315,-0.06298749148845673
7,0.48228341341018677,0.5909905433654785,-0.07858946174383163
8,0.4709133505821228,0.5431196689605713,-0.0888306275010109
9,0.5582119226455688,0.7285657525062561,-0.04504384472966194
10,0.5609002709388733,0.6263681054115295,-0.07133371382951736
11,0.5639054179191589,0.5630329847335815,-0.08601903915405273
12,0.566248893737793,0.5081104040145874,-0.09289375692605972
13,0.5947650671005249,0.7555399537086487,-0.05545223131775856
14,0.57361900806427,0.723859429359436,-0.08964255452156067
15,0.5504080057144165,0.7748934626579285,-0.09293849021196365
16,0.5369521975517273,0.8147411942481995,-0.08538541942834854
17,0.6228009462356567,0.8015923500061035,-0.06765172630548477
18,0.5991820693016052,0.783283531665802,-0.09271920472383499
19,0.5725181102752686,0.8118934631347656,-0.08958885073661804
20,0.553450882434845,0.8392075896263123,-0.0808703750371933