0,0.5613978505134583,0.7543513774871826,7.878565497776435e-07
1,0.5169445276260376,0.7366573810577393,-0.029044393450021744
2,0.4670719504356384,0.6878859996795654,-0.055276401340961456
3,0.4649360179901123,0.6465699076652527,-0.08260922878980637
4,0.503862202167511,0.6378282308578491,-0.1095142737030983
5,0.5045706033706665,0.5327267050743103,-0.047851357609033585
6,0.4902920424938202,0.4277997612953186,-0.08136218786239624
7,0.4793180227279663,0.3586149215698242,-0.10131151229143143
8,0.46991032361984253,0.302717000246048,-0.11417769640684128
9,0.5527540445327759,0.5367792248725891,-0.057244352996349335
10,0.5603930354118347,0.4189162850379944,-0.09170237183570862
11,0.5650399923324585,0.34687167406082153,-0.110238216817379
12,0.5671021342277527,0.2851884961128235,-0.11809831112623215
13,0.5946797132492065,0.5707781910896301,-0.06866554170846939
14,0.5661247372627258,0.525640070438385,-0.11219871044158936
15,0.5382144451141357,0.5777636766433716,-0.11778111010789871
16,0.5211647152900696,0.6190411448478699,-0.10944288223981857
17,0.6265559792518616,0.6225598454475403,-0.08191123604774475
18,0.5938175320625305,0.5962964296340942,-0.11442586034536362
19,0.5637780427932739,0.6289916634559631,-0.11261920630931854
20,0.5447834134101868,0.6581418514251709,-0.10321760922670364