0,0.2174828052520752,0.8166052103042603,4.249943970080494e-07
1,0.17794877290725708,0.7513972520828247,0.00658522080630064
2,0.17617267370224,0.6835611462593079,0.00047026496031321585
3,0.20321226119995117,0.6401251554489136,-0.0074976603500545025
4,0.2292964905500412,0.6232007145881653,-0.015581337735056877
5,0.16958604753017426,0.6521104574203491,-0.028042800724506378
6,0.16097420454025269,0.558679461479187,-0.045129988342523575
7,0.15276947617530823,0.4993096888065338,-0.054069001227617264
8,0.1474265456199646,0.4552173614501953,-0.05855424329638481
9,0.20791977643966675,0.6548658609390259,-0.03912103921175003
10,0.21477270126342773,0.5440346598625183,-0.05501202493906021
11,0.21821214258670807,0.4773634374141693,-0.06010397523641586
12,0.2225847840309143,0.4247390627861023,-0.061922747641801834
13,0.24722090363502502,0.6665952205657959,-0.046775493770837784
14,0.26543277502059937,0.5751632452011108,-0.0568094328045845
15,0.258261114358902,0.5948953628540039,-0.04354860261082649
16,0.2499561607837677,0.6231973767280579,-0.02982405386865139
17,0.2817601263523102,0.6868220567703247,-0.05405508726835251
18,0.29201480746269226,0.6123102903366089,-0.05338459834456444
19,0.28450605273246765,0.6255887746810913,-0.03491470217704773
20,0.27834808826446533,0.6497478485107422,-0.01804071106016636