0,0.4831255078315735,0.7021607160568237,4.352982330146915e-07
1,0.4529373347759247,0.6330944299697876,0.003951660357415676
2,0.45646077394485474,0.5638735294342041,0.004328529350459576
3,0.49581587314605713,0.5351555347442627,0.005958072375506163
4,0.5297461748123169,0.5404892563819885,0.007408729288727045
5,0.49613893032073975,0.5302359461784363,-0.02223774790763855
6,0.5046229958534241,0.43317651748657227,-0.02169654704630375
7,0.5118860602378845,0.3799667954444885,-0.018752440810203552
8,0.5167086124420166,0.3407716751098633,-0.01730264350771904
9,0.5340659022331238,0.5475195646286011,-0.022604158148169518
10,0.5616648197174072,0.4527364671230316,-0.022532811388373375
11,0.5724233984947205,0.39609360694885254,-0.021474892273545265
12,0.5827639102935791,0.3606197237968445,-0.021129891276359558
13,0.5580108761787415,0.5752010941505432,-0.018885204568505287
14,0.5680617690086365,0.5158424377441406,-0.011548890732228756
15,0.5458922386169434,0.5235674977302551,-0.0018103655893355608
16,0.5296701788902283,0.5457549691200256,0.004708071704953909
17,0.5718734264373779,0.6042139530181885,-0.014871790073812008
18,0.5644040703773499,0.5681565403938293,-0.006195280235260725
19,0.5465437769889832,0.5774885416030884,0.005384910851716995
20,0.5382049679756165,0.5981384515762329,0.0145531315356493