0,0.252337247133255,0.6609084606170654,5.794641992906691e-07
1,0.29270023107528687,0.6370407938957214,-0.040034931153059006
2,0.311850905418396,0.5854077339172363,-0.06014319881796837
3,0.2730959951877594,0.5410981178283691,-0.07730097323656082
4,0.22867226600646973,0.5173881649971008,-0.09322697669267654
5,0.30152544379234314,0.4635741114616394,-0.039698176085948944
6,0.3159979581832886,0.373057097196579,-0.06459368020296097
7,0.32436057925224304,0.31831884384155273,-0.08237013965845108
8,0.3284347653388977,0.2657212018966675,-0.09504944086074829
9,0.2561925947666168,0.4493120610713959,-0.03674745932221413
10,0.24749606847763062,0.35094794631004333,-0.06299067288637161
11,0.23650464415550232,0.2921207547187805,-0.08147653937339783
12,0.2254256159067154,0.23698410391807556,-0.09324892610311508
13,0.21931283175945282,0.46556225419044495,-0.0367564931511879
14,0.2024107724428177,0.3931119441986084,-0.07354386150836945
15,0.21063587069511414,0.44855061173439026,-0.07953508198261261
16,0.21673458814620972,0.4975685477256775,-0.07440666109323502
17,0.19033148884773254,0.5013121366500854,-0.03962801769375801
18,0.1816685050725937,0.4549579918384552,-0.07109744846820831
19,0.19259467720985413,0.48539191484451294,-0.07254575937986374
20,0.202039435505867,0.5189639925956726,-0.06651796400547028