0,0.45833319425582886,0.8690664172172546,3.868688622787886e-07
1,0.4266397953033447,0.8105515241622925,-0.005646947771310806
2,0.4294009506702423,0.7448110580444336,-0.011065945960581303
3,0.4633710980415344,0.7154386639595032,-0.015625234693288803
4,0.49329671263694763,0.714270293712616,-0.020281439647078514
5,0.47585970163345337,0.721534013748169,-0.026619909331202507
6,0.4955200254917145,0.636228621006012,-0.0355091318488121
7,0.5061658024787903,0.5862551331520081,-0.03851239010691643
8,0.5140019059181213,0.5495747923851013,-0.0395079031586647
9,0.5102500319480896,0.7397122979164124,-0.028238162398338318
10,0.5435453653335571,0.6572316884994507,-0.03609365224838257
11,0.5615302920341492,0.6045196056365967,-0.039206650108098984
12,0.5771624445915222,0.5676949620246887,-0.03997446224093437
13,0.5320606827735901,0.7630574107170105,-0.028057413175702095
14,0.5408294200897217,0.7001124620437622,-0.03672335669398308
15,0.5226070880889893,0.703367292881012,-0.03474937379360199
16,0.5092018842697144,0.7229578495025635,-0.029446477070450783
17,0.5441993474960327,0.786166250705719,-0.027841264382004738
18,0.5410575270652771,0.7359782457351685,-0.033832862973213196
19,0.5259301662445068,0.7358035445213318,-0.028225235641002655
20,0.5174210667610168,0.7519358992576599,-0.02055814117193222