0,0.2043125480413437,0.6213751435279846,7.448492738149071e-07
1,0.2440413236618042,0.5946207642555237,-0.04044625535607338
2,0.2567582428455353,0.5407082438468933,-0.06119253486394882
3,0.21194131672382355,0.5108051300048828,-0.07863937318325043
4,0.16467860341072083,0.4955602288246155,-0.09435303509235382
5,0.2388097047805786,0.41752558946609497,-0.03750397637486458
6,0.2530500888824463,0.32460150122642517,-0.06507834792137146
7,0.2600100040435791,0.2643788456916809,-0.08281723409891129
8,0.262948602437973,0.21219870448112488,-0.09374865144491196
9,0.19198691844940186,0.4096377193927765,-0.03540581092238426
10,0.17256779968738556,0.30745387077331543,-0.06398896127939224
11,0.15498916804790497,0.24480575323104858,-0.0807734876871109
12,0.13825182616710663,0.19051095843315125,-0.08807910233736038
13,0.15816117823123932,0.4326392412185669,-0.03692353144288063
14,0.13191305100917816,0.3808092474937439,-0.07813329249620438
15,0.1474679559469223,0.43318697810173035,-0.08386679738759995
16,0.1606052666902542,0.47377529740333557,-0.07527655363082886
17,0.1355304718017578,0.4751833975315094,-0.04115693271160126
18,0.12198641151189804,0.4529774785041809,-0.07556046545505524
19,0.13797910511493683,0.48523586988449097,-0.0759764015674591
20,0.15198281407356262,0.5111651420593262,-0.06681846082210541