0,0.2767699658870697,0.5107338428497314,6.695794354527607e-07
1,0.23475943505764008,0.4983447790145874,-0.017178812995553017
2,0.1831449568271637,0.4502289295196533,-0.035783085972070694
3,0.14694321155548096,0.40967240929603577,-0.05508199334144592
4,0.16182507574558258,0.3802993893623352,-0.07160980999469757
5,0.24315837025642395,0.32225799560546875,-0.028447790071368217
6,0.21423417329788208,0.23553462326526642,-0.047773197293281555
7,0.1954403519630432,0.17909802496433258,-0.059091560542583466
8,0.1825016736984253,0.1352570354938507,-0.06911009550094604
9,0.27012211084365845,0.3135671317577362,-0.035574737936258316
10,0.2553979158401489,0.22265148162841797,-0.059798553586006165
11,0.24497675895690918,0.16840660572052002,-0.07230871170759201
12,0.23814475536346436,0.12581473588943481,-0.07906793802976608
13,0.28942981362342834,0.32755884528160095,-0.04383381828665733
14,0.22208039462566376,0.28535908460617065,-0.06888405233621597
15,0.18437570333480835,0.32382696866989136,-0.06583714485168457
16,0.16436845064163208,0.356444776058197,-0.05821462348103523
17,0.29612231254577637,0.3633144795894623,-0.05441055819392204
18,0.22905175387859344,0.35429635643959045,-0.07788554579019547
19,0.19366106390953064,0.37056291103363037,-0.08117123693227768
20,0.1697821319103241,0.3847535252571106,-0.07923087477684021