0,0.651421844959259,0.8292427062988281,3.794302756432444e-07
1,0.5974980592727661,0.7950556874275208,-0.03286639228463173
2,0.5636599063873291,0.7385321259498596,-0.055900171399116516
3,0.5887898802757263,0.7034018635749817,-0.0794837549328804
4,0.6240681409835815,0.6853998303413391,-0.10054241120815277
5,0.591663122177124,0.5809204578399658,-0.033702101558446884
6,0.577508807182312,0.47544801235198975,-0.06304163485765457
7,0.5707831978797913,0.4142279624938965,-0.08139295130968094
8,0.5645687580108643,0.3616596460342407,-0.09281112998723984
9,0.6396259665489197,0.5817946195602417,-0.03981989994645119
10,0.6537076234817505,0.4636721909046173,-0.06791118532419205
11,0.6619890332221985,0.3954598009586334,-0.08463640511035919
12,0.6691170930862427,0.3377677798271179,-0.09283249080181122
13,0.6782076358795166,0.6161426305770874,-0.04984784871339798
14,0.6733326315879822,0.5759577751159668,-0.0875672698020935
15,0.6498501896858215,0.6316859722137451,-0.09256155043840408
16,0.6354996562004089,0.6737543940544128,-0.08529374748468399
17,0.7071402072906494,0.66983562707901,-0.06277501583099365
18,0.697945773601532,0.6462016105651855,-0.08913964033126831
19,0.671133279800415,0.6753795742988586,-0.08582054078578949
20,0.6514180898666382,0.7013605237007141,-0.076797716319561