0,0.36822083592414856,0.6585005521774292,3.6025156191499264e-07
1,0.3313508629798889,0.593206524848938,0.0031175834592431784
2,0.32693228125572205,0.5250179171562195,-0.003445075126364827
3,0.3472050130367279,0.47209814190864563,-0.01264396496117115
4,0.367152601480484,0.4440261721611023,-0.021718982607126236
5,0.35839587450027466,0.46734458208084106,-0.0205058716237545
6,0.3590742349624634,0.3722314238548279,-0.0358269065618515
7,0.3571067452430725,0.3130491375923157,-0.044147588312625885
8,0.3544575572013855,0.26976829767227173,-0.048183638602495193
9,0.3947749435901642,0.473452091217041,-0.029931942000985146
10,0.42098647356033325,0.37584272027015686,-0.041931577026844025
11,0.4323497712612152,0.31494784355163574,-0.04697064310312271
12,0.4412064552307129,0.2771005928516388,-0.049130987375974655
13,0.42626795172691345,0.4956888258457184,-0.037287987768650055
14,0.44363677501678467,0.4377225935459137,-0.041424281895160675
15,0.43091922998428345,0.45715954899787903,-0.03147606551647186
16,0.4199030101299286,0.4829401969909668,-0.02258068509399891
17,0.45118364691734314,0.5271347165107727,-0.04516877979040146
18,0.4559059143066406,0.48908326029777527,-0.04166198521852493
19,0.4432619512081146,0.5042672753334045,-0.02713622711598873
20,0.4347670376300812,0.5248122811317444,-0.014355069026350975