0,0.397919237613678,0.8073254823684692,1.0620515240589157e-06
1,0.3630637526512146,0.8001560568809509,-0.02424691803753376
2,0.31603214144706726,0.7661259174346924,-0.046586163341999054
3,0.2904685437679291,0.7322606444358826,-0.06891738623380661
4,0.31275302171707153,0.7033004760742188,-0.09060624986886978
5,0.3403046429157257,0.6213162541389465,-0.04974343627691269
6,0.3123634159564972,0.5310205221176147,-0.07852551341056824
7,0.2888825237751007,0.4705852270126343,-0.09973801672458649
8,0.27343615889549255,0.4182000756263733,-0.11706932634115219
9,0.37872999906539917,0.6112149357795715,-0.058252960443496704
10,0.3751757740974426,0.49985915422439575,-0.09230083972215652
11,0.3687935471534729,0.42164498567581177,-0.11554034054279327
12,0.3687576651573181,0.3604254424571991,-0.12958678603172302
13,0.4136136472225189,0.6287795901298523,-0.06654354929924011
14,0.37573593854904175,0.5933620929718018,-0.09887555986642838
15,0.3474392294883728,0.6478973627090454,-0.09917117655277252
16,0.33110305666923523,0.6921836137771606,-0.0921466127038002
17,0.43865108489990234,0.6688743233680725,-0.07744789123535156
18,0.3911471962928772,0.655512809753418,-0.10507576167583466
19,0.36135801672935486,0.6851177215576172,-0.1042637974023819
20,0.3417779803276062,0.7174016833305359,-0.0981702208518982