0,0.5625597238540649,0.7801806926727295,3.9221524161803245e-07
1,0.5446085333824158,0.7105217576026917,-0.00019818751025013626
2,0.5624715685844421,0.6493455171585083,-0.0038046713452786207
3,0.6005628108978271,0.632524847984314,-0.007914874702692032
4,0.6284092664718628,0.6386290788650513,-0.012252449989318848
5,0.6011985540390015,0.6180245876312256,-0.020735332742333412
6,0.6207693815231323,0.537538468837738,-0.029058413580060005
7,0.6341521739959717,0.48704129457473755,-0.03318043798208237
8,0.6429993510246277,0.4499460458755493,-0.0355265773832798
9,0.6329732537269592,0.6455700397491455,-0.02525141090154648
10,0.6729885339736938,0.5745803713798523,-0.030144067481160164
11,0.6939628720283508,0.526246190071106,-0.033024631440639496
12,0.709510087966919,0.4937592148780823,-0.0346420481801033
13,0.6505862474441528,0.6804051995277405,-0.027752768248319626
14,0.6525211334228516,0.6429353356361389,-0.028392113745212555
15,0.6331750154495239,0.6491931080818176,-0.022801613435149193
16,0.6192580461502075,0.6672180891036987,-0.01755288615822792
17,0.6578004956245422,0.7136459946632385,-0.030709300190210342
18,0.6511199474334717,0.6834425926208496,-0.028154175728559494
19,0.6369216442108154,0.6894394159317017,-0.018392473459243774
20,0.6284472346305847,0.7054430842399597,-0.009620139375329018