0,0.7039268612861633,0.7353130578994751,6.196291337801085e-07
1,0.659403920173645,0.7087546586990356,-0.03227989748120308
2,0.6375707387924194,0.6476628184318542,-0.05326353758573532
3,0.6716490983963013,0.6074163913726807,-0.07335936278104782
4,0.7124550342559814,0.595367968082428,-0.09187010675668716
5,0.6718237996101379,0.5108473300933838,-0.038637675344944
6,0.6701281070709229,0.4130268394947052,-0.0661739930510521
7,0.6713262796401978,0.3479386568069458,-0.08454149216413498
8,0.6721988916397095,0.29191267490386963,-0.0979757308959961
9,0.7171710133552551,0.5135104060173035,-0.04299991577863693
10,0.743833601474762,0.4116080403327942,-0.07028193771839142
11,0.7614520192146301,0.34770023822784424,-0.08675222098827362
12,0.7771220207214355,0.2899894714355469,-0.09625063836574554
13,0.7492607831954956,0.5470912456512451,-0.05041991546750069
14,0.7721558809280396,0.4922461211681366,-0.08545521646738052
15,0.7472710609436035,0.5418627858161926,-0.08763422816991806
16,0.7284508943557739,0.5826067924499512,-0.08027288317680359
17,0.7733991146087646,0.5993126034736633,-0.06063651666045189
18,0.7817345261573792,0.5735463500022888,-0.09000585228204727
19,0.762717068195343,0.6000638008117676,-0.0894729271531105
20,0.7473931312561035,0.623430073261261,-0.08255045861005783