0,0.20284011960029602,0.6117619276046753,8.100565196400566e-07
1,0.24577564001083374,0.6088710427284241,-0.037890948355197906
2,0.2756916880607605,0.5647282004356384,-0.05770755931735039
3,0.25602781772613525,0.5166855454444885,-0.07149171829223633
4,0.21695560216903687,0.4910198748111725,-0.08552954345941544
5,0.2771056592464447,0.455634742975235,-0.04820430651307106
6,0.3061234951019287,0.37410762906074524,-0.07714555412530899
7,0.3243408501148224,0.3167892396450043,-0.09619967639446259
8,0.3358834981918335,0.2672467827796936,-0.1075555756688118
9,0.2354075014591217,0.43544313311576843,-0.04626312851905823
10,0.2356250137090683,0.343061625957489,-0.07014137506484985
11,0.23727701604366302,0.28259146213531494,-0.0848812386393547
12,0.23640452325344086,0.22987818717956543,-0.09167393296957016
13,0.1948722004890442,0.44794565439224243,-0.046882133930921555
14,0.19322605431079865,0.40764158964157104,-0.07474541664123535
15,0.19638632237911224,0.3961586654186249,-0.08263856917619705
16,0.19598083198070526,0.38027456402778625,-0.08330702036619186
17,0.1589033007621765,0.4837200939655304,-0.05010877549648285
18,0.17325007915496826,0.48837175965309143,-0.07422035932540894
19,0.1847299188375473,0.5167893767356873,-0.07345026731491089
20,0.19028340280056,0.5354037880897522,-0.06803959608078003