0,0.3140418827533722,0.57551509141922,6.231445581761363e-07
1,0.3567435145378113,0.5454610586166382,-0.03249891474843025
2,0.3776892125606537,0.4850338399410248,-0.04901691526174545
3,0.3414406180381775,0.44493308663368225,-0.06424247473478317
4,0.29861167073249817,0.425439715385437,-0.07777035981416702
5,0.35830098390579224,0.361783504486084,-0.026981836184859276
6,0.37516310811042786,0.2715058922767639,-0.0528145506978035
7,0.38301563262939453,0.2126353234052658,-0.0702422708272934
8,0.38757193088531494,0.1631574034690857,-0.0802372395992279
9,0.315231055021286,0.3576817214488983,-0.028712090104818344
10,0.29603302478790283,0.2544053792953491,-0.055716682225465775
11,0.2838311195373535,0.18969286978244781,-0.07284434139728546
12,0.2731415331363678,0.13569101691246033,-0.08031433820724487
13,0.28099948167800903,0.3818259835243225,-0.033573709428310394
14,0.2705250680446625,0.32895806431770325,-0.07155463844537735
15,0.29152753949165344,0.3765019178390503,-0.07615671306848526
16,0.30440717935562134,0.4175735414028168,-0.06716420501470566
17,0.2541336715221405,0.42326104640960693,-0.040765926241874695
18,0.2567339539527893,0.3874289095401764,-0.06952863186597824
19,0.2759034037590027,0.4179539382457733,-0.0659613311290741
20,0.28760313987731934,0.44724810123443604,-0.0546034537255764