0,0.44821715354919434,0.6120097637176514,3.7449936485245416e-07
1,0.41904810070991516,0.540751039981842,0.004720163065940142
2,0.42947065830230713,0.4786670506000519,0.0001168658709502779
3,0.46338242292404175,0.44557106494903564,-0.006315519567579031
4,0.49266672134399414,0.43742653727531433,-0.013280285522341728
5,0.45033037662506104,0.431801974773407,-0.019160104915499687
6,0.4591867923736572,0.3390606641769409,-0.03154144063591957
7,0.46351146697998047,0.2792387008666992,-0.03769702836871147
8,0.46584486961364746,0.23655369877815247,-0.04017375782132149
9,0.48778635263442993,0.44225579500198364,-0.026757847517728806
10,0.5140502452850342,0.3525061011314392,-0.03449968993663788
11,0.5266162753105164,0.2982783019542694,-0.0371582955121994
12,0.5367798209190369,0.26264864206314087,-0.037429653108119965
13,0.5176990628242493,0.4669818878173828,-0.03190947696566582
14,0.5278540253639221,0.4182729125022888,-0.0341072753071785
15,0.513075590133667,0.43179118633270264,-0.026092154905200005
16,0.5025656223297119,0.4542161822319031,-0.01805068552494049
17,0.5390045046806335,0.4975947439670563,-0.03704824298620224
18,0.5389466285705566,0.46217507123947144,-0.03286090865731239
19,0.5258952379226685,0.47131797671318054,-0.01989337056875229
20,0.5186642408370972,0.48923009634017944,-0.00801740400493145