0,0.7976094484329224,0.6031798720359802,5.436003220893326e-07
1,0.756087601184845,0.5493606328964233,-0.031344980001449585
2,0.7467976808547974,0.4706857204437256,-0.04654252529144287
3,0.79482501745224,0.42061907052993774,-0.0607365258038044
4,0.8411726355552673,0.3980591297149658,-0.07241164892911911
5,0.7611603140830994,0.3617026209831238,-0.0261704009026289
6,0.7560100555419922,0.25770658254623413,-0.04842618480324745
7,0.7558100819587708,0.19254712760448456,-0.06329542398452759
8,0.7557840347290039,0.13997498154640198,-0.0720643475651741
9,0.8053792119026184,0.36425766348838806,-0.026402149349451065
10,0.8263928890228271,0.25238046050071716,-0.04701671004295349
11,0.8407256603240967,0.18311135470867157,-0.06097754091024399
12,0.8541528582572937,0.13086962699890137,-0.06734436005353928
13,0.8382089734077454,0.3938874304294586,-0.030501719564199448
14,0.8548820614814758,0.3474445641040802,-0.05999215692281723
15,0.843462347984314,0.3817961812019348,-0.06737265735864639
16,0.8339033722877502,0.4156143069267273,-0.06215948984026909
17,0.8633512854576111,0.4365819990634918,-0.037347856909036636
18,0.8809354901313782,0.396203875541687,-0.057961903512477875
19,0.8752924799919128,0.40303871035575867,-0.05743737146258354
20,0.8673436641693115,0.41910961270332336,-0.05060574412345886