0,0.27196985483169556,0.6784837245941162,2.2922122866475547e-07
1,0.23332737386226654,0.6164783835411072,0.0011157836997881532
2,0.23139607906341553,0.5470569133758545,-0.00441945344209671
3,0.25787195563316345,0.5022363662719727,-0.011616201139986515
4,0.2839396297931671,0.4836263060569763,-0.01867060549557209
5,0.23994717001914978,0.49565818905830383,-0.015790101140737534
6,0.23402182757854462,0.4061276316642761,-0.02971292845904827
7,0.2298305183649063,0.3519727885723114,-0.036595024168491364
8,0.2255854457616806,0.31236425042152405,-0.039051588624715805
9,0.27613121271133423,0.49866849184036255,-0.024250278249382973
10,0.29124951362609863,0.4014224112033844,-0.0346263162791729
11,0.2977735102176666,0.34269359707832336,-0.03874487802386284
12,0.3035598695278168,0.29830557107925415,-0.03967219963669777
13,0.3110029399394989,0.5161129236221313,-0.031510286033153534
14,0.32674258947372437,0.45621585845947266,-0.041184134781360626
15,0.3197665512561798,0.48014962673187256,-0.035696182399988174
16,0.31189751625061035,0.5064665079116821,-0.02749905176460743
17,0.34158456325531006,0.542471170425415,-0.038768984377384186
18,0.3470773696899414,0.4970538318157196,-0.04040192812681198
19,0.3409925401210785,0.5158798694610596,-0.028303328901529312
20,0.336302787065506,0.5386183857917786,-0.015963979065418243