0,0.23215092718601227,0.82912677526474,4.3360611812204297e-07
1,0.19500616192817688,0.7725376486778259,0.00680906418710947
2,0.19415214657783508,0.7076443433761597,0.0014867926947772503
3,0.22034579515457153,0.6639679074287415,-0.004658774007111788
4,0.2467670738697052,0.6452683210372925,-0.011172320693731308
5,0.19351992011070251,0.6729801297187805,-0.029029250144958496
6,0.1836727261543274,0.5827998518943787,-0.043922439217567444
7,0.176749125123024,0.525273323059082,-0.051187913864851
8,0.17317019402980804,0.48389631509780884,-0.05458429455757141
9,0.2315710037946701,0.6752786040306091,-0.03760826587677002
10,0.23703832924365997,0.5681119561195374,-0.05214788392186165
11,0.24038806557655334,0.5039069652557373,-0.05629100278019905
12,0.24518142640590668,0.456346333026886,-0.05724536255002022
13,0.26896852254867554,0.6876305341720581,-0.04211612790822983
14,0.28008779883384705,0.6047196388244629,-0.048952616751194
15,0.26962894201278687,0.6236569285392761,-0.03481552377343178
16,0.26105591654777527,0.6508916020393372,-0.021278666332364082
17,0.30151572823524475,0.709131121635437,-0.045954618602991104
18,0.3051108717918396,0.6467218399047852,-0.04312244802713394
19,0.2967090606689453,0.6629493832588196,-0.024320881813764572
20,0.2925848066806793,0.6859191060066223,-0.007690791506320238