0,0.6123457551002502,0.5617393255233765,7.438455895680818e-07
1,0.5705891847610474,0.5414755940437317,-0.025769349187612534
2,0.5322272777557373,0.4825552701950073,-0.04748235270380974
3,0.5313317775726318,0.42935362458229065,-0.07037340849637985
4,0.5684749484062195,0.40635818243026733,-0.09212210029363632
5,0.567225456237793,0.3439381420612335,-0.03963242843747139
6,0.5482131242752075,0.24684341251850128,-0.06771770119667053
7,0.5377807021141052,0.18461748957633972,-0.08459597826004028
8,0.5300441980361938,0.13150298595428467,-0.09688948094844818
9,0.6117715835571289,0.34187382459640503,-0.04895473271608353
10,0.6199311017990112,0.22709067165851593,-0.07993048429489136
11,0.6234827041625977,0.15681186318397522,-0.09880411624908447
12,0.6266924142837524,0.09623077511787415,-0.10832149535417557
13,0.6503697037696838,0.3720286190509796,-0.06016602739691734
14,0.6239951848983765,0.3084699809551239,-0.10126673430204391
15,0.5930656790733337,0.3557249903678894,-0.10954535752534866
16,0.5768620371818542,0.3949279189109802,-0.10402077436447144
17,0.6782518029212952,0.4223642349243164,-0.07278487086296082
18,0.6458236575126648,0.3842795491218567,-0.1070011630654335
19,0.6109793186187744,0.3992350995540619,-0.11129675805568695
20,0.5889962911605835,0.4150753617286682,-0.1067558154463768