0,0.6287448406219482,0.8356549739837646,4.910678512715094e-07
1,0.6610196828842163,0.8323099613189697,-0.022116858512163162
2,0.6937611699104309,0.8023077845573425,-0.035656336694955826
3,0.7114318013191223,0.7833029627799988,-0.05012217164039612
4,0.6960946321487427,0.7688109278678894,-0.06349603831768036
5,0.6716155409812927,0.6787542104721069,-0.02395441383123398
6,0.6967564225196838,0.6113160252571106,-0.043798722326755524
7,0.7150723934173584,0.5683846473693848,-0.05876567214727402
8,0.7298479676246643,0.531474769115448,-0.06948880106210709
9,0.6400242447853088,0.6769382953643799,-0.030332252383232117
10,0.6379713416099548,0.594285786151886,-0.054993197321891785
11,0.6529491543769836,0.5454303026199341,-0.0727410614490509
12,0.6656558513641357,0.5050647258758545,-0.08341681957244873
13,0.6121506094932556,0.6958869099617004,-0.0387568362057209
14,0.6404496431350708,0.6599988341331482,-0.07420486956834793
15,0.6695742607116699,0.7019163966178894,-0.08509703725576401
16,0.682504415512085,0.7358107566833496,-0.08413397520780563
17,0.5917505025863647,0.7297192215919495,-0.04854628071188927
18,0.6266801357269287,0.7090035080909729,-0.07868866622447968
19,0.6520399451255798,0.7362926006317139,-0.08417416363954544
20,0.6643064618110657,0.7621282339096069,-0.08225967735052109