0,0.43548092246055603,0.7897512912750244,3.5324899272382027e-07
1,0.4003678560256958,0.7280446887016296,-0.0033035024534910917
2,0.4029225707054138,0.6562354564666748,-0.009459945373237133
3,0.44082677364349365,0.6189982891082764,-0.014776427298784256
4,0.47540023922920227,0.6125014424324036,-0.019997643306851387
5,0.4333096146583557,0.6224734783172607,-0.02934112213551998
6,0.4436940848827362,0.526684045791626,-0.040643710643053055
7,0.4496663212776184,0.469968318939209,-0.04423840716481209
8,0.45325565338134766,0.4283573031425476,-0.04544626921415329
9,0.4708079397678375,0.634493350982666,-0.032262664288282394
10,0.4999544024467468,0.5400452017784119,-0.041990164667367935
11,0.5132293105125427,0.48023855686187744,-0.04571826383471489
12,0.5251458287239075,0.4383071959018707,-0.04702797532081604
13,0.49845007061958313,0.6551457047462463,-0.0327945314347744
14,0.506487250328064,0.5919479727745056,-0.040342871099710464
15,0.48941805958747864,0.6017488837242126,-0.035976383835077286
16,0.4771570861339569,0.6244277358055115,-0.029551835730671883
17,0.5171985626220703,0.677688717842102,-0.033307358622550964
18,0.510370671749115,0.6326624751091003,-0.036414097994565964
19,0.49708107113838196,0.6395599842071533,-0.028695587068796158
20,0.49156633019447327,0.6577189564704895,-0.019902659580111504