0,0.6971529722213745,0.8281747102737427,4.4030321078025736e-07
1,0.7348241806030273,0.8311032652854919,-0.01589110679924488
2,0.772183358669281,0.8114551305770874,-0.028284529224038124
3,0.79791659116745,0.8025725483894348,-0.04186626151204109
4,0.7958124279975891,0.7854632139205933,-0.05411675199866295
5,0.7577873468399048,0.6978800296783447,-0.02687322534620762
6,0.7921014428138733,0.6406856775283813,-0.04588202387094498
7,0.8164359331130981,0.6003870964050293,-0.05877668038010597
8,0.8357418775558472,0.5651587843894958,-0.06821974366903305
9,0.733087956905365,0.6924877762794495,-0.03514063358306885
10,0.750117838382721,0.6180346012115479,-0.06091224029660225
11,0.7715961933135986,0.577817976474762,-0.07663729786872864
12,0.7890157699584961,0.5459171533584595,-0.08546881377696991
13,0.7117660641670227,0.7097405195236206,-0.043939560651779175
14,0.7576463222503662,0.6869049668312073,-0.07755714654922485
15,0.7784812450408936,0.7292030453681946,-0.0843939483165741
16,0.7831176519393921,0.7601962089538574,-0.08135098218917847
17,0.6973074078559875,0.7445917725563049,-0.0536232516169548
18,0.7442365884780884,0.7375750541687012,-0.08187444508075714
19,0.7648053169250488,0.7679706811904907,-0.08527637273073196
20,0.7708067893981934,0.7920394539833069,-0.08216062933206558