0,0.822795033454895,0.5962023138999939,5.569120844484132e-07
1,0.7869652509689331,0.542706310749054,-0.030741512775421143
2,0.7840425372123718,0.4695402681827545,-0.04642834514379501
3,0.8345314264297485,0.4220094084739685,-0.061275918036699295
4,0.878502368927002,0.39905494451522827,-0.07402908056974411
5,0.7963703870773315,0.35701411962509155,-0.02554231695830822
6,0.7931257486343384,0.2536332607269287,-0.04791603609919548
7,0.7927078008651733,0.18865515291690826,-0.0638037919998169
8,0.7937139868736267,0.1346658617258072,-0.07429885864257812
9,0.8405299782752991,0.3577158451080322,-0.026792533695697784
10,0.8609145283699036,0.2494392693042755,-0.04756117984652519
11,0.8770955801010132,0.1829601675271988,-0.0638338103890419
12,0.8925457000732422,0.1302332580089569,-0.07335010915994644
13,0.872737467288971,0.38587749004364014,-0.03188076987862587
14,0.8969058990478516,0.3275880217552185,-0.06166812777519226
15,0.8935458064079285,0.3590022623538971,-0.07230157405138016
16,0.8880454897880554,0.3938975930213928,-0.07088766247034073
17,0.8972870707511902,0.4293377995491028,-0.03961183503270149
18,0.9200823903083801,0.38463345170021057,-0.062408432364463806
19,0.9159866571426392,0.39108550548553467,-0.06578308343887329
20,0.9055482745170593,0.409133642911911,-0.06263419985771179