0,0.4445371627807617,0.9142017960548401,9.832009482124704e-07
1,0.40476828813552856,0.9148624539375305,-0.03276775777339935
2,0.35652369260787964,0.8877890706062317,-0.06050354242324829
3,0.34938573837280273,0.8620793223381042,-0.08783973753452301
4,0.3816300630569458,0.8481836318969727,-0.11536999046802521
5,0.37967246770858765,0.7299846410751343,-0.05697714164853096
6,0.3520461916923523,0.6395704746246338,-0.08838064968585968
7,0.33300769329071045,0.5771520137786865,-0.10947855561971664
8,0.31881052255630493,0.5215153098106384,-0.12565402686595917
9,0.4293062686920166,0.7201719880104065,-0.06459559500217438
10,0.43837082386016846,0.6254425644874573,-0.09853160381317139
11,0.43968653678894043,0.5596961975097656,-0.11872629821300507
12,0.4389881491661072,0.5046111345291138,-0.12953506410121918
13,0.4736529588699341,0.7445002794265747,-0.07355073094367981
14,0.4477632939815521,0.7162246108055115,-0.11545296013355255
15,0.4188907742500305,0.7780596017837524,-0.12098772823810577
16,0.40216442942619324,0.8242174386978149,-0.1150592789053917
17,0.5081830024719238,0.7916538715362549,-0.08481281995773315
18,0.4709106683731079,0.7994285225868225,-0.12127777189016342
19,0.4369874894618988,0.8416887521743774,-0.1229499951004982
20,0.41652005910873413,0.8724278211593628,-0.11662185192108154