0,0.6654149293899536,0.9132970571517944,5.984330186947773e-07
1,0.6202698945999146,0.8848035335540771,-0.04591274634003639
2,0.6025540232658386,0.8326769471168518,-0.07589109987020493
3,0.6450510025024414,0.811082124710083,-0.10296788066625595
4,0.6898789405822754,0.799735426902771,-0.12703023850917816
5,0.6343843936920166,0.6673544049263,-0.05088888481259346
6,0.6357431411743164,0.5619713068008423,-0.08589091897010803
7,0.6372280716896057,0.4972906708717346,-0.10888277739286423
8,0.6381047964096069,0.4382339417934418,-0.12353065609931946
9,0.6852803826332092,0.6723689436912537,-0.0526970699429512
10,0.7154130935668945,0.5539911389350891,-0.08520930260419846
11,0.7387500405311584,0.4838891625404358,-0.10437224060297012
12,0.7597455978393555,0.41621133685112,-0.11390967667102814
13,0.7222907543182373,0.7109668254852295,-0.05876420810818672
14,0.7488004565238953,0.6720126867294312,-0.10194004327058792
15,0.7209802269935608,0.7385726571083069,-0.10416774451732635
16,0.6985777020454407,0.7847379446029663,-0.0935308113694191
17,0.7494267821311951,0.7696349620819092,-0.06872870773077011
18,0.7614818215370178,0.7570106387138367,-0.10354287177324295
19,0.7374271750450134,0.8033230304718018,-0.09944093227386475
20,0.7180688977241516,0.8379570245742798,-0.08738686144351959