0,0.39038604497909546,0.702433705329895,7.214491688500857e-07
1,0.43407413363456726,0.6890472173690796,-0.03306715562939644
2,0.4650866389274597,0.644357442855835,-0.05226412042975426
3,0.44484561681747437,0.6041291952133179,-0.07039480656385422
4,0.40528982877731323,0.5891568660736084,-0.08748974651098251
5,0.44975632429122925,0.5171730518341064,-0.030764469876885414
6,0.47244563698768616,0.4294990599155426,-0.0551399365067482
7,0.484899640083313,0.37540698051452637,-0.07163935899734497
8,0.4930475354194641,0.3262154459953308,-0.08194531500339508
9,0.40911680459976196,0.5066347718238831,-0.031959015876054764
10,0.39943504333496094,0.4065377712249756,-0.05867840349674225
11,0.39214685559272766,0.3485757112503052,-0.07543293386697769
12,0.3845881223678589,0.2989521622657776,-0.08325793594121933
13,0.37400734424591064,0.5235076546669006,-0.03558971360325813
14,0.3645677864551544,0.4578056037425995,-0.07387146353721619
15,0.3796268105506897,0.5134941339492798,-0.07559913396835327
16,0.38792213797569275,0.559577465057373,-0.06483912467956543
17,0.3444631099700928,0.5584032535552979,-0.04146439582109451
18,0.3445035517215729,0.5188162326812744,-0.07274487614631653
19,0.36067038774490356,0.5518019199371338,-0.06914588809013367
20,0.3702147305011749,0.5842829942703247,-0.057400111109018326