0,0.8530271053314209,0.7805997133255005,6.994638965807098e-07
1,0.813467264175415,0.7410919666290283,-0.041102200746536255
2,0.8040124177932739,0.6699042916297913,-0.06339186429977417
3,0.8559722304344177,0.6408353447914124,-0.08378960192203522
4,0.9042516946792603,0.6303663849830627,-0.1025540679693222
5,0.831886887550354,0.5219655632972717,-0.042239949107170105
6,0.8327952027320862,0.41977593302726746,-0.07140934467315674
7,0.8348348736763,0.35442817211151123,-0.09000959992408752
8,0.8369739651679993,0.2969880998134613,-0.10250815749168396
9,0.8793078660964966,0.5266685485839844,-0.04355759546160698
10,0.9083658456802368,0.4171884059906006,-0.07265057414770126
11,0.9299226403236389,0.35007041692733765,-0.08976662158966064
12,0.948965847492218,0.2907545566558838,-0.09860106557607651
13,0.9124074578285217,0.563958466053009,-0.04936201497912407
14,0.9428717494010925,0.5271794199943542,-0.08995203673839569
15,0.9225360751152039,0.5901562571525574,-0.09653107076883316
16,0.9058955311775208,0.6372470259666443,-0.08949984610080719
17,0.9342734813690186,0.6179389953613281,-0.05861354619264603
18,0.9429160952568054,0.6099990010261536,-0.09182112663984299
19,0.9239674210548401,0.6498250365257263,-0.09359921514987946
20,0.9086928963661194,0.6789906620979309,-0.08720288425683975