0,0.3871365189552307,0.7562240362167358,1.0824909395523719e-06
1,0.3427891433238983,0.7518004179000854,-0.03287579491734505
2,0.29013246297836304,0.712218165397644,-0.061118025332689285
3,0.2520925998687744,0.6774256825447083,-0.08910492062568665
4,0.2794884443283081,0.6497145295143127,-0.11532161384820938
5,0.3280116617679596,0.5572885870933533,-0.04867817088961601
6,0.3039199411869049,0.45590925216674805,-0.07970000803470612
7,0.28682568669319153,0.3924080729484558,-0.09748105704784393
8,0.27657991647720337,0.3404734134674072,-0.10966195911169052
9,0.3710014820098877,0.5485101342201233,-0.054140012711286545
10,0.36894872784614563,0.43551239371299744,-0.09034355729818344
11,0.3660471439361572,0.35734236240386963,-0.11167646199464798
12,0.362840473651886,0.29621627926826477,-0.12089374661445618
13,0.40783533453941345,0.569927990436554,-0.06133107841014862
14,0.357040673494339,0.5386900305747986,-0.10543730854988098
15,0.325847327709198,0.5987429022789001,-0.11306566745042801
16,0.30880123376846313,0.6439172029495239,-0.10564091056585312
17,0.4264441132545471,0.6145779490470886,-0.07056081295013428
18,0.37067919969558716,0.6209143996238708,-0.10544978082180023
19,0.33399176597595215,0.6546247601509094,-0.10971146076917648
20,0.3101896047592163,0.680999755859375,-0.10436621308326721