0,0.2630086839199066,0.8466233015060425,8.726202054276655e-07
1,0.21853859722614288,0.8367461562156677,-0.02060140296816826
2,0.17986923456192017,0.8011560440063477,-0.04044505953788757
3,0.15293355286121368,0.7824158072471619,-0.05981454998254776
4,0.13089579343795776,0.7600893378257751,-0.07817287743091583
5,0.21243233978748322,0.6752755641937256,-0.046007946133613586
6,0.18690451979637146,0.592630922794342,-0.07085329294204712
7,0.16549114882946014,0.5348304510116577,-0.08626999706029892
8,0.1512831151485443,0.48823192715644836,-0.0981275886297226
9,0.24256525933742523,0.672179639339447,-0.05387680232524872
10,0.22604422271251678,0.5829975605010986,-0.08606594800949097
11,0.20822098851203918,0.5215888023376465,-0.10889599472284317
12,0.19508564472198486,0.4724190831184387,-0.12262693792581558
13,0.2644696831703186,0.6958214640617371,-0.060807935893535614
14,0.19509820640087128,0.6736790537834167,-0.09312461316585541
15,0.15825900435447693,0.7185270190238953,-0.09531577676534653
16,0.1377737820148468,0.7544940114021301,-0.09007751941680908
17,0.27318570017814636,0.7424482107162476,-0.06948209553956985
18,0.20277121663093567,0.7515889406204224,-0.0973680168390274
19,0.1662394106388092,0.7722271084785461,-0.09989743679761887
20,0.14284107089042664,0.7883846163749695,-0.09610575437545776