0,0.5725534558296204,0.7318308353424072,4.863964591095282e-07
1,0.5265471935272217,0.6998426914215088,-0.02547791227698326
2,0.4944368600845337,0.6410599946975708,-0.04565820097923279
3,0.5150339603424072,0.5981622338294983,-0.0666428878903389
4,0.5495985746383667,0.5827888250350952,-0.08622928708791733
5,0.5340107083320618,0.49933764338493347,-0.03386965021491051
6,0.5216789245605469,0.40169277787208557,-0.060474708676338196
7,0.5149178504943848,0.33812278509140015,-0.07804906368255615
8,0.5109739303588867,0.284153550863266,-0.09028209745883942
9,0.5782836675643921,0.5035344362258911,-0.04157557711005211
10,0.591843843460083,0.3970276415348053,-0.06692933291196823
11,0.6011743545532227,0.32905149459838867,-0.08292193710803986
12,0.6107359528541565,0.2732456624507904,-0.09177511185407639
13,0.6140562295913696,0.53807133436203,-0.05178961902856827
14,0.6077542304992676,0.49005982279777527,-0.08443815261125565
15,0.5810166001319885,0.5312403440475464,-0.0888701006770134
16,0.5634756088256836,0.5708256363868713,-0.08351965993642807
17,0.641177773475647,0.5901368260383606,-0.06416177749633789
18,0.6247166991233826,0.5614145994186401,-0.08897900581359863
19,0.5973602533340454,0.5853499174118042,-0.08709373325109482
20,0.5778779983520508,0.6124725937843323,-0.08006056398153305