0,0.5374090075492859,0.7769185304641724,3.076854966366227e-07
1,0.5151059031486511,0.7056088447570801,0.00022953658481128514
2,0.531643271446228,0.6426123976707458,-0.00337677332572639
3,0.5707125067710876,0.6198446750640869,-0.007495596073567867
4,0.6004046201705933,0.6201897263526917,-0.011632551439106464
5,0.5631164312362671,0.6029768586158752,-0.019744044169783592
6,0.5826126933097839,0.5176102519035339,-0.03087049536406994
7,0.595130443572998,0.4648360013961792,-0.03551527112722397
8,0.6032267808914185,0.4256933331489563,-0.03690231963992119
9,0.5973522067070007,0.6271966695785522,-0.02420950122177601
10,0.6373510360717773,0.5492880344390869,-0.030465466901659966
11,0.659415066242218,0.5001648664474487,-0.03269051015377045
12,0.6776335835456848,0.4658440053462982,-0.03294547274708748
13,0.6195529699325562,0.6597118973731995,-0.026910532265901566
14,0.6290592551231384,0.6183281540870667,-0.029770484194159508
15,0.6124408841133118,0.6274946928024292,-0.024563802406191826
16,0.5992638468742371,0.6437757015228271,-0.01840062439441681
17,0.6331086158752441,0.693878173828125,-0.029906222596764565
18,0.6273382306098938,0.6656012535095215,-0.027624698355793953
19,0.6147895455360413,0.6742553114891052,-0.01775575429201126
20,0.6066677570343018,0.6882458329200745,-0.008060834370553493