0,0.46202993392944336,0.8957737684249878,3.4139708304792293e-07
1,0.43521562218666077,0.8234395980834961,-0.00011986535537289456
2,0.44771671295166016,0.7500221133232117,-0.0009101484902203083
3,0.4855480194091797,0.7263444662094116,-0.0011046731378883123
4,0.5164998769760132,0.7246315479278564,-0.0015449142083525658
5,0.4879099726676941,0.7265357375144958,-0.018477562814950943
6,0.5040064454078674,0.6400328874588013,-0.022100452333688736
7,0.5131323933601379,0.5910995006561279,-0.022784195840358734
8,0.5212371945381165,0.5541219711303711,-0.02254992164671421
9,0.5239914655685425,0.746719479560852,-0.020497718825936317
10,0.5529748201370239,0.6596224308013916,-0.023355111479759216
11,0.5685158371925354,0.6050975918769836,-0.02657429315149784
12,0.5825508832931519,0.5682753920555115,-0.028426876291632652
13,0.5480912327766418,0.7711393237113953,-0.0198698490858078
14,0.5509383678436279,0.7171821594238281,-0.021860912442207336
15,0.5311281681060791,0.7195703983306885,-0.02048386074602604
16,0.5161473751068115,0.7363185286521912,-0.017441319301724434
17,0.5603988766670227,0.7933229804039001,-0.01897295191884041
18,0.5523662567138672,0.7504043579101562,-0.01821160688996315
19,0.5349430441856384,0.7523265480995178,-0.010844480246305466
20,0.525070071220398,0.7674533128738403,-0.00330963428132236