0,0.6520174741744995,0.8463352918624878,3.978991571784718e-07
1,0.6094852685928345,0.8042442798614502,-0.02217554859817028
2,0.58470618724823,0.74346923828125,-0.04159938544034958
3,0.6092875599861145,0.7008762359619141,-0.06271640211343765
4,0.6424169540405273,0.6804367899894714,-0.08272209018468857
5,0.6192833781242371,0.6205654144287109,-0.03343096375465393
6,0.6078418493270874,0.5266092419624329,-0.05843234807252884
7,0.6012391448020935,0.47146618366241455,-0.07452945411205292
8,0.5973169803619385,0.42481768131256104,-0.08591009676456451
9,0.6578260064125061,0.6270735263824463,-0.042126405984163284
10,0.6766955852508545,0.5175594091415405,-0.06737557053565979
11,0.6865392327308655,0.45733174681663513,-0.08283104002475739
12,0.6982834339141846,0.40924960374832153,-0.09246204048395157
13,0.688546359539032,0.6625502705574036,-0.05296756327152252
14,0.6972795724868774,0.5965651869773865,-0.08553585410118103
15,0.6673271059989929,0.6352712512016296,-0.09071853011846542
16,0.646327018737793,0.6731933355331421,-0.08669782429933548
17,0.7137032151222229,0.7133297920227051,-0.06569616496562958
18,0.7203460931777954,0.672081470489502,-0.09159594774246216
19,0.6977143883705139,0.6796320080757141,-0.09294229000806808
20,0.6767463088035583,0.6942113041877747,-0.08894291520118713