0,0.6117580533027649,0.7670777440071106,6.919578936503967e-07
1,0.5616455078125,0.7348771095275879,-0.025766760110855103
2,0.5242038369178772,0.673265278339386,-0.04639998823404312
3,0.5440565943717957,0.6261041164398193,-0.0683792307972908
4,0.5838448405265808,0.6038399934768677,-0.08988653123378754
5,0.5549970269203186,0.5238621830940247,-0.04050181433558464
6,0.5413838624954224,0.4174109697341919,-0.06803677976131439
7,0.5324719548225403,0.34859442710876465,-0.08563877642154694
8,0.5258574485778809,0.2906137704849243,-0.09841052442789078
9,0.5988792777061462,0.5268490314483643,-0.04956384748220444
10,0.6102095246315002,0.40481245517730713,-0.0770704448223114
11,0.617443859577179,0.3324414789676666,-0.09322517365217209
12,0.6269937753677368,0.27338460087776184,-0.10273613035678864
13,0.6375735402107239,0.5613374710083008,-0.060860663652420044
14,0.6376825571060181,0.4907165467739105,-0.09640692919492722
15,0.6130481362342834,0.5415511131286621,-0.10169237107038498
16,0.5992744565010071,0.5882149934768677,-0.09651775658130646
17,0.6682265400886536,0.6141542196273804,-0.0743214413523674
18,0.6639275550842285,0.5716654062271118,-0.1045316755771637
19,0.63728266954422,0.5881714224815369,-0.10690570622682571
20,0.6169945001602173,0.6096630096435547,-0.10244670510292053