0,0.762707531452179,0.6600573062896729,7.3675965950315e-07
1,0.7183871269226074,0.6188603043556213,-0.0300997793674469
2,0.6951349377632141,0.5536586046218872,-0.05093821510672569
3,0.7348488569259644,0.509164571762085,-0.07188504189252853
4,0.7805668711662292,0.4927881062030792,-0.09196548163890839
5,0.721926212310791,0.4147481620311737,-0.04084122180938721
6,0.7140474319458008,0.3083968460559845,-0.06922508031129837
7,0.711411714553833,0.23893269896507263,-0.08976399153470993
8,0.7108689546585083,0.17825403809547424,-0.10529735684394836
9,0.7692450284957886,0.41585665941238403,-0.04700436815619469
10,0.791015625,0.2997974157333374,-0.07342902570962906
11,0.8085042834281921,0.22704564034938812,-0.09067106992006302
12,0.8251224160194397,0.16524772346019745,-0.10200764238834381
13,0.8067543506622314,0.4508734345436096,-0.05604752525687218
14,0.8278461694717407,0.39217454195022583,-0.0896795317530632
15,0.8097262382507324,0.44014841318130493,-0.09463793784379959
16,0.7961897850036621,0.48602062463760376,-0.09018979966640472
17,0.8355906009674072,0.5038009881973267,-0.06801008433103561
18,0.8511548042297363,0.46520739793777466,-0.09822346270084381
19,0.8325808644294739,0.4873507618904114,-0.10022182017564774
20,0.8140982389450073,0.5153979063034058,-0.09570243209600449