0,0.6447842121124268,0.7311594486236572,4.826367785426555e-07
1,0.6810470223426819,0.7248861789703369,-0.016714828088879585
2,0.7131074070930481,0.6959222555160522,-0.03286929801106453
3,0.7347533106803894,0.6764171123504639,-0.0510539747774601
4,0.7242959141731262,0.6593676209449768,-0.06849434226751328
5,0.6875316500663757,0.5828595161437988,-0.02906044013798237
6,0.7151132822036743,0.5069054365158081,-0.04975870996713638
7,0.7358856797218323,0.462786465883255,-0.06285617500543594
8,0.7526874542236328,0.4251309335231781,-0.0717950090765953
9,0.6625645756721497,0.5841202735900879,-0.03876020014286041
10,0.6674262881278992,0.49230682849884033,-0.0651463195681572
11,0.6885295510292053,0.4479438066482544,-0.08095172047615051
12,0.7060174942016602,0.4103984236717224,-0.09006650000810623
13,0.6424670815467834,0.6025359034538269,-0.04945600405335426
14,0.6740001440048218,0.5500768423080444,-0.08381272852420807
15,0.7094919085502625,0.589451789855957,-0.09169775247573853
16,0.727134108543396,0.6247550845146179,-0.0891559049487114
17,0.6304373145103455,0.6343904733657837,-0.06112866476178169
18,0.6640663146972656,0.594348132610321,-0.08757754415273666
19,0.6932675838470459,0.6124492883682251,-0.09065625816583633
20,0.708626389503479,0.6358645558357239,-0.08809926360845566