0,0.7285604476928711,0.5351974964141846,4.161995832419052e-07
1,0.7654443979263306,0.5337022542953491,-0.01800367422401905
2,0.8052298426628113,0.4956892728805542,-0.02803557924926281
3,0.8263599872589111,0.4584822654724121,-0.03900707885622978
4,0.8078886270523071,0.43063631653785706,-0.04903438314795494
5,0.7898286581039429,0.3859846889972687,-0.020447999238967896
6,0.8216537237167358,0.30769625306129456,-0.03513731062412262
7,0.8410518169403076,0.2629060447216034,-0.04580229893326759
8,0.8555773496627808,0.22209617495536804,-0.0542965829372406
9,0.7643692493438721,0.37824633717536926,-0.0266216229647398
10,0.7679768204689026,0.27022355794906616,-0.0461539551615715
11,0.7837938666343689,0.2161726951599121,-0.06145436316728592
12,0.7954655885696411,0.16954399645328522,-0.07169175148010254
13,0.7399710416793823,0.3896588683128357,-0.03369888290762901
14,0.7610151767730713,0.31234028935432434,-0.06404849886894226
15,0.7900232076644897,0.3483862280845642,-0.07248450070619583
16,0.8014482259750366,0.38380110263824463,-0.07111630588769913
17,0.719241201877594,0.41284534335136414,-0.04174629971385002
18,0.751818835735321,0.36312949657440186,-0.06924042850732803
19,0.7769899368286133,0.3846251368522644,-0.07387213408946991
20,0.7869752645492554,0.4112078845500946,-0.07209070026874542