0,0.45550113916397095,0.740507185459137,3.988929506704153e-07
1,0.42220622301101685,0.6726471185684204,-0.0024095093831419945
2,0.42596352100372314,0.602776288986206,-0.008032779209315777
3,0.46280214190483093,0.5676474571228027,-0.013306419365108013
4,0.492521196603775,0.5566831231117249,-0.01854703761637211
5,0.45824435353279114,0.5551522374153137,-0.02612238936126232
6,0.4605060815811157,0.4628327488899231,-0.0374191477894783
7,0.4623030126094818,0.4055860638618469,-0.04302959144115448
8,0.4633731544017792,0.3628910183906555,-0.045608315616846085
9,0.4962535500526428,0.5703843832015991,-0.029606547206640244
10,0.5126523971557617,0.47530025243759155,-0.038266588002443314
11,0.5227206945419312,0.4129205346107483,-0.04315938428044319
12,0.5338001847267151,0.3684074878692627,-0.04565076529979706
13,0.5240416526794434,0.5979912281036377,-0.030735637992620468
14,0.5147114992141724,0.5560447573661804,-0.03566816449165344
15,0.49519309401512146,0.5700848698616028,-0.03119989112019539
16,0.4832686483860016,0.5944369435310364,-0.02546766586601734
17,0.541649580001831,0.6275585293769836,-0.032210297882556915
18,0.5234499573707581,0.5999382138252258,-0.032319098711013794
19,0.5079727172851562,0.6126399040222168,-0.022631773725152016
20,0.5019978880882263,0.6334010362625122,-0.013051376678049564