0,0.4563663601875305,0.8157774209976196,-3.009066418258044e-08
1,0.42149025201797485,0.8159592151641846,-0.02159086801111698
2,0.3786708116531372,0.7829840779304504,-0.03827440366148949
3,0.3619743883609772,0.747338593006134,-0.05494929105043411
4,0.38270190358161926,0.7270030379295349,-0.07187940925359726
5,0.4310145378112793,0.6536993384361267,-0.024152029305696487
6,0.42398980259895325,0.5839976072311401,-0.043358128517866135
7,0.4149678349494934,0.53322833776474,-0.05820358917117119
8,0.4090920388698578,0.49382033944129944,-0.07117918133735657
9,0.46569520235061646,0.646876871585846,-0.027185136452317238
10,0.42929306626319885,0.6141048073768616,-0.05301598832011223
11,0.4065333604812622,0.6472283005714417,-0.06199862062931061
12,0.39768585562705994,0.6816740036010742,-0.06438636034727097
13,0.49556225538253784,0.6630068421363831,-0.03289606049656868
14,0.456255167722702,0.6340978741645813,-0.060242701321840286
15,0.42498645186424255,0.6677457690238953,-0.06085536256432533
16,0.4092804193496704,0.7015781998634338,-0.05641917139291763
17,0.5197976231575012,0.6954152584075928,-0.04053469002246857
18,0.47610726952552795,0.6931147575378418,-0.06630649417638779
19,0.44519346952438354,0.7172986268997192,-0.0706721767783165
20,0.42597439885139465,0.7416063547134399,-0.06875870376825333