0,0.36129525303840637,0.5621252059936523,7.642227046744665e-07
1,0.31369125843048096,0.5545487999916077,-0.02895396016538143
2,0.26627635955810547,0.5044481754302979,-0.05103398859500885
3,0.23022499680519104,0.46379655599594116,-0.07392138242721558
4,0.2501782774925232,0.42866992950439453,-0.09420472383499146
5,0.3075399696826935,0.3649504482746124,-0.030714482069015503
6,0.28239163756370544,0.27662229537963867,-0.057401228696107864
7,0.2671995162963867,0.22095701098442078,-0.07556840032339096
8,0.25708872079849243,0.17292840778827667,-0.0881396010518074
9,0.3452846109867096,0.35728323459625244,-0.034867919981479645
10,0.3323816955089569,0.2620161175727844,-0.06373456120491028
11,0.32613471150398254,0.19521471858024597,-0.08252979069948196
12,0.3209494352340698,0.14084073901176453,-0.09107545018196106
13,0.37971407175064087,0.37723904848098755,-0.041737865656614304
14,0.3265922963619232,0.33060547709465027,-0.0781877413392067
15,0.28906163573265076,0.38267794251441956,-0.08188960701227188
16,0.26963698863983154,0.4247075319290161,-0.07299573719501495
17,0.40077632665634155,0.41897067427635193,-0.05133358761668205
18,0.3464549779891968,0.4000055491924286,-0.08181396126747131
19,0.30600062012672424,0.41994917392730713,-0.08514130860567093
20,0.27948570251464844,0.44122758507728577,-0.07924985885620117