0,0.4607527554035187,0.8530657291412354,6.707870170430397e-07
1,0.5084818005561829,0.8535658121109009,-0.027955666184425354
2,0.5521385669708252,0.828036367893219,-0.045848485082387924
3,0.5514302849769592,0.7963589429855347,-0.06375249475240707
4,0.5209214091300964,0.7830890417098999,-0.080546073615551
5,0.5399327278137207,0.6889485716819763,-0.030807102099061012
6,0.5632697939872742,0.6035834550857544,-0.05595298111438751
7,0.5799278020858765,0.5519794821739197,-0.07186248153448105
8,0.594456136226654,0.5070643424987793,-0.08122462034225464
9,0.4995889365673065,0.6804781556129456,-0.03540337085723877
10,0.48998039960861206,0.5852068066596985,-0.06263500452041626
11,0.48860615491867065,0.5269203782081604,-0.08058937638998032
12,0.48871341347694397,0.4783211350440979,-0.08931192010641098
13,0.4636658728122711,0.7004714608192444,-0.041990600526332855
14,0.47031715512275696,0.6562369465827942,-0.08040259778499603
15,0.4892672002315521,0.7014962434768677,-0.0883023738861084
16,0.4990510046482086,0.7424015998840332,-0.08277627825737
17,0.43467164039611816,0.7407492399215698,-0.05034978687763214
18,0.45375439524650574,0.7346165180206299,-0.08203498274087906
19,0.47696906328201294,0.7713549137115479,-0.08375795930624008
20,0.4896722435951233,0.8023702502250671,-0.07666555792093277