0,0.27268144488334656,0.5424407720565796,5.939187985859462e-07
1,0.31654784083366394,0.5120744705200195,-0.03829451650381088
2,0.33447498083114624,0.449269562959671,-0.05583754554390907
3,0.2931443452835083,0.40356770157814026,-0.07159767299890518
4,0.24782995879650116,0.3794516623020172,-0.0857888013124466
5,0.3252476453781128,0.3233538269996643,-0.031937263906002045
6,0.341512531042099,0.2293344885110855,-0.05766047537326813
7,0.35248255729675293,0.17061546444892883,-0.07499246299266815
8,0.3614652752876282,0.11986596882343292,-0.08557608723640442
9,0.27884507179260254,0.31249454617500305,-0.03156466782093048
10,0.2635270655155182,0.20556534826755524,-0.05959955230355263
11,0.2534927725791931,0.1371365338563919,-0.0781768187880516
12,0.24598358571529388,0.08125120401382446,-0.08767130225896835
13,0.24114762246608734,0.33328133821487427,-0.03515356034040451
14,0.22503526508808136,0.2744694948196411,-0.07429661601781845
15,0.2370641976594925,0.3226052224636078,-0.0828813910484314
16,0.24572838842868805,0.365458220243454,-0.07715670019388199
17,0.20877690613269806,0.37174075841903687,-0.04165690764784813
18,0.19927075505256653,0.32227349281311035,-0.07086623460054398
19,0.21254166960716248,0.3451053500175476,-0.07115966826677322
20,0.22520336508750916,0.3719441890716553,-0.06370077282190323