0,0.20940318703651428,0.8447171449661255,6.775532028768794e-07
1,0.24180807173252106,0.829241156578064,-0.04679473116993904
2,0.24215465784072876,0.787878155708313,-0.0713280662894249
3,0.19156959652900696,0.7771092057228088,-0.09126437455415726
4,0.1425628811120987,0.7714782357215881,-0.10989681631326675
5,0.21338880062103271,0.6680468320846558,-0.04837459698319435
6,0.20723849534988403,0.5827962160110474,-0.07852566242218018
7,0.20258910953998566,0.5298151969909668,-0.09821410477161407
8,0.195649653673172,0.48243242502212524,-0.11099425703287125
9,0.1687352955341339,0.663103461265564,-0.042930882424116135
10,0.14338429272174835,0.5726047158241272,-0.07574965804815292
11,0.11407763510942459,0.5213751792907715,-0.09775032103061676
12,0.08627916872501373,0.47732192277908325,-0.10901664197444916
13,0.13695643842220306,0.687593400478363,-0.04095139726996422
14,0.09337759017944336,0.6448464393615723,-0.08491559326648712
15,0.10185018181800842,0.7017440795898438,-0.0950721874833107
16,0.11525653302669525,0.74510657787323,-0.08985454589128494
17,0.11570826917886734,0.7308157682418823,-0.04177841171622276
18,0.08327927440404892,0.7225645184516907,-0.07986108958721161
19,0.09122315794229507,0.757733166217804,-0.08490191400051117
20,0.10656732320785522,0.7851382493972778,-0.07925781607627869