0,0.337003231048584,0.6650800704956055,5.476418891703361e-07
1,0.3808821737766266,0.6372964978218079,-0.03257107734680176
2,0.403121680021286,0.5858560800552368,-0.05037671700119972
3,0.37105798721313477,0.5451356768608093,-0.06678520143032074
4,0.33283236622810364,0.526690661907196,-0.08206038177013397
5,0.3912718594074249,0.4599233865737915,-0.03176991641521454
6,0.4092487692832947,0.37138181924819946,-0.05653075873851776
7,0.41851744055747986,0.31565338373184204,-0.07459813356399536
8,0.42406773567199707,0.26582908630371094,-0.08610130101442337
9,0.3477264940738678,0.4494003355503082,-0.03262776881456375
10,0.3375166952610016,0.35112714767456055,-0.05785094574093819
11,0.3254895806312561,0.28950536251068115,-0.07505571097135544
12,0.314168244600296,0.23658312857151031,-0.0847204327583313
13,0.31144440174102783,0.468472421169281,-0.035925451666116714
14,0.30329960584640503,0.40378662943840027,-0.07044229656457901
15,0.3136553168296814,0.4498566687107086,-0.07404138892889023
16,0.3190281391143799,0.4929981827735901,-0.06691555678844452
17,0.28079190850257874,0.5061689019203186,-0.04167448729276657
18,0.2783670425415039,0.461847722530365,-0.06923700869083405
19,0.29132360219955444,0.48938557505607605,-0.06595942378044128
20,0.3002376854419708,0.5209031105041504,-0.05611724033951759