0,0.39591696858406067,0.74724942445755,8.410190162067011e-07
1,0.35016313195228577,0.7414859533309937,-0.02817273512482643
2,0.30043795704841614,0.6923622488975525,-0.051710985600948334
3,0.2723928689956665,0.6526154279708862,-0.07585419714450836
4,0.30666735768318176,0.6335541009902954,-0.09780219942331314
5,0.34340718388557434,0.5464760661125183,-0.03600860759615898
6,0.321312814950943,0.4537952244281769,-0.0620543397963047
7,0.3052988052368164,0.38740646839141846,-0.07873930782079697
8,0.29490187764167786,0.3346198499202728,-0.09195537120103836
9,0.38737812638282776,0.5394656658172607,-0.04093455523252487
10,0.39516663551330566,0.45191892981529236,-0.0703955739736557
11,0.39950817823410034,0.3904300332069397,-0.0851481482386589
12,0.4014262855052948,0.3387541174888611,-0.09178341925144196
13,0.4246446490287781,0.5604826807975769,-0.04852426424622536
14,0.38335925340652466,0.5216620564460754,-0.08410294353961945
15,0.35526373982429504,0.5739936828613281,-0.0847257599234581
16,0.343119740486145,0.6125872135162354,-0.0755704790353775
17,0.44850456714630127,0.6036125421524048,-0.058802079409360886
18,0.39587467908859253,0.6018252968788147,-0.08981623500585556
19,0.3608720004558563,0.6339629292488098,-0.09281062334775925
20,0.34009361267089844,0.6588848829269409,-0.08794113248586655