0,0.7022459506988525,0.6950605511665344,7.608193755004322e-07
1,0.6535323858261108,0.663180410861969,-0.02592511661350727
2,0.6190141439437866,0.6013355255126953,-0.047072675079107285
3,0.6430665850639343,0.5593970417976379,-0.06896024942398071
4,0.685810923576355,0.5483541488647461,-0.09099136292934418
5,0.6593563556671143,0.453257292509079,-0.04522322863340378
6,0.6484169363975525,0.35103660821914673,-0.07395250350236893
7,0.6409909725189209,0.2818395495414734,-0.09415629506111145
8,0.6350201964378357,0.22230523824691772,-0.10938537120819092
9,0.7051412463188171,0.45948484539985657,-0.05450212210416794
10,0.7240471839904785,0.34351032972335815,-0.08213610202074051
11,0.7362744212150574,0.26946401596069336,-0.10061013698577881
12,0.7495155930519104,0.20586146414279938,-0.11264640837907791
13,0.7430155873298645,0.49908778071403503,-0.06536249816417694
14,0.7533155679702759,0.44320881366729736,-0.0986335352063179
15,0.7241500616073608,0.48788878321647644,-0.10428334027528763
16,0.7054999470710754,0.5300911664962769,-0.10059314966201782
17,0.7700812816619873,0.5571407675743103,-0.078487828373909
18,0.7725653052330017,0.5171818733215332,-0.10769129544496536
19,0.7475194931030273,0.5349160432815552,-0.10867916792631149
20,0.7284287214279175,0.5582923293113708,-0.10360625386238098