0,0.6437602043151855,0.5013185739517212,4.2006118405879533e-07
1,0.6141541600227356,0.4459361433982849,0.004019816871732473
2,0.608845055103302,0.39148133993148804,0.007872426882386208
3,0.6297382116317749,0.3756873309612274,0.012303806841373444
4,0.6489623785018921,0.38449108600616455,0.01575559563934803
5,0.6684630513191223,0.33287689089775085,-0.009821527637541294
6,0.6738985180854797,0.24879875779151917,-0.0057302662171423435
7,0.6829717755317688,0.20264257490634918,-0.002149620559066534
8,0.6879995465278625,0.16980288922786713,0.00043967197416350245
9,0.7033258676528931,0.3526126742362976,-0.005316757131367922
10,0.7265918254852295,0.2766208350658417,0.0049034771509468555
11,0.7343595027923584,0.23823940753936768,0.012864571996033192
12,0.7380863428115845,0.2167096883058548,0.01796434260904789
13,0.7238603830337524,0.38710999488830566,0.0013516509206965566
14,0.7131803035736084,0.3627397418022156,0.015886090695858
15,0.6940282583236694,0.37369871139526367,0.02007528580725193
16,0.6825796961784363,0.3920355439186096,0.022514434531331062
17,0.7297189235687256,0.4187203645706177,0.008411098271608353
18,0.7168489694595337,0.4037528336048126,0.01869063824415207
19,0.7011147737503052,0.41427046060562134,0.023575033992528915
20,0.6934722065925598,0.43136078119277954,0.027788305655121803