0,0.315927654504776,0.5869097709655762,5.754290555159969e-07
1,0.3606274127960205,0.5592345595359802,-0.03206423297524452
2,0.3808107078075409,0.5013787150382996,-0.04716910049319267
3,0.34955376386642456,0.46144407987594604,-0.06102195754647255
4,0.3108399212360382,0.4394805431365967,-0.07316669821739197
5,0.3606557250022888,0.37749239802360535,-0.02464590221643448
6,0.3740888833999634,0.2880168557167053,-0.04480860382318497
7,0.3799826502799988,0.230864018201828,-0.05943015590310097
8,0.3824973702430725,0.18356603384017944,-0.0692584291100502
9,0.31864649057388306,0.3738967478275299,-0.02523977681994438
10,0.302238792181015,0.2773589789867401,-0.047872334718704224
11,0.29117459058761597,0.21427229046821594,-0.06520400941371918
12,0.28068482875823975,0.1642085164785385,-0.07544464617967606
13,0.2853124737739563,0.39458632469177246,-0.02897379919886589
14,0.2726644277572632,0.32132336497306824,-0.06254050135612488
15,0.2918631434440613,0.35542815923690796,-0.07050672918558121
16,0.30507680773735046,0.39506232738494873,-0.06654516607522964
17,0.25811803340911865,0.4311186671257019,-0.03518582880496979
18,0.25252941250801086,0.3758983314037323,-0.06322828680276871
19,0.26922136545181274,0.3856666386127472,-0.06609596312046051
20,0.2832462787628174,0.40769633650779724,-0.06126442924141884