0,0.6812552809715271,0.8876668214797974,5.404359626481892e-07
1,0.6316914558410645,0.8523087501525879,-0.035873930901288986
2,0.6030066013336182,0.7980601787567139,-0.06168673560023308
3,0.6272340416908264,0.769770085811615,-0.08741004019975662
4,0.6641829609870911,0.757659912109375,-0.11047939956188202
5,0.6414371728897095,0.6437323689460754,-0.04010188579559326
6,0.6347171068191528,0.5405927896499634,-0.0712590366601944
7,0.6321321725845337,0.47844403982162476,-0.09033016860485077
8,0.6308506727218628,0.42395520210266113,-0.10190711170434952
9,0.6866305470466614,0.6518904566764832,-0.045503925532102585
10,0.708262026309967,0.5382970571517944,-0.07549570500850677
11,0.7255697846412659,0.4697893261909485,-0.09208249300718307
12,0.7402923107147217,0.40884721279144287,-0.09976691752672195
13,0.7212711572647095,0.6896058320999146,-0.05490124225616455
14,0.727165699005127,0.6546241641044617,-0.09720637649297714
15,0.70089191198349,0.7145901918411255,-0.10183238983154297
16,0.6799570322036743,0.7590048313140869,-0.09257060289382935
17,0.7465533018112183,0.7448956966400146,-0.0671149268746376
18,0.7468299865722656,0.7272982001304626,-0.09851741790771484
19,0.7208418250083923,0.7630720138549805,-0.09521238505840302
20,0.6969890594482422,0.7925307154655457,-0.08476366847753525