0,0.569832444190979,0.6546186208724976,4.12370468438894e-07
1,0.6135121583938599,0.6443675756454468,-0.014987369999289513
2,0.652624785900116,0.6063265800476074,-0.024590669199824333
3,0.6708280444145203,0.5629594326019287,-0.03646467998623848
4,0.6501918435096741,0.5288255214691162,-0.046941474080085754
5,0.6339446306228638,0.5005185604095459,-0.015304377302527428
6,0.6687034964561462,0.4208400845527649,-0.028978649526834488
7,0.6875457763671875,0.37477704882621765,-0.03844425454735756
8,0.7011398077011108,0.33264997601509094,-0.04616708680987358
9,0.6096192002296448,0.49053454399108887,-0.022748446092009544
10,0.6112233400344849,0.383232057094574,-0.04337025433778763
11,0.6273306608200073,0.3272578716278076,-0.058580927550792694
12,0.6366124153137207,0.28124409914016724,-0.06860217452049255
13,0.5872727036476135,0.5000886917114258,-0.03093533217906952
14,0.6069701910018921,0.41707733273506165,-0.05954734981060028
15,0.6371338367462158,0.45690470933914185,-0.06505610793828964
16,0.6471732258796692,0.4939388036727905,-0.0621618926525116
17,0.5700982213020325,0.5220770835876465,-0.040162887424230576
18,0.6021904349327087,0.46688857674598694,-0.06515033543109894
19,0.6244282722473145,0.4932611286640167,-0.0674268826842308
20,0.628460705280304,0.5254610180854797,-0.06414306908845901