0,0.37179696559906006,0.5599398016929626,4.479200867990585e-07
1,0.4202101230621338,0.5395362973213196,-0.023267032578587532
2,0.4518979787826538,0.4814266264438629,-0.032491087913513184
3,0.44142284989356995,0.42847609519958496,-0.04142092168331146
4,0.40973275899887085,0.396707147359848,-0.04954495653510094
5,0.44243547320365906,0.3602488338947296,-0.01824997551739216
6,0.47296860814094543,0.28339552879333496,-0.0330476313829422
7,0.4914828836917877,0.23207390308380127,-0.04500017687678337
8,0.5049499869346619,0.18853245675563812,-0.05392599105834961
9,0.4035910665988922,0.35093042254447937,-0.020715272054076195
10,0.3989013433456421,0.2544625997543335,-0.036694739013910294
11,0.401297926902771,0.1964995265007019,-0.05032898485660553
12,0.40114957094192505,0.15113113820552826,-0.059960633516311646
13,0.3688890039920807,0.36701521277427673,-0.02524944767355919
14,0.3686542510986328,0.291814386844635,-0.0507596991956234
15,0.3859103322029114,0.32089468836784363,-0.056277211755514145
16,0.391949325799942,0.35600849986076355,-0.05407119169831276
17,0.33696869015693665,0.3988029658794403,-0.031639475375413895
18,0.348876416683197,0.33933478593826294,-0.053627848625183105
19,0.36641156673431396,0.36058276891708374,-0.05308757349848747
20,0.37322673201560974,0.39358335733413696,-0.04798242077231407