0,0.29074928164482117,0.9274117946624756,7.985510706021159e-07
1,0.3308933973312378,0.9267956018447876,-0.039577316492795944
2,0.3541409969329834,0.9044532775878906,-0.064654640853405
3,0.3237021267414093,0.8869034647941589,-0.08586912602186203
4,0.28563928604125977,0.8787316679954529,-0.10680356621742249
5,0.3491952419281006,0.7913423776626587,-0.049279600381851196
6,0.3750774562358856,0.7134295701980591,-0.07948213815689087
7,0.39014098048210144,0.6617036461830139,-0.09797152131795883
8,0.4018169343471527,0.6184855699539185,-0.10845193266868591
9,0.30839964747428894,0.7747752070426941,-0.04579726979136467
10,0.30258655548095703,0.6901730895042419,-0.07328302413225174
11,0.2901095151901245,0.6388386487960815,-0.08786891400814056
12,0.280555784702301,0.5986875891685486,-0.0944831520318985
13,0.2739633619785309,0.7889066338539124,-0.04517372325062752
14,0.2576543688774109,0.7446158528327942,-0.08270968496799469
15,0.2603472173213959,0.7948997020721436,-0.08622752875089645
16,0.2648017108440399,0.8369876146316528,-0.07831976562738419
17,0.24691593647003174,0.8191606998443604,-0.04666273295879364
18,0.23564697802066803,0.8053184151649475,-0.07929099351167679
19,0.24308651685714722,0.841011643409729,-0.07844681292772293
20,0.2524688243865967,0.8702768683433533,-0.06924770772457123