0,0.35122305154800415,0.5321134924888611,6.283520974648127e-07
1,0.395459920167923,0.5135816931724548,-0.03262139856815338
2,0.4190276861190796,0.4568261504173279,-0.04656623676419258
3,0.3905907869338989,0.4125351905822754,-0.05904495343565941
4,0.35099828243255615,0.39197614789009094,-0.07018926739692688
5,0.40045803785324097,0.33720487356185913,-0.02604752779006958
6,0.414572536945343,0.24680227041244507,-0.04587647318840027
7,0.42084261775016785,0.18914221227169037,-0.06007888540625572
8,0.4235132336616516,0.14153671264648438,-0.0696772038936615
9,0.3580963909626007,0.33048123121261597,-0.02582646533846855
10,0.34291872382164,0.23431414365768433,-0.04795284941792488
11,0.33269333839416504,0.1720135658979416,-0.06427796930074692
12,0.3234705924987793,0.12249898910522461,-0.07390567660331726
13,0.3241591453552246,0.3471080958843231,-0.02878391556441784
14,0.31166091561317444,0.2726719081401825,-0.06066188961267471
15,0.32625851035118103,0.3066418170928955,-0.06655804067850113
16,0.33577674627304077,0.34662899374961853,-0.061680059880018234
17,0.2954823076725006,0.38044464588165283,-0.03448250889778137
18,0.2915104329586029,0.3222895562648773,-0.06147546321153641
19,0.30728214979171753,0.3334446847438812,-0.06297402083873749
20,0.31978312134742737,0.35962235927581787,-0.05727483332157135