0,0.6334162950515747,0.9369393587112427,7.768906584715296e-07
1,0.6769421100616455,0.9273965358734131,-0.023995796218514442
2,0.7199043035507202,0.875805139541626,-0.04316176846623421
3,0.7429007291793823,0.8284250497817993,-0.06367670744657516
4,0.7119377851486206,0.794840931892395,-0.08275090903043747
5,0.6877982020378113,0.7268228530883789,-0.04063614457845688
6,0.7323137521743774,0.6197382807731628,-0.06904342025518417
7,0.7597050666809082,0.5588586926460266,-0.08698116987943649
8,0.7773371934890747,0.5034298896789551,-0.09921199083328247
9,0.6530685424804688,0.7238315343856812,-0.05196530371904373
10,0.6564509272575378,0.581856906414032,-0.09012793749570847
11,0.677052915096283,0.5025479793548584,-0.11754635721445084
12,0.6889145374298096,0.43270501494407654,-0.13377107679843903
13,0.6224910020828247,0.7492349743843079,-0.06301362067461014
14,0.6459242701530457,0.653915286064148,-0.11259886622428894
15,0.6877489686012268,0.7040797472000122,-0.12300986051559448
16,0.7059329748153687,0.7504972815513611,-0.11749890446662903
17,0.6009714007377625,0.7928879261016846,-0.07464216649532318
18,0.6402753591537476,0.7279938459396362,-0.11365021020174026
19,0.6778874397277832,0.7627013921737671,-0.11443275213241577
20,0.6926559805870056,0.8044540286064148,-0.10629191994667053