0,0.48688405752182007,0.5899800658226013,3.730039850324829e-07
1,0.4542597234249115,0.5204905271530151,0.001117224688641727
2,0.4614143967628479,0.4548781216144562,-0.0020636010449379683
3,0.49655064940452576,0.42590001225471497,-0.005962966941297054
4,0.5211827158927917,0.41149207949638367,-0.01020949985831976
5,0.49231934547424316,0.4031892716884613,-0.01831180229783058
6,0.49325209856033325,0.31627267599105835,-0.02504047192633152
7,0.49444571137428284,0.2620276212692261,-0.028964046388864517
8,0.4954913556575775,0.22203490138053894,-0.031271595507860184
9,0.5311586260795593,0.41714543104171753,-0.02363976649940014
10,0.5409868955612183,0.32982468605041504,-0.026531485840678215
11,0.5458068251609802,0.2774168848991394,-0.028531832620501518
12,0.5533744096755981,0.24367688596248627,-0.03005969151854515
13,0.5588624477386475,0.44663161039352417,-0.02684886008501053
14,0.5530973672866821,0.4072229862213135,-0.026111843064427376
15,0.5317686200141907,0.4244307279586792,-0.020070519298315048
16,0.5196213722229004,0.4498453736305237,-0.015358718112111092
17,0.5760698318481445,0.4799369275569916,-0.030347973108291626
18,0.5603547692298889,0.4542837142944336,-0.028292231261730194
19,0.5439730882644653,0.4677099585533142,-0.01842563971877098
20,0.5377262234687805,0.4877967834472656,-0.00974888913333416