0,0.1687982678413391,0.6401246786117554,4.7147378268164175e-07
1,0.21862384676933289,0.5972346067428589,-0.027378125116229057
2,0.24040454626083374,0.5236406922340393,-0.03815201297402382
3,0.20329231023788452,0.46900132298469543,-0.0489388145506382
4,0.15714702010154724,0.45165181159973145,-0.05873207002878189
5,0.2193775773048401,0.4172559082508087,-0.01789882592856884
6,0.24020834267139435,0.32676827907562256,-0.03364862501621246
7,0.25153082609176636,0.2729632258415222,-0.04530920460820198
8,0.25965023040771484,0.2246200442314148,-0.05382483825087547
9,0.17547710239887238,0.40993863344192505,-0.01953982748091221
10,0.16064950823783875,0.30962955951690674,-0.03848995268344879
11,0.15347926318645477,0.24778884649276733,-0.05289708822965622
12,0.14491026103496552,0.19788022339344025,-0.06185649707913399
13,0.1394685059785843,0.43014371395111084,-0.023731067776679993
14,0.12783358991146088,0.36031028628349304,-0.05523914471268654
15,0.14784042537212372,0.40904688835144043,-0.06035592406988144
16,0.15626361966133118,0.4574739336967468,-0.054665952920913696
17,0.10708598047494888,0.4677690863609314,-0.029882369562983513
18,0.1020217016339302,0.40842241048812866,-0.055403947830200195
19,0.12114323675632477,0.4359873831272125,-0.053569644689559937
20,0.13222911953926086,0.47415390610694885,-0.04575517773628235