0,0.3232358992099762,0.7347626090049744,5.346930720406817e-07
1,0.3664005398750305,0.6970210075378418,-0.023574771359562874
2,0.3893131613731384,0.6327288150787354,-0.03475607931613922
3,0.37844693660736084,0.5811263918876648,-0.04712440073490143
4,0.343230664730072,0.564079761505127,-0.05800093337893486
5,0.3628624677658081,0.5139871835708618,-0.012415586039423943
6,0.3868582546710968,0.4282293915748596,-0.03452737256884575
7,0.4002213180065155,0.3767487108707428,-0.05265653505921364
8,0.40807926654815674,0.3292064666748047,-0.0653756782412529
9,0.3255312740802765,0.5100463628768921,-0.01772919110953808
10,0.31021401286125183,0.4097954332828522,-0.04313400015234947
11,0.3037380576133728,0.349618136882782,-0.061221085488796234
12,0.29646602272987366,0.2994011640548706,-0.07213003933429718
13,0.2926056981086731,0.533831775188446,-0.026068909093737602
14,0.29326072335243225,0.4576893448829651,-0.06392935663461685
15,0.31649714708328247,0.5138902068138123,-0.06481476873159409
16,0.3260868489742279,0.5621716976165771,-0.05478556826710701
17,0.26479214429855347,0.5729658603668213,-0.036345671862363815
18,0.27200114727020264,0.5110150575637817,-0.06825432181358337
19,0.29488974809646606,0.5423205494880676,-0.06430049240589142
20,0.3065507411956787,0.5779538750648499,-0.05370239168405533