0,0.5064136385917664,0.856214165687561,5.370532676352013e-07
1,0.5423824191093445,0.8572911620140076,-0.020915096625685692
2,0.5792097449302673,0.8282769918441772,-0.0332268625497818
3,0.5964113473892212,0.7985966801643372,-0.046275824308395386
4,0.5760828852653503,0.7770932912826538,-0.057850055396556854
5,0.574708878993988,0.7095779776573181,-0.02205880917608738
6,0.6122451424598694,0.6434245109558105,-0.04089789837598801
7,0.6375177502632141,0.6006951332092285,-0.05440916493535042
8,0.6560426950454712,0.5634132623672485,-0.06413737684488297
9,0.5469605922698975,0.6997697949409485,-0.028185315430164337
10,0.5522534847259521,0.6068043112754822,-0.0511682890355587
11,0.567499041557312,0.5538167953491211,-0.0679943859577179
12,0.5794633030891418,0.5085094571113586,-0.07814353704452515
13,0.5190017223358154,0.7115795016288757,-0.035935450345277786
14,0.5367621183395386,0.6622846722602844,-0.06900037080049515
15,0.5600473284721375,0.7024592161178589,-0.07800132781267166
16,0.5699109435081482,0.7372785806655884,-0.07615675032138824
17,0.4946768581867218,0.7393311262130737,-0.045133255422115326
18,0.5231524109840393,0.7179511785507202,-0.07373635470867157
19,0.5443888306617737,0.7473629713058472,-0.07811985164880753
20,0.5530997514724731,0.7758435010910034,-0.07544001936912537