0,0.3892332911491394,0.708720326423645,8.952977168519283e-07
1,0.3423079252243042,0.696967601776123,-0.026474641636013985
2,0.2936708629131317,0.6540718674659729,-0.05122378468513489
3,0.26012709736824036,0.6183437705039978,-0.07661264389753342
4,0.2779439687728882,0.5887666940689087,-0.0999169871211052
5,0.34182605147361755,0.5141627192497253,-0.041733551770448685
6,0.3163766860961914,0.41921335458755493,-0.07014516741037369
7,0.2975093722343445,0.35728710889816284,-0.08566323667764664
8,0.2860257625579834,0.30670225620269775,-0.09700219333171844
9,0.38097602128982544,0.5057634115219116,-0.04925684630870819
10,0.37128958106040955,0.39447852969169617,-0.08467236906290054
11,0.3636488616466522,0.3184624910354614,-0.10570400208234787
12,0.3581652343273163,0.25718769431114197,-0.11576060205698013
13,0.4122258722782135,0.5245755314826965,-0.05819210782647133
14,0.35118165612220764,0.485874742269516,-0.10063197463750839
15,0.3147200345993042,0.5408620834350586,-0.10670340061187744
16,0.29356834292411804,0.5864168405532837,-0.09941800683736801
17,0.428260862827301,0.5644848942756653,-0.06884636729955673
18,0.3637574315071106,0.56683349609375,-0.10354281216859818
19,0.32924729585647583,0.5952951908111572,-0.10922396183013916
20,0.3051284849643707,0.6177055835723877,-0.1056593582034111