0,0.3808433711528778,0.6157447099685669,6.590931889149942e-07
1,0.4241181015968323,0.6002588272094727,-0.023414509370923042
2,0.45264995098114014,0.5450701117515564,-0.033660151064395905
3,0.43836790323257446,0.4981269836425781,-0.04395804926753044
4,0.40510833263397217,0.47427624464035034,-0.05374310910701752
5,0.430412232875824,0.43124663829803467,-0.01994340866804123
6,0.4550531804561615,0.3551233410835266,-0.03825703635811806
7,0.4725121557712555,0.30243659019470215,-0.05155691131949425
8,0.4847739040851593,0.26070237159729004,-0.06001398339867592
9,0.3928346633911133,0.42636945843696594,-0.023843444883823395
10,0.3821847140789032,0.3293675184249878,-0.044014327228069305
11,0.38441431522369385,0.26711398363113403,-0.05992491915822029
12,0.38369256258010864,0.2197917103767395,-0.0690348818898201
13,0.3598944842815399,0.4456084072589874,-0.029774192720651627
14,0.3542141616344452,0.3787184953689575,-0.06333792209625244
15,0.3832739293575287,0.4084281921386719,-0.07335714995861053
16,0.3998448848724365,0.4437870979309082,-0.07105124741792679
17,0.3307408094406128,0.4821171760559082,-0.03673490136861801
18,0.3429373800754547,0.43252965807914734,-0.0661267340183258
19,0.37067973613739014,0.4563167989253998,-0.0681232213973999
20,0.3865453898906708,0.4899995028972626,-0.0624612420797348