0,0.5970631837844849,0.7990062236785889,4.370156432287331e-07
1,0.6331791877746582,0.7908809781074524,-0.01854107715189457
2,0.6662537455558777,0.7571454048156738,-0.03348860889673233
3,0.6849546432495117,0.7323799729347229,-0.05053894966840744
4,0.6667696237564087,0.7206190824508667,-0.06692727655172348
5,0.642732560634613,0.6422582268714905,-0.026276716962456703
6,0.6631699800491333,0.5661906599998474,-0.04755891487002373
7,0.6762387156486511,0.5171023011207581,-0.06241266429424286
8,0.6859840750694275,0.47386205196380615,-0.07304944843053818
9,0.6135485768318176,0.6434574127197266,-0.03565671667456627
10,0.6100810170173645,0.5592669248580933,-0.062471095472574234
11,0.6207259893417358,0.5101392269134521,-0.08007321506738663
12,0.6295406222343445,0.4668233394622803,-0.090310238301754
13,0.5884767770767212,0.6630663871765137,-0.046293433755636215
14,0.6121154427528381,0.6160326600074768,-0.08290638774633408
15,0.6421993970870972,0.6578569412231445,-0.09130240976810455
16,0.6568312048912048,0.694042980670929,-0.08821270614862442
17,0.5714810490608215,0.6974455118179321,-0.0581437386572361
18,0.6032577157020569,0.666613757610321,-0.0876268818974495
19,0.6311735510826111,0.6921018362045288,-0.09108403325080872
20,0.6464585661888123,0.7197186350822449,-0.08767830580472946