0,0.46542292833328247,0.9172380566596985,5.763535000369302e-07
1,0.5095771551132202,0.9226973056793213,-0.028293857350945473
2,0.5451210737228394,0.9112896919250488,-0.047248758375644684
3,0.5503384470939636,0.8957415223121643,-0.06658758968114853
4,0.5283172130584717,0.8818837404251099,-0.0845872312784195
5,0.5426551103591919,0.7854956388473511,-0.03202705830335617
6,0.5703388452529907,0.7120857238769531,-0.056737106293439865
7,0.5902583003044128,0.6701366901397705,-0.07072511315345764
8,0.6058919429779053,0.6328092813491821,-0.07872922718524933
9,0.5061883926391602,0.7742441296577454,-0.03564055263996124
10,0.503290593624115,0.6962777376174927,-0.06458508223295212
11,0.5070756673812866,0.6513218879699707,-0.07962394505739212
12,0.5097123384475708,0.6141923069953918,-0.08542928844690323
13,0.47233879566192627,0.787765622138977,-0.04190977290272713
14,0.48377883434295654,0.7723932862281799,-0.07916531711816788
15,0.49308839440345764,0.8223915100097656,-0.08535493910312653
16,0.4972277879714966,0.8566203117370605,-0.07877712696790695
17,0.4457557201385498,0.818517804145813,-0.05045386403799057
18,0.46196091175079346,0.8322420120239258,-0.07878712564706802
19,0.4753915071487427,0.8687317371368408,-0.08115493506193161
20,0.4839726388454437,0.8917722702026367,-0.07562612742185593