0,0.5005362629890442,0.5844494104385376,5.705837793357205e-07
1,0.541984498500824,0.5652375817298889,-0.02537740394473076
2,0.5761797428131104,0.5160304307937622,-0.03858739510178566
3,0.571849524974823,0.466519296169281,-0.0520814023911953
4,0.5424817800521851,0.43141743540763855,-0.06422274559736252
5,0.5551890134811401,0.3923434913158417,-0.023057149723172188
6,0.5823898315429688,0.30460265278816223,-0.04055723547935486
7,0.5986445546150208,0.2508285641670227,-0.05261542275547981
8,0.6115420460700989,0.20408892631530762,-0.0610533244907856
9,0.5195557475090027,0.38609033823013306,-0.027168676257133484
10,0.5091040134429932,0.2758731245994568,-0.047133032232522964
11,0.5114082098007202,0.21326696872711182,-0.06167025491595268
12,0.5115783214569092,0.16365599632263184,-0.07058607041835785
13,0.4892236590385437,0.40533140301704407,-0.033395472913980484
14,0.4898678958415985,0.3227628469467163,-0.06616463512182236
15,0.5152919888496399,0.36377203464508057,-0.07321278750896454
16,0.5277493596076965,0.4063890278339386,-0.06917833536863327
17,0.4638969600200653,0.44111958146095276,-0.041304830461740494
18,0.47880029678344727,0.38541078567504883,-0.07104456424713135
19,0.5021007061004639,0.4128287136554718,-0.07371151447296143
20,0.5130860805511475,0.44843336939811707,-0.06857232749462128