0,0.555321455001831,0.6741212606430054,5.391128183873661e-07
1,0.595721423625946,0.6763471961021423,-0.02828628197312355
2,0.6372789144515991,0.6406635046005249,-0.04345867410302162
3,0.6479173898696899,0.5989384055137634,-0.05827752500772476
4,0.624699592590332,0.5651427507400513,-0.07164060324430466
5,0.6250116229057312,0.5121874213218689,-0.02704337053000927
6,0.6550737023353577,0.435342937707901,-0.04732486233115196
7,0.6744846701622009,0.38784804940223694,-0.06209974363446236
8,0.6909574866294861,0.345448762178421,-0.07224481552839279
9,0.5944643020629883,0.501153290271759,-0.030267229303717613
10,0.5971555709838867,0.3999038338661194,-0.05369899794459343
11,0.6065752506256104,0.3396044373512268,-0.07127632945775986
12,0.6146202087402344,0.2876512408256531,-0.08181989938020706
13,0.5649302005767822,0.5124505162239075,-0.03564363345503807
14,0.5829195976257324,0.44797220826148987,-0.0711096003651619
15,0.6024824976921082,0.49565672874450684,-0.0785609558224678
16,0.6092902421951294,0.5396822690963745,-0.07418527454137802
17,0.5383062362670898,0.5389377474784851,-0.043058983981609344
18,0.5656225681304932,0.4941626191139221,-0.0733945444226265
19,0.5838987231254578,0.52471923828125,-0.0757480338215828
20,0.5891223549842834,0.5607850551605225,-0.07046592235565186