0,0.21950258314609528,0.5940080881118774,6.231571205717046e-07
1,0.26015767455101013,0.561915397644043,-0.035887543112039566
2,0.27156707644462585,0.498556911945343,-0.05185496807098389
3,0.23166140913963318,0.4591640830039978,-0.06480006128549576
4,0.18678727746009827,0.44129765033721924,-0.07586252689361572
5,0.24930691719055176,0.38785746693611145,-0.02831760235130787
6,0.2589688003063202,0.29967543482780457,-0.051104333251714706
7,0.26357993483543396,0.24242301285266876,-0.06655922532081604
8,0.2646046280860901,0.19453929364681244,-0.07578448951244354
9,0.2071879357099533,0.3840852379798889,-0.026045845821499825
10,0.18393853306770325,0.28878092765808105,-0.049805715680122375
11,0.16865713894367218,0.22895334661006927,-0.0647522434592247
12,0.15411782264709473,0.18050606548786163,-0.07111939787864685
13,0.17485132813453674,0.4072227478027344,-0.027184532955288887
14,0.15962758660316467,0.35744696855545044,-0.06208739057183266
15,0.18069155514240265,0.4006061255931854,-0.06690389662981033
16,0.19321133196353912,0.4375556707382202,-0.05900799483060837
17,0.15105770528316498,0.4459562301635742,-0.030870823189616203
18,0.15104800462722778,0.4147774875164032,-0.0591919980943203
19,0.1708877831697464,0.4432891309261322,-0.057835835963487625
20,0.18289022147655487,0.4703300893306732,-0.04848765954375267