0,0.42003870010375977,0.6806981563568115,3.6971326267121185e-07
1,0.3818601071834564,0.6188323497772217,-0.000955273280851543
2,0.3836599886417389,0.5528216361999512,-0.006973885465413332
3,0.41504475474357605,0.5148496031761169,-0.013130336068570614
4,0.44278281927108765,0.5009742379188538,-0.01953982189297676
5,0.4093947410583496,0.5082396268844604,-0.027079248800873756
6,0.4121573269367218,0.41344505548477173,-0.041858259588479996
7,0.4145195186138153,0.3543115556240082,-0.0491221584379673
8,0.41513073444366455,0.3115878701210022,-0.051935676485300064
9,0.44884592294692993,0.5191932320594788,-0.031835686415433884
10,0.4706066846847534,0.424103707075119,-0.043121203780174255
11,0.4832961857318878,0.36323651671409607,-0.04782574623823166
12,0.4949040114879608,0.3198961019515991,-0.048978663980960846
13,0.4800102710723877,0.5411026477813721,-0.03435111790895462
14,0.48607397079467773,0.4856863021850586,-0.04261693358421326
15,0.4706995487213135,0.49724534153938293,-0.03781876713037491
16,0.45953184366226196,0.5205747485160828,-0.030029550194740295
17,0.5018951296806335,0.5667604804039001,-0.03674519434571266
18,0.49815863370895386,0.5221712589263916,-0.03909914195537567
19,0.485408216714859,0.5306478142738342,-0.02903180941939354
20,0.4784712791442871,0.5503793358802795,-0.017601914703845978