0,0.5874301195144653,0.6624517440795898,4.2766046703945904e-07
1,0.6238018274307251,0.6546440124511719,-0.02292306162416935
2,0.6657124161720276,0.6162728071212769,-0.03553390130400658
3,0.6772056818008423,0.5753761529922485,-0.0469411164522171
4,0.6520665287971497,0.5526212453842163,-0.05821255221962929
5,0.6337286829948425,0.5181062817573547,-0.022368796169757843
6,0.6461482048034668,0.4547475576400757,-0.04226958006620407
7,0.6612141132354736,0.41454070806503296,-0.05805645510554314
8,0.6754030585289001,0.3868999481201172,-0.06810954958200455
9,0.6075918674468994,0.513913094997406,-0.023747742176055908
10,0.6098339557647705,0.44139495491981506,-0.042614586651325226
11,0.626025915145874,0.406734436750412,-0.05738374963402748
12,0.6402581334114075,0.38231468200683594,-0.06709346175193787
13,0.5827587842941284,0.5241006016731262,-0.027419965714216232
14,0.5925614833831787,0.4623919725418091,-0.05162849649786949
15,0.6201425194740295,0.4759703278541565,-0.06095091253519058
16,0.6373192667961121,0.5005958676338196,-0.06335428357124329
17,0.5585911273956299,0.546739399433136,-0.03286762163043022
18,0.5795386433601379,0.5086924433708191,-0.05578521266579628
19,0.6037607192993164,0.5247951745986938,-0.06186874955892563
20,0.617798388004303,0.5505138039588928,-0.06278622150421143