0,0.7291010022163391,0.6247016191482544,3.7155530208110576e-07
1,0.7696612477302551,0.6129046678543091,0.00022199978411663324
2,0.807404637336731,0.5768552422523499,-0.005949995946139097
3,0.8351147770881653,0.5517672896385193,-0.01734493114054203
4,0.827594518661499,0.5278611779212952,-0.026151705533266068
5,0.7813526391983032,0.4623405635356903,-0.0038430660497397184
6,0.8135765194892883,0.3885076642036438,-0.01810361072421074
7,0.8313407301902771,0.3461490571498871,-0.026384815573692322
8,0.8432072401046753,0.3101976215839386,-0.032568350434303284
9,0.759309709072113,0.4596899151802063,-0.020111601799726486
10,0.7725932002067566,0.361672580242157,-0.05014291778206825
11,0.7913895845413208,0.30864039063453674,-0.0674421414732933
12,0.8048552870750427,0.2688009738922119,-0.07568101584911346
13,0.7425104975700378,0.4759775400161743,-0.03580620139837265
14,0.7943273186683655,0.4199945628643036,-0.06820997595787048
15,0.8210467100143433,0.4632895588874817,-0.06697234511375427
16,0.8283932209014893,0.49597659707069397,-0.05680565536022186
17,0.7373918294906616,0.5101602673530579,-0.0514630563557148
18,0.7900406718254089,0.468085378408432,-0.072113998234272
19,0.8107477426528931,0.49942225217819214,-0.06612236797809601
20,0.8139289021492004,0.5289999842643738,-0.056072648614645004