0,0.3410065770149231,0.68928462266922,4.6530996655747003e-07
1,0.38209378719329834,0.6581543684005737,-0.026810359209775925
2,0.40323132276535034,0.6000908017158508,-0.04030711576342583
3,0.3748285174369812,0.5588327646255493,-0.05379229038953781
4,0.33644309639930725,0.5453810691833496,-0.06619881838560104
5,0.3770979642868042,0.4780367910861969,-0.021151967346668243
6,0.38616564869880676,0.3924543559551239,-0.04114919155836105
7,0.39355602860450745,0.34066256880760193,-0.05591834709048271
8,0.39876115322113037,0.2962610125541687,-0.06534583866596222
9,0.3375767767429352,0.4770554006099701,-0.023210560902953148
10,0.32096341252326965,0.38552364706993103,-0.04420432448387146
11,0.3101843297481537,0.32825344800949097,-0.05922537297010422
12,0.30002927780151367,0.28287479281425476,-0.06800653040409088
13,0.3055143654346466,0.5002772212028503,-0.027904974296689034
14,0.293266236782074,0.43677815794944763,-0.05886877700686455
15,0.3114030361175537,0.477368026971817,-0.0630546510219574
16,0.3224518597126007,0.5190185904502869,-0.057017017155885696
17,0.2784676253795624,0.5396257042884827,-0.03467728942632675
18,0.27471083402633667,0.49002158641815186,-0.05956457182765007
19,0.29370397329330444,0.5118293762207031,-0.05741309002041817
20,0.30692586302757263,0.54139244556427,-0.04914446920156479