0,0.32413291931152344,0.9321137070655823,1.0102561418534606e-06
1,0.2855726182460785,0.9227849841117859,-0.02785145677626133
2,0.241832435131073,0.8920412063598633,-0.05427129566669464
3,0.2061425894498825,0.8702995777130127,-0.08091814815998077
4,0.21631069481372833,0.8536047339439392,-0.10722770541906357
5,0.2693697214126587,0.7499099969863892,-0.04946179687976837
6,0.2442382276058197,0.6565297842025757,-0.0770433098077774
7,0.22264540195465088,0.5948326587677002,-0.09246302396059036
8,0.2081625759601593,0.5436369180679321,-0.10339803993701935
9,0.31060951948165894,0.7421563267707825,-0.056626398116350174
10,0.3008517026901245,0.6375619769096375,-0.08784249424934387
11,0.2908267378807068,0.5685799717903137,-0.10512031614780426
12,0.28111496567726135,0.513087809085846,-0.11308358609676361
13,0.34676027297973633,0.7632530927658081,-0.06461396813392639
14,0.2901422381401062,0.748524010181427,-0.1016131043434143
15,0.2569170594215393,0.802788257598877,-0.10430511087179184
16,0.23837894201278687,0.8423381447792053,-0.0964139923453331
17,0.36846140027046204,0.8077895045280457,-0.07460242509841919
18,0.3143627643585205,0.811431884765625,-0.1030801311135292
19,0.2835228145122528,0.8463616371154785,-0.10200395435094833
20,0.264008492231369,0.8766611218452454,-0.09476733952760696