0,0.7059571743011475,0.8114426136016846,3.998502791091596e-07
1,0.748633861541748,0.812494695186615,-0.011724640615284443
2,0.7854596972465515,0.7933669090270996,-0.023991866037249565
3,0.8119592070579529,0.7838042378425598,-0.038789745420217514
4,0.8129394054412842,0.768728494644165,-0.051756855100393295
5,0.7742622494697571,0.6827399134635925,-0.022183645516633987
6,0.8113940358161926,0.6229131817817688,-0.04031146317720413
7,0.8345590233802795,0.5817309021949768,-0.05172591283917427
8,0.8525089621543884,0.5454861521720886,-0.060020122677087784
9,0.7514327764511108,0.6784853935241699,-0.032713793218135834
10,0.7716922760009766,0.6048519611358643,-0.06006607413291931
11,0.7941392064094543,0.5636282563209534,-0.07579254359006882
12,0.8118487000465393,0.531132698059082,-0.08407262712717056
13,0.7328559160232544,0.6946448683738708,-0.043545857071876526
14,0.7815524339675903,0.669547975063324,-0.07756485790014267
15,0.8048601150512695,0.7144185304641724,-0.083651602268219
16,0.8119272589683533,0.7492254376411438,-0.07950548082590103
17,0.7228173613548279,0.7280935645103455,-0.05501968786120415
18,0.7703616619110107,0.7173997759819031,-0.081319160759449
19,0.7909359931945801,0.7485739588737488,-0.08343037962913513
20,0.7970213890075684,0.7746149301528931,-0.07946567237377167