0,0.45727410912513733,0.7639414072036743,4.66268460286301e-07
1,0.4116568863391876,0.7399904727935791,-0.02681216411292553
2,0.37094902992248535,0.6851668357849121,-0.04990125074982643
3,0.3705178201198578,0.6336745619773865,-0.07453474402427673
4,0.41606029868125916,0.6259490251541138,-0.09534779191017151
5,0.4280965030193329,0.5625565648078918,-0.026671985164284706
6,0.4228897988796234,0.4974241852760315,-0.059953078627586365
7,0.42295098304748535,0.5222231149673462,-0.08261141926050186
8,0.4242052733898163,0.5460556745529175,-0.0949733778834343
9,0.46871504187583923,0.56203293800354,-0.03368338197469711
10,0.4853381812572479,0.4641862213611603,-0.06127596274018288
11,0.4881497621536255,0.405928373336792,-0.07911751419305801
12,0.4921831488609314,0.34973061084747314,-0.08941929042339325
13,0.5041815042495728,0.5885197520256042,-0.04510080814361572
14,0.48876768350601196,0.5216625928878784,-0.08063086867332458
15,0.4597775340080261,0.5715436935424805,-0.0857672244310379
16,0.4434799253940582,0.6125924587249756,-0.08036505430936813
17,0.5353937745094299,0.6319689750671387,-0.058803390711545944
18,0.5079265832901001,0.6021525859832764,-0.08518318086862564
19,0.4729049503803253,0.6358344554901123,-0.08471564948558807
20,0.449402391910553,0.6657785177230835,-0.07873867452144623