0,0.5715552568435669,0.7317679524421692,5.797948574581824e-07
1,0.6088531017303467,0.7287790179252625,-0.02165200002491474
2,0.6443876624107361,0.694750189781189,-0.036029767245054245
3,0.6595646142959595,0.6645419001579285,-0.05171200633049011
4,0.6362692713737488,0.6501737833023071,-0.06726646423339844
5,0.6199463605880737,0.5784879922866821,-0.022803079336881638
6,0.6384094953536987,0.5073338150978088,-0.04472079128026962
7,0.6524590849876404,0.46096330881118774,-0.06070917844772339
8,0.664233922958374,0.42194151878356934,-0.07099935412406921
9,0.5916118621826172,0.5760447978973389,-0.0295318141579628
10,0.5898718237876892,0.49005451798439026,-0.052397340536117554
11,0.6011353731155396,0.438693642616272,-0.06888008117675781
12,0.6110910773277283,0.3943942189216614,-0.07877814769744873
13,0.5659186840057373,0.5926454663276672,-0.038516294211149216
14,0.5754476189613342,0.5376216173171997,-0.07198618352413177
15,0.6018107533454895,0.5744372010231018,-0.08022681623697281
16,0.6163131594657898,0.6107865571975708,-0.07709211856126785
17,0.545127809047699,0.6257622241973877,-0.04907922446727753
18,0.5627468824386597,0.5835620760917664,-0.07643470913171768
19,0.5900379419326782,0.6025977730751038,-0.07956267148256302
20,0.6073136329650879,0.6299595832824707,-0.07593134790658951