0,0.3865065574645996,0.6909893751144409,5.771914857177762e-07
1,0.43236756324768066,0.6861758232116699,-0.029704222455620766
2,0.4673333764076233,0.6413347721099854,-0.04328170791268349
3,0.45447367429733276,0.5977044701576233,-0.05654412508010864
4,0.41997939348220825,0.5756679773330688,-0.06890061497688293
5,0.45937711000442505,0.501358151435852,-0.022508053109049797
6,0.4830588102340698,0.4192084074020386,-0.04103616252541542
7,0.4967500567436218,0.365753710269928,-0.05503854155540466
8,0.5073272585868835,0.3185496926307678,-0.0645703375339508
9,0.4194253981113434,0.492868572473526,-0.023772090673446655
10,0.4154722988605499,0.39460477232933044,-0.045236971229314804
11,0.41668593883514404,0.33190590143203735,-0.06133325770497322
12,0.4174252152442932,0.28098833560943604,-0.07055505365133286
13,0.3832264244556427,0.509668231010437,-0.027608726173639297
14,0.38636112213134766,0.44240573048591614,-0.06094950810074806
15,0.39761558175086975,0.4906654357910156,-0.06521862000226974
16,0.3997505307197571,0.5359007120132446,-0.05797819420695305
17,0.3507823646068573,0.543502688407898,-0.033651456236839294
18,0.36116570234298706,0.4892883896827698,-0.060682617127895355
19,0.37308377027511597,0.5205813050270081,-0.05793743208050728
20,0.37563207745552063,0.5570622682571411,-0.04851548746228218