0,0.4172177016735077,0.6406999826431274,3.6390682112141803e-07
1,0.3910658061504364,0.5820500254631042,0.0037829207722097635
2,0.3939989507198334,0.5256730318069458,0.0002369700523559004
3,0.4180218279361725,0.4891812205314636,-0.005575994495302439
4,0.4373019337654114,0.4709818363189697,-0.010982980020344257
5,0.4175458550453186,0.46642550826072693,-0.012817679904401302
6,0.4227754771709442,0.3814925253391266,-0.02377118356525898
7,0.42688319087028503,0.32947343587875366,-0.027831552550196648
8,0.42884260416030884,0.29201585054397583,-0.02853516675531864
9,0.44973862171173096,0.47556525468826294,-0.020328976213932037
10,0.47409331798553467,0.39461034536361694,-0.02868661843240261
11,0.4883737862110138,0.345500648021698,-0.032727766782045364
12,0.5003506541252136,0.3132147192955017,-0.033271096646785736
13,0.47647857666015625,0.5003906488418579,-0.026115188375115395
14,0.4853138327598572,0.47630029916763306,-0.029785534366965294
15,0.4737088680267334,0.49552229046821594,-0.025080589577555656
16,0.4639873504638672,0.5161587595939636,-0.018829762935638428
17,0.49815788865089417,0.5328068733215332,-0.032115641981363297
18,0.4993264377117157,0.5241986513137817,-0.029120581224560738
19,0.4891906678676605,0.5391665697097778,-0.01932493783533573
20,0.48175740242004395,0.5550197958946228,-0.00952948722988367