0,0.327609121799469,0.7689400911331177,4.716512762570346e-07
1,0.37305372953414917,0.7444377541542053,-0.03380248695611954
2,0.40180066227912903,0.6932452321052551,-0.0516602024435997
3,0.38094815611839294,0.660511314868927,-0.06947780400514603
4,0.3428424000740051,0.6444695591926575,-0.08630397915840149
5,0.3727898895740509,0.5563663840293884,-0.02717801183462143
6,0.3837396502494812,0.46766892075538635,-0.051947761327028275
7,0.389339417219162,0.4124840795993805,-0.06913713365793228
8,0.39273929595947266,0.3605610728263855,-0.07999730855226517
9,0.3314211070537567,0.5538029074668884,-0.029145725071430206
10,0.3118320107460022,0.46053484082221985,-0.05772024020552635
11,0.29859837889671326,0.4061724543571472,-0.07614309340715408
12,0.28679975867271423,0.36042550206184387,-0.08520984649658203
13,0.2976802587509155,0.5781986713409424,-0.03446870297193527
14,0.28672271966934204,0.5215213298797607,-0.07440271228551865
15,0.3055093288421631,0.5800787210464478,-0.07883709669113159
16,0.31699296832084656,0.6277974843978882,-0.06964865326881409
17,0.2704322338104248,0.6193777322769165,-0.04235430061817169
18,0.2665010690689087,0.5767844915390015,-0.07200939953327179
19,0.28242209553718567,0.6121712923049927,-0.06874868273735046
20,0.2924177050590515,0.646167516708374,-0.05816185846924782