0,0.20917358994483948,0.6409324407577515,9.234204867425433e-07
1,0.266452431678772,0.6164940595626831,-0.04964849725365639
2,0.29763972759246826,0.5335010886192322,-0.07133375108242035
3,0.26689255237579346,0.4716605842113495,-0.08778244256973267
4,0.2156551033258438,0.44085824489593506,-0.10574313998222351
5,0.25191137194633484,0.4190308749675751,-0.04962746053934097
6,0.26088201999664307,0.3283408582210541,-0.08238813281059265
7,0.26936566829681396,0.2547950744628906,-0.10790997743606567
8,0.27861613035202026,0.19345906376838684,-0.12539386749267578
9,0.19851180911064148,0.4262673854827881,-0.04609106108546257
10,0.17820951342582703,0.3329707384109497,-0.07681138068437576
11,0.1623011976480484,0.2586747407913208,-0.10278509557247162
12,0.1528538167476654,0.19667842984199524,-0.12137309461832047
13,0.15255042910575867,0.4568733274936676,-0.04746844619512558
14,0.12704876065254211,0.3706342577934265,-0.08790567517280579
15,0.12371610105037689,0.33105558156967163,-0.1074538454413414
16,0.12357786297798157,0.307650625705719,-0.11628548800945282
17,0.1096438392996788,0.5065867304801941,-0.0520927794277668
18,0.1033649668097496,0.43149426579475403,-0.09034264087677002
19,0.11794210970401764,0.41846609115600586,-0.09974806010723114
20,0.13158829510211945,0.42360490560531616,-0.1019040048122406