0,0.7357277274131775,0.7022586464881897,7.299470894395199e-07
1,0.6871328949928284,0.666036069393158,-0.02429346926510334
2,0.6545736789703369,0.60069739818573,-0.043558090925216675
3,0.6841603517532349,0.560384213924408,-0.06389601528644562
4,0.7270864844322205,0.5486778616905212,-0.08394838869571686
5,0.6938187479972839,0.46003779768943787,-0.040506549179553986
6,0.6837132573127747,0.3539161682128906,-0.0689186379313469
7,0.6785671710968018,0.28359025716781616,-0.08867727965116501
8,0.675514280796051,0.22317421436309814,-0.10316932201385498
9,0.7404381632804871,0.4654930830001831,-0.04946450889110565
10,0.7611237168312073,0.34934574365615845,-0.0754903107881546
11,0.7761379480361938,0.27423104643821716,-0.09251192212104797
12,0.7918125987052917,0.20863297581672668,-0.10348005592823029
13,0.7772179245948792,0.5034940242767334,-0.06039445474743843
14,0.7890825271606445,0.44927626848220825,-0.09255674481391907
15,0.7649077773094177,0.49316078424453735,-0.09695582091808319
16,0.749382495880127,0.5350195169448853,-0.09207849949598312
17,0.8040900230407715,0.5591751337051392,-0.07362177968025208
18,0.8111208081245422,0.5204163193702698,-0.10098721086978912
19,0.7897146344184875,0.5361876487731934,-0.100969597697258
20,0.7714394927024841,0.5572446584701538,-0.09519034624099731