0,0.3431427776813507,0.8382813930511475,8.922177698877931e-07
1,0.3003213703632355,0.8218662738800049,-0.021770277991890907
2,0.25168126821517944,0.7894651293754578,-0.04409993812441826
3,0.22240719199180603,0.7600520849227905,-0.06723716855049133
4,0.24145318567752838,0.7380651235580444,-0.08966370671987534
5,0.2868063747882843,0.6473281383514404,-0.04430157318711281
6,0.25434502959251404,0.553099513053894,-0.06930042058229446
7,0.23205140233039856,0.4958023428916931,-0.08289002627134323
8,0.2170863151550293,0.4469325542449951,-0.09253860265016556
9,0.3256125748157501,0.6374491453170776,-0.053520072251558304
10,0.30784696340560913,0.5277398228645325,-0.081797756254673
11,0.29617437720298767,0.4588833749294281,-0.09669224917888641
12,0.2875079810619354,0.404649555683136,-0.10379357635974884
13,0.359261155128479,0.6553825736045837,-0.06346438825130463
14,0.3011068105697632,0.6321593523025513,-0.09892670065164566
15,0.27031996846199036,0.6862426996231079,-0.10362157225608826
16,0.25405630469322205,0.7303500175476074,-0.09774307906627655
17,0.37895485758781433,0.6968969702720642,-0.07483310252428055
18,0.32509350776672363,0.6975575089454651,-0.10348494350910187
19,0.29441511631011963,0.7280729413032532,-0.10570812225341797
20,0.27470022439956665,0.7553774118423462,-0.10143771022558212