0,0.8209431171417236,0.7476583123207092,7.098218475221074e-07
1,0.781711995601654,0.7051689028739929,-0.029896734282374382
2,0.7619078755378723,0.6400140523910522,-0.0487636923789978
3,0.8004400134086609,0.6109500527381897,-0.06749901920557022
4,0.844748318195343,0.6019556522369385,-0.08562622219324112
5,0.8017783164978027,0.5054557919502258,-0.037835218012332916
6,0.8003992438316345,0.40781694650650024,-0.06399037688970566
7,0.800884485244751,0.3426833748817444,-0.08277610689401627
8,0.8030077219009399,0.2865642011165619,-0.09673316776752472
9,0.8451510667800903,0.5160452723503113,-0.043226443231105804
10,0.8722847700119019,0.4107658267021179,-0.06847592443227768
11,0.89202880859375,0.3430517911911011,-0.08610589057207108
12,0.9111259579658508,0.2864370346069336,-0.09760352224111557
13,0.8777818083763123,0.5557982921600342,-0.05169488489627838
14,0.9001490473747253,0.5121985077857971,-0.08525144308805466
15,0.8769668936729431,0.5554471611976624,-0.09345846623182297
16,0.8603358864784241,0.595543384552002,-0.09100449085235596
17,0.898587167263031,0.6089714765548706,-0.06275682151317596
18,0.9086882472038269,0.5823763608932495,-0.09163118898868561
19,0.8896216154098511,0.6028651595115662,-0.09478209912776947
20,0.8738917112350464,0.6253523230552673,-0.09148460626602173