0,0.6238703727722168,0.7467596530914307,6.656143796135439e-07
1,0.5776350498199463,0.7121116518974304,-0.024653395637869835
2,0.5393822193145752,0.6545851826667786,-0.04585259035229683
3,0.5479966402053833,0.6121101379394531,-0.06917627900838852
4,0.5867522358894348,0.5979410409927368,-0.09176494181156158
5,0.5824618339538574,0.5044224858283997,-0.03930777311325073
6,0.5725249648094177,0.39913317561149597,-0.06652752310037613
7,0.5681068301200867,0.33344289660453796,-0.08196114003658295
8,0.565687894821167,0.2772409915924072,-0.09223130345344543
9,0.6273443102836609,0.5142724514007568,-0.048894003033638
10,0.6488216519355774,0.39987412095069885,-0.07671144604682922
11,0.6586419343948364,0.33303606510162354,-0.09072999656200409
12,0.6678465008735657,0.27835923433303833,-0.09737031161785126
13,0.662821888923645,0.5531297922134399,-0.06089799851179123
14,0.6539757251739502,0.5014361143112183,-0.09835445135831833
15,0.622474193572998,0.5525457859039307,-0.10342918336391449
16,0.6058847308158875,0.5964590311050415,-0.09629765152931213
17,0.6868674159049988,0.6077500581741333,-0.07477707415819168
18,0.6735504865646362,0.5762036442756653,-0.10311073064804077
19,0.6422058939933777,0.5962942242622375,-0.10372006893157959
20,0.6213745474815369,0.6185999512672424,-0.09755969792604446