0,0.360565721988678,0.7089727520942688,5.749390084019979e-07
1,0.40422284603118896,0.6838834881782532,-0.03236209973692894
2,0.42920365929603577,0.6299090385437012,-0.049099333584308624
3,0.39933428168296814,0.5880677103996277,-0.06435150653123856
4,0.35961979627609253,0.5700855851173401,-0.07837101072072983
5,0.4141201674938202,0.5074602365493774,-0.029635652899742126
6,0.43461835384368896,0.41893842816352844,-0.05264764279127121
7,0.44534358382225037,0.3669523596763611,-0.06879006326198578
8,0.45135733485221863,0.3187129497528076,-0.07918120920658112
9,0.36992961168289185,0.49535199999809265,-0.02999715320765972
10,0.35983288288116455,0.3962900638580322,-0.05391431599855423
11,0.3504515588283539,0.3358730971813202,-0.06905421614646912
12,0.3397299349308014,0.28308892250061035,-0.07688174396753311
13,0.3337239921092987,0.5139430165290833,-0.03290474787354469
14,0.31991153955459595,0.4476158320903778,-0.06697960942983627
15,0.33413490653038025,0.49770277738571167,-0.06896473467350006
16,0.3428979814052582,0.5418610572814941,-0.06027846783399582
17,0.3043431341648102,0.5523003339767456,-0.038228899240493774
18,0.3007107675075531,0.5131211876869202,-0.0662657842040062
19,0.3152441084384918,0.5438727140426636,-0.06287133693695068
20,0.3248579502105713,0.5753281116485596,-0.05253295227885246