0,0.478823721408844,0.8228116035461426,4.452219855011208e-07
1,0.5120142698287964,0.8215110301971436,-0.018705589696764946
2,0.5499035716056824,0.7930283546447754,-0.029567748308181763
3,0.5689809918403625,0.7603983283042908,-0.04119813069701195
4,0.554999053478241,0.7287420630455017,-0.05142664536833763
5,0.5389116406440735,0.6888599395751953,-0.01709015667438507
6,0.5747554898262024,0.6228775978088379,-0.03132038936018944
7,0.5952922701835632,0.5822430849075317,-0.04122769087553024
8,0.6110754013061523,0.5477010011672974,-0.04820023477077484
9,0.5169161558151245,0.6793299913406372,-0.022032026201486588
10,0.5256589651107788,0.5849413275718689,-0.04041039198637009
11,0.5433075428009033,0.5360758900642395,-0.05522070825099945
12,0.5559576153755188,0.49444884061813354,-0.06419479846954346
13,0.4953688085079193,0.6867250800132751,-0.028209304437041283
14,0.5183240175247192,0.6271288394927979,-0.05724050849676132
15,0.5421141982078552,0.6660578846931458,-0.06524032354354858
16,0.5485537648200989,0.7011086940765381,-0.06307429075241089
17,0.4767431318759918,0.706104040145874,-0.03537047654390335
18,0.506572425365448,0.6669518947601318,-0.05986146628856659
19,0.5250219702720642,0.6973324418067932,-0.06185636669397354
20,0.5273115038871765,0.7315048575401306,-0.057744115591049194