0,0.6041431427001953,0.7800348997116089,4.927183567815518e-07
1,0.6387245059013367,0.7762584090232849,-0.019479690119624138
2,0.6716174483299255,0.7446092963218689,-0.03408407047390938
3,0.6905972957611084,0.7227907180786133,-0.05021722987294197
4,0.6746135354042053,0.7119156122207642,-0.06587199121713638
5,0.651499330997467,0.6277143359184265,-0.028506826609373093
6,0.679153561592102,0.5548852682113647,-0.05020498111844063
7,0.700718879699707,0.5116392374038696,-0.06585943698883057
8,0.717739462852478,0.4730849862098694,-0.07717499881982803
9,0.6226145625114441,0.6268171072006226,-0.03719503432512283
10,0.6257438063621521,0.5388194918632507,-0.06405667960643768
11,0.6450402736663818,0.4921250641345978,-0.08248037099838257
12,0.6599473357200623,0.4504586458206177,-0.09377872198820114
13,0.5969081521034241,0.6452814340591431,-0.047150515019893646
14,0.6239712834358215,0.5985903739929199,-0.08333779871463776
15,0.6553493142127991,0.6417675018310547,-0.09324263781309128
16,0.6691629886627197,0.6776912212371826,-0.09166465699672699
17,0.5778301358222961,0.6788859367370605,-0.05824265629053116
18,0.6112307906150818,0.6455978155136108,-0.08763322234153748
19,0.6382947564125061,0.672365665435791,-0.0917646512389183
20,0.6512778401374817,0.7011867761611938,-0.08930658549070358