0,0.21047446131706238,0.6580164432525635,4.5039129759061325e-07
1,0.17359952628612518,0.5907620787620544,0.0016906661912798882
2,0.17196908593177795,0.5236771106719971,-0.007007371634244919
3,0.2007366418838501,0.48140761256217957,-0.0170566588640213
4,0.2285371571779251,0.4677395224571228,-0.02781795710325241
5,0.17112204432487488,0.4835234582424164,-0.029746802523732185
6,0.167795330286026,0.39501726627349854,-0.04893016815185547
7,0.1639028787612915,0.33476099371910095,-0.06058088690042496
8,0.16126735508441925,0.28997066617012024,-0.06694786250591278
9,0.209486722946167,0.48680779337882996,-0.039963770657777786
10,0.22336339950561523,0.3877756893634796,-0.05425981804728508
11,0.23176191747188568,0.32198989391326904,-0.06133892387151718
12,0.23869535326957703,0.27178698778152466,-0.06499764323234558
13,0.24853233993053436,0.5056029558181763,-0.047357406467199326
14,0.27096450328826904,0.4429953098297119,-0.05688941851258278
15,0.2638136148452759,0.4630093276500702,-0.04864712804555893
16,0.2535111606121063,0.490235835313797,-0.03940262272953987
17,0.2825865149497986,0.534823477268219,-0.054857950657606125
18,0.2932243347167969,0.4983294904232025,-0.0563652440905571
19,0.28673678636550903,0.5143799185752869,-0.04263904318213463
20,0.2804837226867676,0.5349531173706055,-0.029457546770572662