0,0.5098135471343994,0.5314785242080688,6.546202371282561e-07
1,0.5491824746131897,0.5121716856956482,-0.019834604114294052
2,0.5789651870727539,0.4592432677745819,-0.03127937763929367
3,0.5752850770950317,0.41652894020080566,-0.044642090797424316
4,0.5452612638473511,0.39667126536369324,-0.057272132486104965
5,0.5639150142669678,0.33945757150650024,-0.016879072412848473
6,0.589794933795929,0.2528339624404907,-0.036397535353899
7,0.6081854104995728,0.19947345554828644,-0.05128289386630058
8,0.6200956702232361,0.15019094944000244,-0.06172587722539902
9,0.5271528959274292,0.3372139632701874,-0.02520274557173252
10,0.5168901085853577,0.23514002561569214,-0.04680776223540306
11,0.5191174149513245,0.17305424809455872,-0.06299340724945068
12,0.5162444710731506,0.12080803513526917,-0.07301156967878342
13,0.4945416748523712,0.35838782787323,-0.035669583827257156
14,0.49438410997390747,0.28158366680145264,-0.0687047690153122
15,0.5215905904769897,0.32195040583610535,-0.07272958010435104
16,0.5334625244140625,0.3600970208644867,-0.06643425673246384
17,0.46692901849746704,0.3970743417739868,-0.04773339256644249
18,0.4797165095806122,0.33664971590042114,-0.07473880797624588
19,0.5021762251853943,0.362619012594223,-0.07190839946269989
20,0.510995626449585,0.3957633674144745,-0.06323286145925522