0,0.6732183694839478,0.8255801200866699,4.989305466551741e-07
1,0.6276876926422119,0.7792981863021851,-0.030795849859714508
2,0.607750415802002,0.714739203453064,-0.05231351777911186
3,0.6465939879417419,0.6815221309661865,-0.07419859617948532
4,0.6865202784538269,0.6655463576316833,-0.09414245188236237
5,0.6553705334663391,0.5727381110191345,-0.03425411880016327
6,0.6578528881072998,0.4735177755355835,-0.061373285949230194
7,0.6609362959861755,0.411251038312912,-0.0801239088177681
8,0.6644821166992188,0.3589645028114319,-0.09301893413066864
9,0.7013896703720093,0.5833463668823242,-0.03951612859964371
10,0.734807550907135,0.4813234508037567,-0.06445150822401047
11,0.7574520707130432,0.41789954900741577,-0.08076222240924835
12,0.7783701419830322,0.3652230203151703,-0.09074492752552032
13,0.7313804626464844,0.6230567693710327,-0.04832977429032326
14,0.7460147738456726,0.5733317136764526,-0.08189279586076736
15,0.7172474265098572,0.614983081817627,-0.08802101016044617
16,0.6962662935256958,0.6522052884101868,-0.08377266675233841
17,0.7510659694671631,0.6794493198394775,-0.059819430112838745
18,0.753337025642395,0.6545466184616089,-0.08616508543491364
19,0.7281405329704285,0.6699124574661255,-0.08715621381998062
20,0.7068067789077759,0.6880536079406738,-0.08219769597053528