0,0.5937050580978394,0.7151731252670288,4.984736960977898e-07
1,0.5443316698074341,0.6854867935180664,-0.029512476176023483
2,0.5104205012321472,0.622352123260498,-0.051479000598192215
3,0.5345034003257751,0.5753716230392456,-0.07430806756019592
4,0.5739583373069763,0.5560814738273621,-0.09584551304578781
5,0.5492150783538818,0.47549018263816833,-0.03512952849268913
6,0.5360821485519409,0.37698423862457275,-0.06337396055459976
7,0.5296898484230042,0.31241899728775024,-0.0830235555768013
8,0.5261439681053162,0.2575521171092987,-0.09681010246276855
9,0.5957125425338745,0.4777250289916992,-0.041565872728824615
10,0.6109334230422974,0.3650886118412018,-0.06892204284667969
11,0.621953010559082,0.29531407356262207,-0.08625955879688263
12,0.6341211199760437,0.23819495737552643,-0.09644150733947754
13,0.6332627534866333,0.5105737447738647,-0.051199182868003845
14,0.6337262988090515,0.44768697023391724,-0.08663547039031982
15,0.6080101728439331,0.49188894033432007,-0.09143120795488358
16,0.591433584690094,0.5341266393661499,-0.08579657226800919
17,0.6642993092536926,0.5613648891448975,-0.06337012350559235
18,0.6622416973114014,0.5129175186157227,-0.09047936648130417
19,0.635610818862915,0.5327082276344299,-0.08904920518398285
20,0.6136133670806885,0.5597633123397827,-0.08221814036369324