0,0.2920234501361847,0.6861106157302856,5.336063964023197e-07
1,0.33135056495666504,0.6537113189697266,-0.03273960202932358
2,0.3486025929450989,0.5986866354942322,-0.04960697889328003
3,0.3113383948802948,0.5619888305664062,-0.06495864689350128
4,0.27038702368736267,0.5479962825775146,-0.07882498949766159
5,0.3298746347427368,0.48448601365089417,-0.03002648428082466
6,0.3353080451488495,0.39374035596847534,-0.05317924916744232
7,0.3393508195877075,0.34030765295028687,-0.06898669898509979
8,0.3401867747306824,0.29138487577438354,-0.07936107367277145
9,0.2863633632659912,0.47789889574050903,-0.030134841799736023
10,0.2670592665672302,0.3827255964279175,-0.0546884685754776
11,0.24953213334083557,0.3256865441799164,-0.07033172994852066
12,0.23197326064109802,0.2747570276260376,-0.07885035872459412
13,0.2534112334251404,0.50013267993927,-0.03290623053908348
14,0.2318558692932129,0.43865907192230225,-0.06722215563058853
15,0.2463550567626953,0.4861212372779846,-0.06968805938959122
16,0.25668400526046753,0.5274256467819214,-0.06170735880732536
17,0.22751222550868988,0.5415087938308716,-0.03825801610946655
18,0.21846255660057068,0.5010689496994019,-0.06639759242534637
19,0.2316323220729828,0.5268964767456055,-0.06411106139421463
20,0.24213807284832,0.5550134181976318,-0.05508628487586975