0,0.5627301335334778,0.7239497303962708,5.825217641586278e-09
1,0.5995715260505676,0.7206584215164185,-0.015054376795887947
2,0.6380124092102051,0.6898133158683777,-0.0256469938904047
3,0.6544641256332397,0.6583044528961182,-0.03681742772459984
4,0.6307554244995117,0.6488679051399231,-0.04640808328986168
5,0.6163221001625061,0.5922241806983948,-0.014326157048344612
6,0.6221863627433777,0.5441136360168457,-0.035367127507925034
7,0.632723867893219,0.5787442922592163,-0.04979898780584335
8,0.6344274282455444,0.6049357056617737,-0.05718518793582916
9,0.59024977684021,0.591241180896759,-0.017823390662670135
10,0.594178318977356,0.5411571860313416,-0.037140872329473495
11,0.6103335618972778,0.5793899893760681,-0.04580264165997505
12,0.6129747033119202,0.6041527986526489,-0.049295905977487564
13,0.5620467662811279,0.5982821583747864,-0.023938197642564774
14,0.5704370737075806,0.5542953610420227,-0.04232080653309822
15,0.5891477465629578,0.5923433899879456,-0.042056940495967865
16,0.5920389890670776,0.6188691258430481,-0.03875363618135452
17,0.5333200693130493,0.6135879755020142,-0.031545888632535934
18,0.5485990047454834,0.5820416212081909,-0.04429645836353302
19,0.5636863708496094,0.6108304262161255,-0.04154536873102188
20,0.5654968619346619,0.6369085311889648,-0.03738081455230713