0,0.3072759211063385,0.7272703647613525,4.970285090166726e-07
1,0.3559422492980957,0.6896175742149353,-0.02232247218489647
2,0.3816763162612915,0.6229097247123718,-0.03323620185256004
3,0.3640759289264679,0.5700842142105103,-0.04530108720064163
4,0.32613131403923035,0.55177903175354,-0.056551285088062286
5,0.35412633419036865,0.5042285323143005,-0.013606388121843338
6,0.38039517402648926,0.4181501269340515,-0.03236185386776924
7,0.39408111572265625,0.36747315526008606,-0.04670862480998039
8,0.4035525619983673,0.32075613737106323,-0.0566251315176487
9,0.3158904016017914,0.49899449944496155,-0.018444499000906944
10,0.3037950396537781,0.3977765440940857,-0.04048648104071617
11,0.30071941018104553,0.33915698528289795,-0.05564482882618904
12,0.29591578245162964,0.29058319330215454,-0.06427924335002899
13,0.2824741303920746,0.5222487449645996,-0.025515485554933548
14,0.28260064125061035,0.44949203729629517,-0.059618495404720306
15,0.30564478039741516,0.49910569190979004,-0.0614204928278923
16,0.31527039408683777,0.5445616245269775,-0.052702900022268295
17,0.2528734505176544,0.5643104910850525,-0.034061431884765625
18,0.2592291235923767,0.5087619423866272,-0.06171441450715065
19,0.2821974754333496,0.5348789095878601,-0.05734597519040108
20,0.2936226725578308,0.5681969523429871,-0.04695183411240578