0,0.2944791316986084,0.9179574251174927,1.026568725137622e-06
1,0.255172461271286,0.9128649830818176,-0.028369683772325516
2,0.21155887842178345,0.8818734884262085,-0.05668041482567787
3,0.17511726915836334,0.8596048951148987,-0.08483371138572693
4,0.18499566614627838,0.8447124361991882,-0.1126272901892662
5,0.24151577055454254,0.741044819355011,-0.05269130691885948
6,0.21804535388946533,0.6500650644302368,-0.08286149799823761
7,0.19746127724647522,0.5889453887939453,-0.1005377322435379
8,0.18506595492362976,0.5386704206466675,-0.1131669282913208
9,0.28344252705574036,0.7322560548782349,-0.05928894877433777
10,0.27426570653915405,0.6320785880088806,-0.09409414976835251
11,0.2633611261844635,0.5641067028045654,-0.1137484610080719
12,0.25399482250213623,0.508211076259613,-0.1232219785451889
13,0.31868207454681396,0.7533942461013794,-0.06630977243185043
14,0.2590720057487488,0.7400640845298767,-0.10437241196632385
15,0.2237757444381714,0.7997380495071411,-0.10489442944526672
16,0.20482198894023895,0.841835618019104,-0.09550907462835312
17,0.3373831510543823,0.7982450127601624,-0.07550693303346634
18,0.28154194355010986,0.8059150576591492,-0.10504812002182007
19,0.24761143326759338,0.8428641557693481,-0.10362827032804489
20,0.22574162483215332,0.8734700679779053,-0.09595762938261032