0,0.21800315380096436,0.7852475643157959,6.666883791695e-07
1,0.26337292790412903,0.7603660225868225,-0.029654309153556824
2,0.2864123582839966,0.70136559009552,-0.04354666918516159
3,0.26341861486434937,0.6619952321052551,-0.056297384202480316
4,0.227960005402565,0.6523853540420532,-0.06785988062620163
5,0.25693684816360474,0.5913276672363281,-0.02196309342980385
6,0.2727148234844208,0.5036107301712036,-0.043286483734846115
7,0.2814312279224396,0.44903698563575745,-0.05845649540424347
8,0.28634172677993774,0.40279534459114075,-0.06829899549484253
9,0.21641555428504944,0.5887961387634277,-0.02275845780968666
10,0.20441800355911255,0.49801334738731384,-0.04396672546863556
11,0.1979500651359558,0.44240957498550415,-0.057597387582063675
12,0.18877381086349487,0.3984847664833069,-0.06505800783634186
13,0.1828313022851944,0.6120756268501282,-0.027044745162129402
14,0.17121116816997528,0.5437613129615784,-0.059384576976299286
15,0.1963375210762024,0.5807145833969116,-0.06154735013842583
16,0.20968087017536163,0.6176756620407104,-0.053993016481399536
17,0.15480822324752808,0.6524177193641663,-0.03358294814825058
18,0.15363958477973938,0.602411687374115,-0.060736849904060364
19,0.17439956963062286,0.6207152605056763,-0.05841989442706108
20,0.1845596879720688,0.6475920677185059,-0.050005633383989334