0,0.6862949132919312,0.932181179523468,3.0646776849607704e-07
1,0.7351738214492798,0.9289819002151489,-0.005260709673166275
2,0.779894232749939,0.8947811126708984,-0.010460532270371914
3,0.8059885501861572,0.866787314414978,-0.02042536437511444
4,0.7943518757820129,0.8439542055130005,-0.028449688106775284
5,0.7778400182723999,0.7845166921615601,-0.0007955298060551286
6,0.8115278482437134,0.7211854457855225,-0.013345223851501942
7,0.8294433951377869,0.6834428906440735,-0.02187412604689598
8,0.842841625213623,0.6503480672836304,-0.02826150692999363
9,0.753264307975769,0.7752624154090881,-0.013766751624643803
10,0.7709738612174988,0.687600314617157,-0.03362622484564781
11,0.7909168004989624,0.6407808065414429,-0.04606515169143677
12,0.8045356869697571,0.6036639213562012,-0.052533943206071854
13,0.7303386330604553,0.7853819131851196,-0.028078541159629822
14,0.7751150131225586,0.7434654235839844,-0.05644436553120613
15,0.7931407690048218,0.7938137650489807,-0.059528809040784836
16,0.7951100468635559,0.830008864402771,-0.05376794561743736
17,0.7142741084098816,0.8118106126785278,-0.043002884835004807
18,0.7615579962730408,0.7986544966697693,-0.06317447125911713
19,0.77275550365448,0.831424355506897,-0.06226581707596779
20,0.7692670822143555,0.8583293557167053,-0.05698901042342186