0,0.524520754814148,0.7679809331893921,4.396662518502126e-07
1,0.5291427373886108,0.6844732165336609,0.01660146936774254
2,0.5072194933891296,0.6230271458625793,0.016723021864891052
3,0.47937169671058655,0.6037783622741699,0.011517168954014778
4,0.45288899540901184,0.6087547540664673,0.004367993678897619
5,0.502231776714325,0.5822068452835083,-0.004348467104136944
6,0.4815272092819214,0.4964406192302704,-0.015481635928153992
7,0.4702043831348419,0.44557785987854004,-0.02167707495391369
8,0.4622286856174469,0.4077094793319702,-0.02343936637043953
9,0.4714593291282654,0.6000434756278992,-0.01782149262726307
10,0.43076422810554504,0.5180477499961853,-0.025272181257605553
11,0.40410369634628296,0.4694213271141052,-0.029632635414600372
12,0.3842427134513855,0.4354096055030823,-0.03197483718395233
13,0.446107417345047,0.6306594610214233,-0.028126653283834457
14,0.4147399961948395,0.5942796468734741,-0.02953263372182846
15,0.4272744953632355,0.6133019328117371,-0.02272362820804119
16,0.4407099187374115,0.630845844745636,-0.015983816236257553
17,0.4262412488460541,0.6674057245254517,-0.037437696009874344
18,0.4052667021751404,0.6362491250038147,-0.031286727637052536
19,0.41734156012535095,0.6501299738883972,-0.0167376808822155
20,0.43053197860717773,0.6640389561653137,-0.0045889271423220634