0,0.6130269765853882,0.7737704515457153,5.270621272757126e-07
1,0.6123074889183044,0.6928544640541077,0.017883311957120895
2,0.5907872915267944,0.6316272020339966,0.015674248337745667
3,0.5596785545349121,0.608036458492279,0.007725405972450972
4,0.531900942325592,0.6048238277435303,-0.0020792209543287754
5,0.5911852717399597,0.5903594493865967,-0.011779519729316235
6,0.5747555494308472,0.5025707483291626,-0.028998173773288727
7,0.565334677696228,0.4474363625049591,-0.03815017640590668
8,0.557173490524292,0.4058033227920532,-0.04177559167146683
9,0.5664631724357605,0.605419933795929,-0.028429217636585236
10,0.5265895128250122,0.5132538676261902,-0.04424025118350983
11,0.500481128692627,0.45723816752433777,-0.05128171667456627
12,0.47964707016944885,0.41819149255752563,-0.054528191685676575
13,0.5410163998603821,0.6336418986320496,-0.04133238643407822
14,0.4903292953968048,0.5921934247016907,-0.04903030022978783
15,0.4994528293609619,0.6172811388969421,-0.03773832693696022
16,0.513430118560791,0.6350494623184204,-0.0263459924608469
17,0.5182638168334961,0.6696338653564453,-0.05306285619735718
18,0.4782910645008087,0.632972240447998,-0.05135725811123848
19,0.488025963306427,0.6555655002593994,-0.034041568636894226
20,0.5025546550750732,0.6721217632293701,-0.01876332238316536