0,0.8652040362358093,0.778126060962677,3.950317477574572e-07
1,0.8555423021316528,0.7169945240020752,0.011277020908892155
2,0.8377890586853027,0.6622216701507568,0.006829350255429745
3,0.8085834383964539,0.6319511532783508,-0.0027931295335292816
4,0.7827933430671692,0.6169890761375427,-0.012469572946429253
5,0.8562585711479187,0.6135324239730835,-0.008996059186756611
6,0.8417041897773743,0.534307599067688,-0.023282557725906372
7,0.8387947678565979,0.48680081963539124,-0.02967456914484501
8,0.838016152381897,0.4488932490348816,-0.03192600607872009
9,0.8474991917610168,0.6207965016365051,-0.02324967086315155
10,0.8174633383750916,0.5344415903091431,-0.03781609237194061
11,0.8018660545349121,0.4789412021636963,-0.04440724477171898
12,0.7901689410209656,0.43728554248809814,-0.04784606024622917
13,0.8318290114402771,0.6406528353691101,-0.03573238477110863
14,0.771855890750885,0.5964518785476685,-0.0488106831908226
15,0.7513641715049744,0.6173274517059326,-0.04736549034714699
16,0.7461705207824707,0.6388710737228394,-0.0428180955350399
17,0.8098655343055725,0.667304515838623,-0.04725096747279167
18,0.7612282037734985,0.6340262293815613,-0.053338903933763504
19,0.7439641952514648,0.6434518098831177,-0.04897218942642212
20,0.7361398935317993,0.6549292802810669,-0.04393796622753143