0,0.4065665602684021,0.8971866369247437,4.722447783933603e-07
1,0.40645769238471985,0.8160703778266907,0.0013452661223709583
2,0.3745901584625244,0.7660454511642456,-0.00254952535033226
3,0.3339713215827942,0.7626737356185913,-0.008551489561796188
4,0.3053288161754608,0.7749468088150024,-0.015236085280776024
5,0.3543109893798828,0.7317294478416443,-0.011818465776741505
6,0.3188619315624237,0.6567592620849609,-0.022562740370631218
7,0.2980206608772278,0.6128144860267639,-0.027653884142637253
8,0.28103938698768616,0.5817542672157288,-0.02881043031811714
9,0.3267064392566681,0.7625935077667236,-0.018433164805173874
10,0.27194902300834656,0.6989525556564331,-0.027985451743006706
11,0.23805925250053406,0.6636272668838501,-0.03328494727611542
12,0.21159310638904572,0.6404290795326233,-0.035314060747623444
13,0.3071742653846741,0.8015043139457703,-0.023485053330659866
14,0.2788381576538086,0.7725005745887756,-0.0327916145324707
15,0.2981854975223541,0.7825345396995544,-0.030487781390547752
16,0.31372469663619995,0.7965652942657471,-0.024176321923732758
17,0.29346519708633423,0.8404762148857117,-0.028114790096879005
18,0.2713450491428375,0.8061631917953491,-0.02918281964957714
19,0.2880266308784485,0.8116358518600464,-0.018294092267751694
20,0.302755206823349,0.824237585067749,-0.007387101650238037