0,0.7022476196289062,0.4228906035423279,5.241856229076802e-07
1,0.6744373440742493,0.3798731565475464,0.002840414410457015
2,0.6417756676673889,0.34212660789489746,-0.005737931001931429
3,0.6023238897323608,0.33420562744140625,-0.018755163997411728
4,0.574510931968689,0.33655664324760437,-0.031092418357729912
5,0.6719406843185425,0.2648811936378479,-0.0049197799526154995
6,0.6583550572395325,0.2001529186964035,-0.019138550385832787
7,0.6528846025466919,0.15386414527893066,-0.02759007178246975
8,0.6505577564239502,0.11732757091522217,-0.031744398176670074
9,0.663854718208313,0.2683893144130707,-0.01693783700466156
10,0.6246803998947144,0.19120720028877258,-0.032724663615226746
11,0.6021866798400879,0.1397283971309662,-0.04070287570357323
12,0.5867247581481934,0.09867233037948608,-0.044215910136699677
13,0.6509808897972107,0.2862043082714081,-0.0286561269313097
14,0.5896409153938293,0.2722393870353699,-0.04206588491797447
15,0.5875059366226196,0.3057229816913605,-0.038635436445474625
16,0.59840327501297,0.321379691362381,-0.031756021082401276
17,0.6321427226066589,0.3118690550327301,-0.04086993262171745
18,0.5819476246833801,0.30614471435546875,-0.04615234583616257
19,0.5805015563964844,0.3337485194206238,-0.03896106034517288
20,0.5903184413909912,0.34727057814598083,-0.031504444777965546