0,0.6006227731704712,0.8908096551895142,3.0377620419130835e-07
1,0.5949634909629822,0.8077540993690491,0.0130152627825737
2,0.6192033290863037,0.7511623501777649,0.013541456311941147
3,0.6574664115905762,0.7292017340660095,0.01107574813067913
4,0.6869063973426819,0.7325511574745178,0.009001953527331352
5,0.6466764211654663,0.7090020775794983,-0.009899443946778774
6,0.6725001335144043,0.6175134181976318,-0.017378972843289375
7,0.6878153085708618,0.5647163391113281,-0.018047980964183807
8,0.7007958889007568,0.5270407199859619,-0.016472000628709793
9,0.6795528531074524,0.7324774265289307,-0.01800408773124218
10,0.7258095741271973,0.6473519802093506,-0.02502850629389286
11,0.7535677552223206,0.5964415669441223,-0.027157826349139214
12,0.7758625745773315,0.5666284561157227,-0.026978924870491028
13,0.7020952701568604,0.7702214121818542,-0.022229008376598358
14,0.7217256426811218,0.7277826070785522,-0.020526813343167305
15,0.7021390795707703,0.7313967943191528,-0.01113456953316927
16,0.6856687664985657,0.7470234036445618,-0.00230574794113636
17,0.7138726115226746,0.8104484677314758,-0.025864610448479652
18,0.7188621759414673,0.7778058052062988,-0.01586383767426014
19,0.7029039859771729,0.7790566682815552,-0.0015468004858121276
20,0.6916242837905884,0.7926482558250427,0.010671154595911503