0,0.6873552203178406,0.4194927215576172,4.830910711461911e-07
1,0.6755024790763855,0.3588729500770569,0.01558805163949728
2,0.6503311395645142,0.31599923968315125,0.014978933148086071
3,0.6166328191757202,0.30021777749061584,0.007898488081991673
4,0.5912572741508484,0.30007731914520264,0.0010140843223780394
5,0.6581925749778748,0.2660049498081207,0.006096542812883854
6,0.6431325078010559,0.19693157076835632,-0.003300114069133997
7,0.6366351246833801,0.15148328244686127,-0.0067316945642232895
8,0.6335232853889465,0.1156795471906662,-0.007294508162885904
9,0.6486988067626953,0.2683534622192383,-0.009368282742798328
10,0.6068474054336548,0.1936875879764557,-0.02258424647152424
11,0.583507776260376,0.14149390161037445,-0.02928883209824562
12,0.568932831287384,0.1029863953590393,-0.03190682828426361
13,0.6352129578590393,0.28553590178489685,-0.02311352640390396
14,0.5750662684440613,0.27400779724121094,-0.0336625911295414
15,0.5717600584030151,0.30992889404296875,-0.02979382872581482
16,0.5809953808784485,0.3319222033023834,-0.022787831723690033
17,0.6174056529998779,0.31067150831222534,-0.036007750779390335
18,0.5673756003379822,0.30679506063461304,-0.038408536463975906
19,0.5664759874343872,0.3349717855453491,-0.03070966713130474
20,0.5742814540863037,0.3523097634315491,-0.02305649034678936