0,0.9209892749786377,0.8619791269302368,5.237527602730552e-07
1,0.8918696045875549,0.7920247316360474,0.011523464694619179
2,0.8682265877723694,0.7297955751419067,0.0016737112309783697
3,0.8357070684432983,0.6983813643455505,-0.013483546674251556
4,0.80925053358078,0.6830390095710754,-0.028670184314250946
5,0.913020133972168,0.6755529046058655,-0.021026577800512314
6,0.9006645083427429,0.5851863622665405,-0.039402756839990616
7,0.8969008326530457,0.5302771925926208,-0.04785194993019104
8,0.8942020535469055,0.4847550690174103,-0.05227585509419441
9,0.9120199084281921,0.6888827681541443,-0.03865627944469452
10,0.8872113823890686,0.5932055711746216,-0.0599578432738781
11,0.8750069737434387,0.5318307280540466,-0.06942784041166306
12,0.8655199408531189,0.485000878572464,-0.07507777214050293
13,0.8996976613998413,0.7136064767837524,-0.05353352054953575
14,0.8275216221809387,0.6582810878753662,-0.07035741209983826
15,0.7974966764450073,0.6787465214729309,-0.06662598252296448
16,0.7864510416984558,0.699662983417511,-0.06051994115114212
17,0.877332329750061,0.7444642782211304,-0.06747625023126602
18,0.8185721039772034,0.6972256302833557,-0.07403235137462616
19,0.7961894273757935,0.7042810320854187,-0.06774041801691055
20,0.7868313193321228,0.7149945497512817,-0.06202855333685875