0,0.7754888534545898,0.575717568397522,4.718828279237641e-07
1,0.7475967407226562,0.5235098004341125,0.008712926879525185
2,0.7166542410850525,0.47457510232925415,0.001316347043029964
3,0.6748775839805603,0.4579015374183655,-0.012964971363544464
4,0.6488770246505737,0.4581131935119629,-0.02663351409137249
5,0.7562704682350159,0.4057060480117798,-0.0010202708654105663
6,0.7407141923904419,0.3313572108745575,-0.016578199341893196
7,0.737542986869812,0.2820550203323364,-0.02607959508895874
8,0.7386009693145752,0.24256488680839539,-0.03205188736319542
9,0.750823438167572,0.4129943549633026,-0.017774173989892006
10,0.7150697708129883,0.33019599318504333,-0.03773254528641701
11,0.6953521370887756,0.27394339442253113,-0.04990830644965172
12,0.6844083070755005,0.22950462996959686,-0.057326383888721466
13,0.7366196513175964,0.433358371257782,-0.03372404724359512
14,0.6708322763442993,0.40171557664871216,-0.047506071627140045
15,0.6666553020477295,0.43812257051467896,-0.040340226143598557
16,0.6797453761100769,0.4536592960357666,-0.031854044646024704
17,0.7163798213005066,0.45826154947280884,-0.05016510188579559
18,0.6596366763114929,0.43723374605178833,-0.05513625591993332
19,0.6569867134094238,0.4656437337398529,-0.045979663729667664
20,0.6692066788673401,0.48043566942214966,-0.03777405247092247