0,0.49743738770484924,0.9389751553535461,4.899677037428773e-07
1,0.5462718605995178,0.9260422587394714,-0.01979805901646614
2,0.5853554010391235,0.8904235363006592,-0.032960016280412674
3,0.5902253985404968,0.853615939617157,-0.04807164892554283
4,0.5642125606536865,0.830947756767273,-0.061737336218357086
5,0.5810489654541016,0.7655578255653381,-0.01959466189146042
6,0.615493893623352,0.6942135691642761,-0.04171008616685867
7,0.6360796093940735,0.6493499279022217,-0.056790173053741455
8,0.652535617351532,0.6071032285690308,-0.06710677593946457
9,0.5443776845932007,0.75604248046875,-0.02796855755150318
10,0.5464510917663574,0.661155104637146,-0.05337636545300484
11,0.5532667636871338,0.6094054579734802,-0.07038683444261551
12,0.558685302734375,0.5644627809524536,-0.07992835342884064
13,0.5101121068000793,0.7730604410171509,-0.03828459233045578
14,0.5288631916046143,0.7239593267440796,-0.07586786150932312
15,0.549119770526886,0.7765729427337646,-0.08385263383388519
16,0.55772864818573,0.8193363547325134,-0.07932894676923752
17,0.4829616844654083,0.8092617392539978,-0.04996703565120697
18,0.5094358325004578,0.8022775053977966,-0.08116412162780762
19,0.5306630730628967,0.837162435054779,-0.08540850132703781
20,0.5412251353263855,0.8660210967063904,-0.08136118203401566