0,0.8155627250671387,0.8622103929519653,3.89092946306846e-07
1,0.8227323889732361,0.7890096306800842,0.016321299597620964
2,0.8114187717437744,0.728622317314148,0.016419410705566406
3,0.7858226895332336,0.6967352032661438,0.010712887160480022
4,0.7602380514144897,0.6828367710113525,0.004293906502425671
5,0.8170660138130188,0.6843246817588806,-0.0013278813567012548
6,0.8085452914237976,0.6017275452613831,-0.015032137744128704
7,0.807055652141571,0.5506458282470703,-0.021361947059631348
8,0.8067398071289062,0.5111290812492371,-0.023409470915794373
9,0.8009239435195923,0.6901183724403381,-0.0168140958994627
10,0.7726238369941711,0.5964613556861877,-0.031019046902656555
11,0.7565239071846008,0.5402688980102539,-0.03718901425600052
12,0.7457438707351685,0.4971126914024353,-0.03966689482331276
13,0.7801716923713684,0.707983672618866,-0.030205516144633293
14,0.7256745100021362,0.6520580053329468,-0.04320189729332924
15,0.713178813457489,0.6799681186676025,-0.0389881357550621
16,0.7165831923484802,0.7033084034919739,-0.03118944726884365
17,0.7570697665214539,0.7325179576873779,-0.04218178614974022
18,0.7089108228683472,0.6887840032577515,-0.04690583422780037
19,0.7014271020889282,0.7082563638687134,-0.03818042576313019
20,0.7066113948822021,0.7252371311187744,-0.02890283241868019