0,0.6622846126556396,0.9018629789352417,3.200939602265862e-07
1,0.653243362903595,0.8216858506202698,0.0043705301359295845
2,0.6783134937286377,0.7606680393218994,0.003715537255629897
3,0.7186287045478821,0.7428264617919922,0.0014716110890731215
4,0.7480146884918213,0.7456333637237549,-0.0003086820070166141
5,0.7102870941162109,0.7239482998847961,-0.008682917803525925
6,0.7369243502616882,0.6401872634887695,-0.014525581151247025
7,0.751964807510376,0.5932060480117798,-0.015593227930366993
8,0.7633921504020691,0.5577224493026733,-0.014193542301654816
9,0.7425069212913513,0.7496814131736755,-0.013263901695609093
10,0.784324049949646,0.6744112372398376,-0.01446441188454628
11,0.8070617914199829,0.6278934478759766,-0.014809276908636093
12,0.824579119682312,0.5970747470855713,-0.013681551441550255
13,0.7632016539573669,0.7854467630386353,-0.016142237931489944
14,0.7660448551177979,0.750813364982605,-0.015358281321823597
15,0.7460734248161316,0.7593674659729004,-0.011826333589851856
16,0.7305909395217896,0.7773175835609436,-0.006738403812050819
17,0.7743731737136841,0.8209736347198486,-0.019004756584763527
18,0.7718298435211182,0.7943616509437561,-0.013165646232664585
19,0.7559741735458374,0.8031837344169617,-0.0032022367231547832
20,0.7456352710723877,0.8206597566604614,0.006096671335399151