0,0.877781867980957,0.6505836248397827,3.741238856491691e-07
1,0.8376027345657349,0.6119258403778076,-0.003640918992459774
2,0.8080582022666931,0.568120002746582,-0.016139168292284012
3,0.7746489644050598,0.5437110066413879,-0.031038664281368256
4,0.7485082149505615,0.5228447318077087,-0.045057930052280426
5,0.8621140122413635,0.4835275113582611,-0.020535364747047424
6,0.8434860706329346,0.4042305052280426,-0.0386957973241806
7,0.8395233750343323,0.35686278343200684,-0.049981582909822464
8,0.8377312421798706,0.3160014748573303,-0.05618152767419815
9,0.8605299592018127,0.490651398897171,-0.02837095595896244
10,0.8186947703361511,0.4192551374435425,-0.04570184275507927
11,0.8048303127288818,0.3769450783729553,-0.05238702520728111
12,0.7991105318069458,0.34016337990760803,-0.056026212871074677
13,0.8504844307899475,0.5086709856987,-0.03626155108213425
14,0.7819139957427979,0.4711656868457794,-0.05438510701060295
15,0.7603474259376526,0.4986688792705536,-0.05310545116662979
16,0.7595019936561584,0.5251727104187012,-0.04763069748878479
17,0.8321752548217773,0.533953845500946,-0.04461432620882988
18,0.7802223563194275,0.5064953565597534,-0.05772353708744049
19,0.7654285430908203,0.521620512008667,-0.0559057891368866
20,0.7663275003433228,0.5383029580116272,-0.05118934437632561