0,0.7971166372299194,0.7111058831214905,5.113357701702625e-07
1,0.7881853580474854,0.6455316543579102,0.009991461411118507
2,0.7632964253425598,0.5843735933303833,0.006203708238899708
3,0.7261468768119812,0.5572476983070374,-0.0028102505020797253
4,0.6956491470336914,0.5511814951896667,-0.011807211674749851
5,0.7861277461051941,0.534782886505127,-0.005324894562363625
6,0.7715848684310913,0.4507765769958496,-0.01812753826379776
7,0.7677217721939087,0.3990173935890198,-0.0231146402657032
8,0.7669844627380371,0.35626304149627686,-0.024399032816290855
9,0.7762017250061035,0.5386508703231812,-0.019973423331975937
10,0.7429865002632141,0.44738876819610596,-0.03369816020131111
11,0.7269895672798157,0.38858562707901,-0.03879300877451897
12,0.7166780233383179,0.3418155908584595,-0.04021850600838661
13,0.7599620819091797,0.555644154548645,-0.03332441672682762
14,0.6914042234420776,0.5185250043869019,-0.048521652817726135
15,0.679348886013031,0.5576346516609192,-0.04629252851009369
16,0.6853593587875366,0.587482213973999,-0.03917622193694115
17,0.7366993427276611,0.5814715027809143,-0.045943375676870346
18,0.6813629865646362,0.5530956983566284,-0.05320356786251068
19,0.6714738607406616,0.5809158682823181,-0.047195468097925186
20,0.6751540303230286,0.6047402620315552,-0.040000878274440765