0,0.8014116883277893,0.5070604085922241,4.579275412197603e-07
1,0.7515568733215332,0.47283846139907837,0.008701298385858536
2,0.7162414193153381,0.4310890734195709,0.0016703244764357805
3,0.6829285025596619,0.415217787027359,-0.01144967321306467
4,0.6568655967712402,0.4024549722671509,-0.02429160103201866
5,0.7660289406776428,0.33884260058403015,-0.001737968879751861
6,0.7452797293663025,0.26842787861824036,-0.013955876231193542
7,0.7364351153373718,0.2219058722257614,-0.0212034210562706
8,0.7308436632156372,0.18414275348186493,-0.02493743598461151
9,0.7627665400505066,0.34510013461112976,-0.018202582374215126
10,0.7197169661521912,0.26493436098098755,-0.03358843922615051
11,0.6949236989021301,0.21197804808616638,-0.041963525116443634
12,0.6780352592468262,0.1713554859161377,-0.045985497534275055
13,0.7531194090843201,0.3661113977432251,-0.033664409071207047
14,0.6834288239479065,0.3443222641944885,-0.04812931269407272
15,0.6769904494285583,0.3802802860736847,-0.04366897791624069
16,0.6863436102867126,0.4012649655342102,-0.03582732751965523
17,0.7353513836860657,0.3964143395423889,-0.04904480651021004
18,0.6769718527793884,0.3782089650630951,-0.05618657171726227
19,0.6710740327835083,0.40323227643966675,-0.048145245760679245
20,0.680455207824707,0.4196406602859497,-0.039573848247528076