0,0.6587583422660828,0.6201117038726807,4.379921278996335e-07
1,0.6635100841522217,0.5458232760429382,0.016548391431570053
2,0.6470559239387512,0.48800209164619446,0.015843287110328674
3,0.614880383014679,0.46040448546409607,0.008864268660545349
4,0.5877029299736023,0.45935872197151184,0.0012469806242734194
5,0.6503696441650391,0.4465905725955963,-0.002211055252701044
6,0.6352896094322205,0.3621615171432495,-0.01519518531858921
7,0.6314437985420227,0.3108399510383606,-0.020448030903935432
8,0.630314290523529,0.2728034555912018,-0.021979691460728645
9,0.6337298154830933,0.45289239287376404,-0.018108991906046867
10,0.5929039716720581,0.36427977681159973,-0.03430328890681267
11,0.5711376070976257,0.30789273977279663,-0.042890310287475586
12,0.557326078414917,0.26801300048828125,-0.046919628977775574
13,0.6123300790786743,0.4731311798095703,-0.03117593191564083
14,0.5571606159210205,0.4442390501499176,-0.03980278596282005
15,0.5573070645332336,0.4723586440086365,-0.032192736864089966
16,0.5682847499847412,0.49009332060813904,-0.023473620414733887
17,0.5887816548347473,0.49925461411476135,-0.04346625134348869
18,0.5437531471252441,0.4772483706474304,-0.042138244956731796
19,0.5463557839393616,0.5008688569068909,-0.02948792837560177
20,0.5558350682258606,0.5174199342727661,-0.01850186102092266