0,0.7188183665275574,0.5352456569671631,4.097076669040689e-07
1,0.7116982936859131,0.46765613555908203,0.017463812604546547
2,0.6887638568878174,0.41559210419654846,0.017158884555101395
3,0.6555048823356628,0.39080172777175903,0.010199015028774738
4,0.6298609375953674,0.3879051208496094,0.0029959632083773613
5,0.6917462348937988,0.368270605802536,0.0022289392072707415
6,0.6682277917861938,0.2922252416610718,-0.00850021280348301
7,0.6592864394187927,0.24592852592468262,-0.012541054747998714
8,0.6543204188346863,0.20969842374324799,-0.013806773349642754
9,0.6803784370422363,0.3756321668624878,-0.014657478779554367
10,0.6335593461990356,0.29744505882263184,-0.029413612559437752
11,0.6086873412132263,0.24547792971134186,-0.03731466084718704
12,0.592747688293457,0.2068968117237091,-0.04120827838778496
13,0.66416996717453,0.3979575037956238,-0.029083702713251114
14,0.6006894111633301,0.37789949774742126,-0.03918309137225151
15,0.5983228087425232,0.41268599033355713,-0.03262992948293686
16,0.608319878578186,0.43315818905830383,-0.024447189643979073
17,0.6444464921951294,0.42748573422431946,-0.04261830449104309
18,0.5916875600814819,0.41256195306777954,-0.045099928975105286
19,0.5917579531669617,0.4382699131965637,-0.03546708822250366
20,0.6002466082572937,0.45482921600341797,-0.026378696784377098