0,0.7396785020828247,0.5162757635116577,4.2771995367729687e-07
1,0.7240839600563049,0.44972917437553406,0.015424191020429134
2,0.696707010269165,0.3995126485824585,0.01359155960381031
3,0.6620333790779114,0.38557079434394836,0.004855642095208168
4,0.6341076493263245,0.38738059997558594,-0.004295945167541504
5,0.7068952918052673,0.34817183017730713,0.004269040655344725
6,0.6867433190345764,0.2776831388473511,-0.007624548394232988
7,0.6779986619949341,0.23196552693843842,-0.013018217869102955
8,0.6723247170448303,0.19427478313446045,-0.015056833624839783
9,0.6956878900527954,0.3543989360332489,-0.013308451510965824
10,0.6520639657974243,0.27856945991516113,-0.02708493173122406
11,0.6276349425315857,0.22984842956066132,-0.03305269032716751
12,0.6104534864425659,0.19018590450286865,-0.03519086167216301
13,0.6820812821388245,0.3756121098995209,-0.02955491840839386
14,0.6175469756126404,0.3580418527126312,-0.04296422749757767
15,0.6150153875350952,0.39291542768478394,-0.03953160345554352
16,0.6262871623039246,0.41193386912345886,-0.03237103670835495
17,0.6642173528671265,0.4059191942214966,-0.04492546617984772
18,0.6104178428649902,0.3932062089443207,-0.050370797514915466
19,0.609661877155304,0.418546587228775,-0.04269013926386833
20,0.6208111047744751,0.4327520728111267,-0.034668684005737305