0,0.39431050419807434,0.8970589637756348,4.617361923919816e-07
1,0.39700886607170105,0.8184748888015747,0.0005384599789977074
2,0.36784833669662476,0.7689061760902405,-0.0037485056091099977
3,0.3281443119049072,0.7651071548461914,-0.010006796568632126
4,0.29957181215286255,0.7776814103126526,-0.017047371715307236
5,0.3415118455886841,0.7361202836036682,-0.014166675508022308
6,0.30697858333587646,0.660362958908081,-0.026164265349507332
7,0.2856975495815277,0.6161438822746277,-0.031873349100351334
8,0.26871147751808167,0.5850174427032471,-0.03329111263155937
9,0.31365934014320374,0.7661368250846863,-0.020430533215403557
10,0.25971925258636475,0.7026742696762085,-0.030399223789572716
11,0.22671407461166382,0.6669241786003113,-0.035354260355234146
12,0.20114678144454956,0.6430130004882812,-0.037127431482076645
13,0.29507243633270264,0.8039782047271729,-0.025161465629935265
14,0.2672277092933655,0.7741190791130066,-0.034420717507600784
15,0.2857030928134918,0.7821614742279053,-0.031975340098142624
16,0.301545649766922,0.7952380180358887,-0.02570980042219162
17,0.2831496298313141,0.8424932360649109,-0.029575025662779808
18,0.261839896440506,0.8098140358924866,-0.030678292736411095
19,0.2776623070240021,0.8131738901138306,-0.02016618847846985
20,0.29205381870269775,0.8244521617889404,-0.009499726817011833