0,0.5314594507217407,0.9654204249382019,5.020954745305062e-07
1,0.522021472454071,0.8857274055480957,0.00978566613048315
2,0.4881519377231598,0.8389142155647278,0.006053983699530363
3,0.45504534244537354,0.8387713432312012,-0.0015050352085381746
4,0.42803579568862915,0.8562062382698059,-0.011026367545127869
5,0.47660794854164124,0.8081509470939636,-0.013121552765369415
6,0.44147637486457825,0.73268061876297,-0.025390122085809708
7,0.42043131589889526,0.6886823177337646,-0.031157338991761208
8,0.40371179580688477,0.6541898250579834,-0.03269904479384422
9,0.4511493742465973,0.8386613130569458,-0.02446765825152397
10,0.3943905234336853,0.7719758749008179,-0.033286239951848984
11,0.359824001789093,0.7355470061302185,-0.03659516200423241
12,0.3328314423561096,0.7104339003562927,-0.03807902708649635
13,0.43256866931915283,0.8786327242851257,-0.03306439146399498
14,0.3913898169994354,0.8431165814399719,-0.04076875001192093
15,0.41142112016677856,0.8559868335723877,-0.03459251672029495
16,0.4292300045490265,0.8711452484130859,-0.026555826887488365
17,0.4210120439529419,0.9198383092880249,-0.04052980989217758
18,0.3902195394039154,0.8833476901054382,-0.04059798642992973
19,0.4074975550174713,0.8911293148994446,-0.02658785693347454
20,0.4238590896129608,0.9028796553611755,-0.013792605139315128