0,0.7390904426574707,0.7510560750961304,4.0879140783545154e-07
1,0.746188759803772,0.6773593425750732,0.02384525164961815
2,0.7339838147163391,0.6202671527862549,0.027065014466643333
3,0.7080097198486328,0.5903895497322083,0.022823093459010124
4,0.684380292892456,0.5859386920928955,0.01824379339814186
5,0.7333917617797852,0.5732314586639404,0.0070891715586185455
6,0.7199403047561646,0.49519023299217224,-0.0038351649418473244
7,0.7165977358818054,0.44469672441482544,-0.008970316499471664
8,0.7154602408409119,0.4087277054786682,-0.01126715075224638
9,0.7170541286468506,0.5797778367996216,-0.011072853580117226
10,0.6830282211303711,0.494570255279541,-0.027237407863140106
11,0.6618500351905823,0.43945854902267456,-0.03710702061653137
12,0.6486023664474487,0.40265703201293945,-0.04241332411766052
13,0.695382833480835,0.6011123061180115,-0.025693360716104507
14,0.6416422128677368,0.5654805302619934,-0.03095591813325882
15,0.6419810652732849,0.5951216220855713,-0.0192133579403162
16,0.6534057855606079,0.6110782623291016,-0.008542769588530064
17,0.6733593940734863,0.6293253898620605,-0.03930982947349548
18,0.6276569962501526,0.6020194292068481,-0.036115143448114395
19,0.6309117078781128,0.6264105439186096,-0.021598991006612778
20,0.6412070989608765,0.6406627893447876,-0.009267812594771385