0,0.7898761630058289,0.7209465503692627,4.0688883018447086e-07
1,0.7889643907546997,0.6508422493934631,0.014079790562391281
2,0.7724938988685608,0.5941841006278992,0.012130450457334518
3,0.744766891002655,0.568160355091095,0.004343574866652489
4,0.7199666500091553,0.5610291957855225,-0.004465523641556501
5,0.7792710661888123,0.553753137588501,-0.005086533259600401
6,0.763007402420044,0.4730197787284851,-0.019243204966187477
7,0.756621241569519,0.4237906336784363,-0.02507883496582508
8,0.7536014914512634,0.38478004932403564,-0.0265808142721653
9,0.7641746401786804,0.5608054399490356,-0.020294062793254852
10,0.7265803813934326,0.4735863506793976,-0.03449905291199684
11,0.7050504088401794,0.42092493176460266,-0.04031787067651749
12,0.6904726624488831,0.3796084523200989,-0.042429469525814056
13,0.7453645467758179,0.5808610320091248,-0.03346112743020058
14,0.6865741014480591,0.5446842312812805,-0.046393271535634995
15,0.6773616671562195,0.5755975246429443,-0.0428975485265255
16,0.683258056640625,0.5978721380233765,-0.03587906435132027
17,0.7229481935501099,0.6079358458518982,-0.04545663669705391
18,0.6727797389030457,0.580691397190094,-0.050256311893463135
19,0.6667160987854004,0.6029810309410095,-0.04194115102291107
20,0.6725943088531494,0.6199906468391418,-0.03325662016868591