0,0.8153133392333984,0.8222478032112122,4.440716168119252e-07
1,0.8076754808425903,0.7495463490486145,0.02445906773209572
2,0.7904887795448303,0.6878730058670044,0.02544425241649151
3,0.7589372396469116,0.654248058795929,0.018659673631191254
4,0.7319568395614624,0.6410337686538696,0.012148403562605381
5,0.802234947681427,0.6303145885467529,0.0020583951845765114
6,0.7861519455909729,0.5412786602973938,-0.011060603894293308
7,0.7828530073165894,0.4854363203048706,-0.017105426639318466
8,0.7817221879959106,0.4430866837501526,-0.019984329119324684
9,0.7954769730567932,0.6395339369773865,-0.018796101212501526
10,0.7587974071502686,0.5434225797653198,-0.03682499751448631
11,0.7407621741294861,0.48079854249954224,-0.04696262255311012
12,0.730647623538971,0.43773770332336426,-0.05293633043766022
13,0.7791215777397156,0.661688506603241,-0.03616677597165108
14,0.7108557820320129,0.6057985424995422,-0.04599267989397049
15,0.6916158199310303,0.6329528093338013,-0.037054430693387985
16,0.6912358403205872,0.6553014516830444,-0.027801332995295525
17,0.7575840353965759,0.6894587278366089,-0.05212971568107605
18,0.6979352831840515,0.6459571719169617,-0.05264890193939209
19,0.6860560774803162,0.6629641652107239,-0.04134732857346535
20,0.6877748370170593,0.678991973400116,-0.03143492341041565