0,0.5582065582275391,0.960665762424469,4.754814995067136e-07
1,0.602354109287262,0.9480597972869873,-0.015550809912383556
2,0.6446167230606079,0.905890703201294,-0.02670319750905037
3,0.6617635488510132,0.8703474402427673,-0.0404437854886055
4,0.6426421403884888,0.8499884009361267,-0.05196021497249603
5,0.6348565220832825,0.7865217924118042,-0.012131422758102417
6,0.6677496433258057,0.7189340591430664,-0.030081061646342278
7,0.6868361830711365,0.6774027347564697,-0.04164619371294975
8,0.7011185884475708,0.6413760185241699,-0.049279432743787766
9,0.6022151112556458,0.7804822325706482,-0.02165254019200802
10,0.6122878193855286,0.6862974166870117,-0.04573628306388855
11,0.6290490627288818,0.6363766193389893,-0.05934878811240196
12,0.6408688426017761,0.5941287279129028,-0.0656326562166214
13,0.5730542540550232,0.7950403094291687,-0.03314527869224548
14,0.6159960031509399,0.7525379657745361,-0.06686295568943024
15,0.6311790347099304,0.8077503442764282,-0.06929706037044525
16,0.6298748850822449,0.8449041247367859,-0.06138474494218826
17,0.5533331632614136,0.8250507712364197,-0.046087514609098434
18,0.5992550253868103,0.8194421529769897,-0.07180169224739075
19,0.6102511286735535,0.857203483581543,-0.07162579894065857
20,0.6040069460868835,0.8814968466758728,-0.06533704698085785