0,0.8246158957481384,0.7896396517753601,3.9113302818805096e-07
1,0.8239389061927795,0.7180721759796143,0.01020270586013794
2,0.8083478808403015,0.6560947895050049,0.007358907256275415
3,0.7796609401702881,0.6230635046958923,-0.001006943522952497
4,0.7536851167678833,0.6099425554275513,-0.009648796170949936
5,0.8168915510177612,0.6148355007171631,-0.004490871448069811
6,0.8012272119522095,0.534478485584259,-0.02119128778576851
7,0.7965397834777832,0.4837898015975952,-0.02923145890235901
8,0.7952757477760315,0.4425962567329407,-0.03236066922545433
9,0.803487241268158,0.6207059025764465,-0.01848725788295269
10,0.7700556516647339,0.5344032049179077,-0.036154430359601974
11,0.7529511451721191,0.47889548540115356,-0.04405911639332771
12,0.742014467716217,0.4337303638458252,-0.04738670960068703
13,0.7848882079124451,0.6381930112838745,-0.031417347490787506
14,0.7271639704704285,0.6011960506439209,-0.04792512208223343
15,0.7224254012107849,0.6311736702919006,-0.0450955405831337
16,0.7328034043312073,0.6508899331092834,-0.03772139921784401
17,0.7619192004203796,0.6608780026435852,-0.04371024668216705
18,0.7098462581634521,0.6357624530792236,-0.05153072997927666
19,0.7065064907073975,0.6595348715782166,-0.04458548501133919
20,0.7153854370117188,0.675798773765564,-0.03633615002036095