0,0.8580653071403503,0.8525869250297546,3.746137338112021e-07
1,0.8588961958885193,0.786526083946228,0.016400257125496864
2,0.8449024558067322,0.7257787585258484,0.014903529547154903
3,0.8157623410224915,0.6913806796073914,0.007196828257292509
4,0.7907593250274658,0.6769446134567261,-0.0005712340353056788
5,0.8587968349456787,0.6769132018089294,-0.003720317967236042
6,0.8461049795150757,0.5953440070152283,-0.01711719110608101
7,0.8431400060653687,0.5454508066177368,-0.02237689308822155
8,0.8412500619888306,0.5066701173782349,-0.02436876855790615
9,0.8488694429397583,0.6836234331130981,-0.02121344953775406
10,0.8217531442642212,0.58928382396698,-0.03780258819460869
11,0.8043338060379028,0.5324094891548157,-0.044724270701408386
12,0.7922157049179077,0.49119895696640015,-0.047623954713344574
13,0.8311861753463745,0.7028657793998718,-0.03628107160329819
14,0.7679144144058228,0.6499067544937134,-0.04906667396426201
15,0.7553199529647827,0.6786165833473206,-0.04167016223073006
16,0.7608836889266968,0.7003098726272583,-0.03214714303612709
17,0.808735728263855,0.7287918329238892,-0.0503336638212204
18,0.7550015449523926,0.6861392855644226,-0.054159801453351974
19,0.7457040548324585,0.7060074806213379,-0.04431072995066643
20,0.750307023525238,0.7231864333152771,-0.034877024590969086