0,0.7382882833480835,0.8983747959136963,4.356029705832043e-07
1,0.7426403760910034,0.8141955733299255,0.01965167000889778
2,0.7227766513824463,0.7493424415588379,0.019030611962080002
3,0.6902452707290649,0.7253872156143188,0.01198198739439249
4,0.6615685820579529,0.7222017645835876,0.0033780457451939583
5,0.7249799370765686,0.706116795539856,-0.006912757642567158
6,0.7063431739807129,0.6172013282775879,-0.022048257291316986
7,0.7013649940490723,0.5627996325492859,-0.02909761108458042
8,0.6986835598945618,0.5205559134483337,-0.0318644680082798
9,0.703591525554657,0.7187677621841431,-0.024428587406873703
10,0.6661437749862671,0.6207766532897949,-0.03902401030063629
11,0.6453553438186646,0.5655021071434021,-0.04536573588848114
12,0.6301697492599487,0.5242363214492798,-0.0489480160176754
13,0.6797301173210144,0.7444966435432434,-0.038529545068740845
14,0.6234909892082214,0.688856303691864,-0.04726070910692215
15,0.6260249614715576,0.7197743654251099,-0.03723933547735214
16,0.6379644870758057,0.7410803437232971,-0.027257094159722328
17,0.6569350957870483,0.7770081162452698,-0.05126822739839554
18,0.6101212501525879,0.7357651591300964,-0.05161485821008682
19,0.6149066686630249,0.757606029510498,-0.037404317408800125
20,0.6274568438529968,0.7745527029037476,-0.025053564459085464