0,0.5956876277923584,0.9494672417640686,4.5596749487231136e-07
1,0.6417900919914246,0.9399674534797668,-0.014589629136025906
2,0.6881976127624512,0.9006485939025879,-0.025744721293449402
3,0.709182620048523,0.8629027009010315,-0.04057851433753967
4,0.6918357610702515,0.8383373022079468,-0.053007591515779495
5,0.6776250004768372,0.7825769186019897,-0.011339073069393635
6,0.7120440006256104,0.7133277654647827,-0.03049795888364315
7,0.7316593527793884,0.6701059341430664,-0.04198716953396797
8,0.7453556656837463,0.6328780651092529,-0.04952910169959068
9,0.64644855260849,0.7726727724075317,-0.022364754229784012
10,0.662632405757904,0.676540195941925,-0.04930751770734787
11,0.680158257484436,0.6264207363128662,-0.06339522451162338
12,0.6924716234207153,0.5858206748962402,-0.06935905665159225
13,0.6190857291221619,0.7832671999931335,-0.03550809249281883
14,0.6673141717910767,0.7388041019439697,-0.07140331715345383
15,0.6803863644599915,0.7990378737449646,-0.07191096991300583
16,0.6789016723632812,0.8386480808258057,-0.06198662146925926
17,0.6021085977554321,0.8109396696090698,-0.05020099878311157
18,0.6519105434417725,0.8042643666267395,-0.0764893889427185
19,0.6586162447929382,0.8464159369468689,-0.07538604736328125
20,0.650131344795227,0.8747443556785583,-0.06813246011734009