0,0.8940959572792053,0.6416175365447998,4.484843714180897e-07
1,0.8473597764968872,0.6121783256530762,0.0003062042233068496
2,0.8196989297866821,0.5758514404296875,-0.0084685068577528
3,0.7920724153518677,0.5509905815124512,-0.021890709176659584
4,0.7750438451766968,0.5261704325675964,-0.033497996628284454
5,0.8770275115966797,0.48389023542404175,-0.001061872928403318
6,0.8635449409484863,0.41615286469459534,-0.013098147697746754
7,0.8613605499267578,0.37212711572647095,-0.020555034279823303
8,0.8624746203422546,0.3357868194580078,-0.024554984644055367
9,0.8763507008552551,0.48341503739356995,-0.012360140681266785
10,0.8413209319114685,0.4032544493675232,-0.02926749736070633
11,0.8236650228500366,0.34991586208343506,-0.03885018453001976
12,0.8146772384643555,0.3091759979724884,-0.04305558651685715
13,0.8667035698890686,0.49572989344596863,-0.024114973843097687
14,0.8021809458732605,0.46909764409065247,-0.04117569699883461
15,0.7869018316268921,0.5027442574501038,-0.03973356634378433
16,0.7895131707191467,0.5270629525184631,-0.03313857689499855
17,0.8486658930778503,0.5150449872016907,-0.03655065596103668
18,0.7949764728546143,0.49521714448928833,-0.04669352248311043
19,0.783492922782898,0.5190970301628113,-0.042428988963365555
20,0.7861875891685486,0.5376177430152893,-0.035935547202825546