0,0.7737811803817749,0.8738274574279785,-3.30530241399174e-07
1,0.7335395216941833,0.8139273524284363,0.014122894033789635
2,0.6910703182220459,0.7641512751579285,0.00815912988036871
3,0.643287181854248,0.750446617603302,-0.00354687194339931
4,0.6045530438423157,0.7554163932800293,-0.01627572998404503
5,0.7228212356567383,0.6772110462188721,0.0032576131634414196
6,0.6563005447387695,0.65086430311203,-0.013533532619476318
7,0.6257634162902832,0.6659939289093018,-0.02476785145699978
8,0.6128025650978088,0.6818382740020752,-0.030599838122725487
9,0.7260993719100952,0.7003237009048462,-0.013303585350513458
10,0.6499260663986206,0.6779972314834595,-0.028361039236187935
11,0.6255260705947876,0.7115045189857483,-0.03462568670511246
12,0.6197811961174011,0.7368008494377136,-0.03816628456115723
13,0.7228714227676392,0.7351554036140442,-0.029597047716379166
14,0.6509490013122559,0.7217531204223633,-0.042810309678316116
15,0.6257189512252808,0.7499101161956787,-0.04342269524931908
16,0.6189237236976624,0.7688775062561035,-0.04257218539714813
17,0.7134695053100586,0.7735942006111145,-0.04434099420905113
18,0.65744948387146,0.7550798058509827,-0.05096404254436493
19,0.6388721466064453,0.7686932682991028,-0.04843832552433014
20,0.6346549987792969,0.7807123064994812,-0.04568825662136078