0,0.3865843415260315,0.9381181597709656,5.277527179714525e-07
1,0.38633856177330017,0.8674752712249756,0.001553841051645577
2,0.3650059700012207,0.8221509456634521,-0.0032321573235094547
3,0.3354041576385498,0.8197044730186462,-0.009897713549435139
4,0.3090846836566925,0.8306868672370911,-0.016717901453375816
5,0.32480043172836304,0.7827911376953125,-0.012865626253187656
6,0.2904043197631836,0.7112405300140381,-0.022927777841687202
7,0.26957181096076965,0.6683930158615112,-0.02675170637667179
8,0.25375500321388245,0.6380314230918884,-0.026456285268068314
9,0.29787445068359375,0.8124326467514038,-0.018640073016285896
10,0.24205854535102844,0.7568260431289673,-0.02699253335595131
11,0.21059682965278625,0.7243474721908569,-0.029733406379818916
12,0.1878027766942978,0.7023391723632812,-0.029456090182065964
13,0.2804598808288574,0.8488926887512207,-0.02282201312482357
14,0.26028117537498474,0.8255485892295837,-0.0301502775400877
15,0.278828501701355,0.83584064245224,-0.0267719067633152
16,0.29277801513671875,0.8492441177368164,-0.01963864639401436
17,0.2696639895439148,0.8853254318237305,-0.02673964388668537
18,0.25543391704559326,0.8603534698486328,-0.025567054748535156
19,0.27070653438568115,0.8665345311164856,-0.014549129642546177
20,0.2832891643047333,0.8765058517456055,-0.0032397599425166845