0,0.8428674936294556,0.8604291677474976,3.6039349993188807e-07
1,0.8483177423477173,0.789349377155304,0.02865573950111866
2,0.8382495641708374,0.7335765957832336,0.03414855897426605
3,0.8134972453117371,0.7006139755249023,0.03066934458911419
4,0.7889688014984131,0.6871176958084106,0.02692156843841076
5,0.8489116430282593,0.6868084669113159,0.01579691283404827
6,0.8416438102722168,0.6050952672958374,0.006842429284006357
7,0.8425425887107849,0.5544907450675964,0.002961426740512252
8,0.8442977070808411,0.5162490606307983,0.0014818321214988828
9,0.8340886235237122,0.6875157952308655,-0.005497795529663563
10,0.8099625110626221,0.5943841338157654,-0.019347839057445526
11,0.7947328686714172,0.5363647937774658,-0.026806076988577843
12,0.7858225107192993,0.4960648715496063,-0.030254194512963295
13,0.8122316598892212,0.7014161348342896,-0.02379014529287815
14,0.7588385343551636,0.6489178538322449,-0.030620848760008812
15,0.7530990242958069,0.6824048757553101,-0.019832242280244827
16,0.7622000575065613,0.702883243560791,-0.008954870514571667
17,0.7883347868919373,0.7233840823173523,-0.040470391511917114
18,0.7408892512321472,0.6784839630126953,-0.03914782404899597
19,0.7370612621307373,0.704927384853363,-0.025198357179760933
20,0.7459798455238342,0.7234877943992615,-0.012899644672870636