0,0.7235879898071289,0.8714603781700134,4.7338883746306237e-07
1,0.7250913977622986,0.7968496084213257,0.011991869658231735
2,0.7032984495162964,0.7346614599227905,0.01052621379494667
3,0.6682004928588867,0.7125043869018555,0.004364756867289543
4,0.6381359100341797,0.7088729739189148,-0.0027819874230772257
5,0.7068679928779602,0.699100136756897,-0.0058686574921011925
6,0.6906423568725586,0.6188375949859619,-0.01864439621567726
7,0.6829111576080322,0.569634735584259,-0.023071812465786934
8,0.677643358707428,0.5314441919326782,-0.023770980536937714
9,0.6884883642196655,0.7097509503364563,-0.019481057301163673
10,0.6524277925491333,0.6211390495300293,-0.033077601343393326
11,0.6303871870040894,0.5699903964996338,-0.03754686564207077
12,0.6134967803955078,0.5291759967803955,-0.038306016474962234
13,0.668755829334259,0.7325991988182068,-0.03111805021762848
14,0.6098985075950623,0.6910883188247681,-0.0441606231033802
15,0.6070736050605774,0.7220051884651184,-0.03952718526124954
16,0.6167406439781189,0.7431296110153198,-0.031037455424666405
17,0.6481017470359802,0.7622881531715393,-0.0415952168405056
18,0.5986272692680359,0.7346640825271606,-0.04745342954993248
19,0.5965679287910461,0.7575721144676208,-0.03911637142300606
20,0.6048867702484131,0.7735940217971802,-0.02967982552945614