0,0.3503110110759735,0.9786930680274963,5.512425218512362e-07
1,0.3912285268306732,0.9497019052505493,-0.02438584342598915
2,0.41666075587272644,0.9001927375793457,-0.03765420988202095
3,0.3923824727535248,0.8660092353820801,-0.051346901804208755
4,0.3566130995750427,0.8500051498413086,-0.0634458139538765
5,0.3914790153503418,0.7850152254104614,-0.020487109199166298
6,0.4097321033477783,0.7046217918395996,-0.04156602919101715
7,0.4192219376564026,0.6545397043228149,-0.05441208928823471
8,0.4265003800392151,0.6114968657493591,-0.06169914826750755
9,0.3531595468521118,0.7842402458190918,-0.024322500452399254
10,0.3411984145641327,0.6935145854949951,-0.04740332439541817
11,0.33476895093917847,0.63676518201828,-0.061628468334674835
12,0.32944804430007935,0.5899468064308167,-0.06804527342319489
13,0.32134342193603516,0.809185266494751,-0.030568603426218033
14,0.32539433240890503,0.7663399577140808,-0.0642176941037178
15,0.3436315059661865,0.8144315481185913,-0.0689665749669075
16,0.3531181216239929,0.8542027473449707,-0.06167726218700409
17,0.29646435379981995,0.8499577641487122,-0.038614701479673386
18,0.30892935395240784,0.8370433449745178,-0.06450317054986954
19,0.32909104228019714,0.8650006055831909,-0.06397302448749542
20,0.3407646119594574,0.8883857131004333,-0.05616428330540657