0,0.7730806469917297,0.5585092902183533,4.78135802950419e-07
1,0.7497012615203857,0.5053685307502747,0.011275500059127808
2,0.719030499458313,0.45957550406455994,0.0057219876907765865
3,0.6773725748062134,0.44568148255348206,-0.006834469269961119
4,0.6547494530677795,0.4522078335285187,-0.018976230174303055
5,0.7446437478065491,0.3930220603942871,0.0013956658076494932
6,0.7252708673477173,0.3213503956794739,-0.012842181138694286
7,0.7191805243492126,0.27274611592292786,-0.021046290174126625
8,0.7170764803886414,0.23468680679798126,-0.026121489703655243
9,0.7361195683479309,0.3991430997848511,-0.015520799905061722
10,0.6945919394493103,0.3211594820022583,-0.03438863530755043
11,0.6703079342842102,0.2684664726257324,-0.045752495527267456
12,0.6559196710586548,0.22841237485408783,-0.05220987647771835
13,0.7211931943893433,0.42071786522865295,-0.031239347532391548
14,0.6569803357124329,0.40044206380844116,-0.043543312698602676
15,0.6560202240943909,0.43697118759155273,-0.03643692284822464
16,0.6684719324111938,0.4515673816204071,-0.0278636384755373
17,0.703146755695343,0.4480063021183014,-0.04715220630168915
18,0.6499078273773193,0.43689557909965515,-0.05079735442996025
19,0.652757465839386,0.4658479392528534,-0.04153267294168472
20,0.6659878492355347,0.4782639145851135,-0.033036015927791595