0,0.7998322248458862,0.5782470703125,4.3390951987021253e-07
1,0.7815549969673157,0.518851637840271,0.0163523331284523
2,0.7533716559410095,0.47208988666534424,0.014721407555043697
3,0.7161514163017273,0.4536639451980591,0.0050528706051409245
4,0.6909942030906677,0.4534769654273987,-0.004475001711398363
5,0.7743452191352844,0.41444477438926697,0.007944727316498756
6,0.7545788288116455,0.34210294485092163,-0.004957818891853094
7,0.7488072514533997,0.29462212324142456,-0.01213175617158413
8,0.747642993927002,0.2558148205280304,-0.01619410514831543
9,0.765569806098938,0.4184774160385132,-0.010883260518312454
10,0.7233719825744629,0.3397347629070282,-0.028920838609337807
11,0.6991304159164429,0.2854267358779907,-0.039840299636125565
12,0.685675323009491,0.24425259232521057,-0.04566910117864609
13,0.7504827976226807,0.43712589144706726,-0.02836918644607067
14,0.6867243647575378,0.41488388180732727,-0.04152835160493851
15,0.6827878952026367,0.4541145861148834,-0.035456087440252304
16,0.6936026811599731,0.47288569808006287,-0.027034763246774673
17,0.7318782806396484,0.46270495653152466,-0.045445747673511505
18,0.6769691109657288,0.4474363625049591,-0.05022135749459267
19,0.6774064302444458,0.48007744550704956,-0.04112902283668518
20,0.6894720792770386,0.4965871274471283,-0.032292600721120834