0,0.48724016547203064,0.9688271880149841,4.682755161411478e-07
1,0.535047709941864,0.9548888206481934,-0.02075349912047386
2,0.5739709138870239,0.9169826507568359,-0.03368458151817322
3,0.5791890621185303,0.8820900321006775,-0.04821149259805679
4,0.5567107200622559,0.8558751344680786,-0.06065730005502701
5,0.5694719552993774,0.7915330529212952,-0.018740452826023102
6,0.5950523614883423,0.7196452021598816,-0.03978683799505234
7,0.6100552678108215,0.6754496693611145,-0.05377331003546715
8,0.622837245464325,0.6352648735046387,-0.06313695758581161
9,0.5325810313224792,0.7845801115036011,-0.02643638476729393
10,0.5331377983093262,0.6916425228118896,-0.05149746313691139
11,0.5422873497009277,0.6414534449577332,-0.0670941174030304
12,0.5501010417938232,0.5983274579048157,-0.07507340610027313
13,0.4984743893146515,0.8022931218147278,-0.03647396340966225
14,0.5238569378852844,0.7603729963302612,-0.07258940488100052
15,0.5398718118667603,0.8156811594963074,-0.07761377841234207
16,0.5435363054275513,0.8559731245040894,-0.07096803933382034
17,0.4716872274875641,0.8371474742889404,-0.04825432226061821
18,0.5027637481689453,0.8336458802223206,-0.07639968395233154
19,0.5188685655593872,0.8672722578048706,-0.07832737267017365
20,0.5235249400138855,0.8900490999221802,-0.07303395867347717