0,0.862533688545227,0.8539108633995056,3.818459788362816e-07
1,0.8660694360733032,0.7847896218299866,0.014933415688574314
2,0.855777382850647,0.7222893238067627,0.012923594564199448
3,0.8318660855293274,0.6843695044517517,0.005431875120848417
4,0.8082202076911926,0.6645439267158508,-0.002460946561768651
5,0.8684889078140259,0.6800097823143005,-0.007875770330429077
6,0.857907235622406,0.5967824459075928,-0.022521141916513443
7,0.8542258143424988,0.5453606247901917,-0.028589265421032906
8,0.8512283563613892,0.5051777958869934,-0.03060745634138584
9,0.8571276664733887,0.6866273880004883,-0.02402309514582157
10,0.8286568522453308,0.5905827283859253,-0.04051757603883743
11,0.8121978044509888,0.5316064953804016,-0.046772025525569916
12,0.8003432750701904,0.4882718324661255,-0.04927073046565056
13,0.8385527729988098,0.7046386003494263,-0.03778114914894104
14,0.7775119543075562,0.6477320194244385,-0.051924318075180054
15,0.7608426213264465,0.6728258728981018,-0.04637831076979637
16,0.7616883516311646,0.6963542103767395,-0.03789026662707329
17,0.8147951364517212,0.7289524674415588,-0.05029670149087906
18,0.7624880075454712,0.6817529201507568,-0.055367566645145416
19,0.7493749856948853,0.69793301820755,-0.04655509814620018
20,0.7493746876716614,0.7150326371192932,-0.03770582005381584