0,0.6977847814559937,0.9097396731376648,4.919969569527893e-07
1,0.6999444961547852,0.8204334378242493,0.01606924831867218
2,0.674802839756012,0.7537848353385925,0.013645393773913383
3,0.6422881484031677,0.7393705248832703,0.005437812767922878
4,0.6131492853164673,0.7451925873756409,-0.004876238293945789
5,0.6811190843582153,0.7183769345283508,-0.0099709527567029
6,0.6647332310676575,0.6285666227340698,-0.025057312101125717
7,0.6587099432945251,0.575167715549469,-0.03219045326113701
8,0.6548288464546204,0.5319080352783203,-0.034566789865493774
9,0.6544697284698486,0.7331807613372803,-0.02599162794649601
10,0.6162537336349487,0.6347540616989136,-0.037990543991327286
11,0.5943829417228699,0.582084059715271,-0.042135853320360184
12,0.5768603682518005,0.5404442548751831,-0.04405878856778145
13,0.6289165616035461,0.7598963975906372,-0.03909192234277725
14,0.5782652497291565,0.7023059725761414,-0.04872014373540878
15,0.583921492099762,0.7310898900032043,-0.04207244887948036
16,0.5968721508979797,0.754185140132904,-0.03354252502322197
17,0.6058905124664307,0.7931047081947327,-0.05073648691177368
18,0.5655601024627686,0.747429370880127,-0.05138810724020004
19,0.571881115436554,0.7645900845527649,-0.038274627178907394
20,0.5854921936988831,0.7808932065963745,-0.026459289714694023