0,0.7353367805480957,0.6419281959533691,5.133728677719773e-07
1,0.7297546863555908,0.5691636800765991,0.014436268247663975
2,0.7109760046005249,0.5088152885437012,0.012378677725791931
3,0.6798661947250366,0.48357927799224854,0.0038140963297337294
4,0.6513344049453735,0.4773263931274414,-0.004793425556272268
5,0.7224308848381042,0.46039754152297974,0.0017690104432404041
6,0.7087358832359314,0.37810298800468445,-0.01190298143774271
7,0.7047762274742126,0.3246805667877197,-0.01831783354282379
8,0.7038105726242065,0.28286731243133545,-0.0207230094820261
9,0.7096022963523865,0.46473631262779236,-0.015318086370825768
10,0.6738119125366211,0.3725336194038391,-0.030746182426810265
11,0.6551386713981628,0.31423836946487427,-0.03827374428510666
12,0.643299400806427,0.2683177590370178,-0.041189733892679214
13,0.6921992301940918,0.48327553272247314,-0.030828550457954407
14,0.6280756592750549,0.44569337368011475,-0.0441088005900383
15,0.6205708980560303,0.47996002435684204,-0.039043575525283813
16,0.6289224624633789,0.5010941028594971,-0.030483664944767952
17,0.669779360294342,0.510129451751709,-0.04569585993885994
18,0.6157225370407104,0.4846498370170593,-0.05012323334813118
19,0.6125452518463135,0.5096805691719055,-0.040780048817396164
20,0.6220832467079163,0.525825560092926,-0.031192796304821968