0,0.8163155317306519,0.449140727519989,3.992916219885956e-07
1,0.7697194218635559,0.4224594831466675,0.004041479900479317
2,0.7409847974777222,0.3850416839122772,-0.0035920855589210987
3,0.7110458612442017,0.3667873442173004,-0.01646740734577179
4,0.6896100044250488,0.3438336253166199,-0.028567403554916382
5,0.7928968667984009,0.290857195854187,-0.0022883510682731867
6,0.7756293416023254,0.22289732098579407,-0.01396714337170124
7,0.7706817984580994,0.17981962859630585,-0.021374264732003212
8,0.768925666809082,0.14184272289276123,-0.025290871039032936
9,0.7912471890449524,0.2914011776447296,-0.015711553394794464
10,0.7547115683555603,0.20961913466453552,-0.030820177868008614
11,0.7336970567703247,0.1565171182155609,-0.0397842600941658
12,0.7203792333602905,0.11553990840911865,-0.044211629778146744
13,0.7826103568077087,0.3057786524295807,-0.028846465051174164
14,0.7158849239349365,0.2801034450531006,-0.04465484619140625
15,0.7029091715812683,0.3170379400253296,-0.0435921736061573
16,0.7071682810783386,0.3426418900489807,-0.03802768513560295
17,0.7654731869697571,0.3281729221343994,-0.042159371078014374
18,0.7106333374977112,0.31022948026657104,-0.05201908200979233
19,0.6999384164810181,0.33585673570632935,-0.047651760280132294
20,0.70411616563797,0.35539892315864563,-0.04160362109541893