0,0.8946588039398193,0.6143167018890381,4.705466949417314e-07
1,0.84417325258255,0.5815401077270508,0.0015463873278349638
2,0.8194903135299683,0.5414685606956482,-0.008419910445809364
3,0.7935838103294373,0.5131465792655945,-0.023156216368079185
4,0.7742117047309875,0.4879814088344574,-0.03663136437535286
5,0.8754823207855225,0.45340296626091003,-0.008605878800153732
6,0.8634396195411682,0.38051390647888184,-0.021216517314314842
7,0.8611502051353455,0.33457982540130615,-0.02821528911590576
8,0.8598501086235046,0.29723674058914185,-0.032245539128780365
9,0.8781333565711975,0.45327648520469666,-0.020396506413817406
10,0.8490079045295715,0.36843806505203247,-0.03749355673789978
11,0.8326276540756226,0.31208348274230957,-0.047557663172483444
12,0.8226065635681152,0.2714924216270447,-0.053297195583581924
13,0.8704374432563782,0.4668043851852417,-0.03163410350680351
14,0.8022666573524475,0.4320262670516968,-0.04744354635477066
15,0.780749499797821,0.46560677886009216,-0.045341309159994125
16,0.7783282995223999,0.49507975578308105,-0.03975240886211395
17,0.8528597354888916,0.48711317777633667,-0.04338211938738823
18,0.796037495136261,0.4661898612976074,-0.05300558730959892
19,0.780247151851654,0.48666104674339294,-0.050006940960884094
20,0.7788596153259277,0.5050438642501831,-0.04548242688179016