0,0.3199657201766968,0.962464451789856,6.042208724466036e-07
1,0.3633054196834564,0.9323065280914307,-0.025203542783856392
2,0.389875203371048,0.8812549710273743,-0.03940315917134285
3,0.3621797561645508,0.8528802990913391,-0.05452844128012657
4,0.32137688994407654,0.8417989611625671,-0.06868046522140503
5,0.3714181184768677,0.7602863907814026,-0.02136426977813244
6,0.39192891120910645,0.678142249584198,-0.044046539813280106
7,0.40402138233184814,0.6262954473495483,-0.05856671556830406
8,0.41168367862701416,0.581627607345581,-0.06747103482484818
9,0.3282460570335388,0.7562329769134521,-0.026034140959382057
10,0.31647947430610657,0.6651709079742432,-0.05104232206940651
11,0.30849429965019226,0.6079442501068115,-0.06732963025569916
12,0.3004656732082367,0.5596777200698853,-0.07519754767417908
13,0.2935844659805298,0.7802414894104004,-0.033215124160051346
14,0.28630566596984863,0.736727237701416,-0.06821050494909286
15,0.3040965497493744,0.7916669249534607,-0.07419000566005707
16,0.3156285583972931,0.8333960771560669,-0.06789402663707733
17,0.2672141492366791,0.82304447889328,-0.04241165518760681
18,0.2697640061378479,0.8194456100463867,-0.0706857293844223
19,0.2882609963417053,0.8545324206352234,-0.07216940075159073
20,0.302403062582016,0.8801201581954956,-0.0655352845788002