0,0.7388851642608643,0.7494085431098938,4.181734993835562e-07
1,0.7453999519348145,0.6776144504547119,0.022666551172733307
2,0.7342765927314758,0.6199570894241333,0.025270631536841393
3,0.7116966843605042,0.5906341671943665,0.020723514258861542
4,0.6908115148544312,0.5846577882766724,0.01589776575565338
5,0.7325044274330139,0.5749472379684448,0.004539465997368097
6,0.7197349667549133,0.4958537817001343,-0.006376706063747406
7,0.716615617275238,0.4458058476448059,-0.010643997229635715
8,0.7155691385269165,0.4097428321838379,-0.012354194186627865
9,0.7159613370895386,0.5807976722717285,-0.013157565146684647
10,0.6839130520820618,0.49445027112960815,-0.029858965426683426
11,0.6620178818702698,0.44053515791893005,-0.03912881389260292
12,0.6477996110916138,0.40444493293762207,-0.043795395642519
13,0.6940972208976746,0.6017045378684998,-0.027311699464917183
14,0.6421048641204834,0.5646383166313171,-0.03355102241039276
15,0.6409868597984314,0.5949925780296326,-0.022036204114556313
16,0.6506454348564148,0.6124362349510193,-0.011228966526687145
17,0.6723297834396362,0.6297197341918945,-0.04047686606645584
18,0.6293801069259644,0.603015661239624,-0.03778272494673729
19,0.631990909576416,0.6260671615600586,-0.023754751309752464
20,0.6409574747085571,0.6399930119514465,-0.011722354218363762