0,0.7481222748756409,0.5132498741149902,4.374144282337511e-07
1,0.7274447679519653,0.45303866267204285,0.014175121672451496
2,0.6976826190948486,0.40416720509529114,0.011380383744835854
3,0.6619667410850525,0.3911144435405731,0.0018199706682935357
4,0.6337915062904358,0.393830269575119,-0.007937419228255749
5,0.7131481766700745,0.3453560173511505,0.003581714816391468
6,0.6916412711143494,0.27452027797698975,-0.009143431670963764
7,0.6831365823745728,0.22783417999744415,-0.015303767286241055
8,0.6787310838699341,0.18923735618591309,-0.017586033791303635
9,0.7039066553115845,0.35265645384788513,-0.013892579823732376
10,0.6592721343040466,0.2743370234966278,-0.0279620923101902
11,0.6353288888931274,0.2247764617204666,-0.033923521637916565
12,0.6189591884613037,0.18370752036571503,-0.03580188751220703
13,0.6914592385292053,0.3736077547073364,-0.030229704454541206
14,0.6252915263175964,0.3535614013671875,-0.04422561451792717
15,0.6233378052711487,0.38933804631233215,-0.04028334096074104
16,0.6355761289596558,0.40707385540008545,-0.03229258954524994
17,0.6740826964378357,0.4037666618824005,-0.04581289738416672
18,0.6184488534927368,0.38704270124435425,-0.051376812160015106
19,0.617803156375885,0.4148324429988861,-0.042572952806949615
20,0.6300948858261108,0.4307323098182678,-0.03342865779995918