0,0.8074048161506653,0.8703762292861938,4.4979057634009223e-07
1,0.8147839903831482,0.7941540479660034,0.021195538341999054
2,0.8034345507621765,0.7344075441360474,0.021915102377533913
3,0.7768750786781311,0.7013429403305054,0.01601595990359783
4,0.7513208389282227,0.6867262125015259,0.00994045753031969
5,0.8086415529251099,0.6886300444602966,-0.0010882880305871367
6,0.8011217713356018,0.6029968857765198,-0.015379814431071281
7,0.8009128570556641,0.548920750617981,-0.022670190781354904
8,0.8012311458587646,0.5075421333312988,-0.026020612567663193
9,0.7939703464508057,0.6947384476661682,-0.018804050981998444
10,0.7667103409767151,0.5996578335762024,-0.0358157642185688
11,0.7500821948051453,0.5392950773239136,-0.044854987412691116
12,0.7401896715164185,0.4960603713989258,-0.04989376664161682
13,0.7721490859985352,0.7135454416275024,-0.03328932449221611
14,0.7171115875244141,0.6542680859565735,-0.04275144636631012
15,0.7022291421890259,0.680306077003479,-0.033893685787916183
16,0.7043218612670898,0.7022200226783752,-0.024356074631214142
17,0.7485389709472656,0.7386715412139893,-0.046495016664266586
18,0.700286865234375,0.6932482719421387,-0.04654073342680931
19,0.6924088001251221,0.7109086513519287,-0.034624963998794556
20,0.6970469951629639,0.725984513759613,-0.023912714794278145