0,0.8793416619300842,0.8586702942848206,3.583822092423361e-07
1,0.8804506063461304,0.7894818186759949,0.020398009568452835
2,0.8688233494758606,0.7294318079948425,0.019587313756346703
3,0.8427684307098389,0.6927050352096558,0.01185279805213213
4,0.8177273869514465,0.6734382510185242,0.0035347691737115383
5,0.8841168880462646,0.6816099882125854,-0.0023918484803289175
6,0.8731208443641663,0.5958263278007507,-0.015202125534415245
7,0.8707795143127441,0.5444093942642212,-0.02055251970887184
8,0.8693135976791382,0.5036986470222473,-0.022567572072148323
9,0.8758499622344971,0.6890257000923157,-0.021665485575795174
10,0.8498538732528687,0.5923336744308472,-0.036768458783626556
11,0.8347100019454956,0.5320826172828674,-0.04331298917531967
12,0.823799192905426,0.489629328250885,-0.04663630947470665
13,0.8588513135910034,0.7075213193893433,-0.038170717656612396
14,0.7968621850013733,0.6472785472869873,-0.04957805573940277
15,0.7763517498970032,0.6709033250808716,-0.043461788445711136
16,0.7741689085960388,0.6950104832649231,-0.035766005516052246
17,0.836120069026947,0.7315495610237122,-0.05319593474268913
18,0.7827287316322327,0.6813145875930786,-0.05679447576403618
19,0.7682945728302002,0.6960535645484924,-0.0479743666946888
20,0.7668418884277344,0.712986946105957,-0.039732880890369415