0,0.15778625011444092,1.0063425302505493,5.835335059600766e-07
1,0.15404850244522095,0.931057333946228,0.0016479133628308773
2,0.18095014989376068,0.8572458028793335,-0.011074247770011425
3,0.23077383637428284,0.8227637410163879,-0.026733333244919777
4,0.2685936689376831,0.8025106191635132,-0.04051283001899719
5,0.14643225073814392,0.8198947310447693,-0.03012886829674244
6,0.16618093848228455,0.7283304929733276,-0.0489947684109211
7,0.17492689192295074,0.6729188561439514,-0.05819696560502052
8,0.18077979981899261,0.6287229061126709,-0.06463745981454849
9,0.16311931610107422,0.8412753343582153,-0.04594738781452179
10,0.19864989817142487,0.7447317242622375,-0.06874047219753265
11,0.2234303504228592,0.6909590363502502,-0.0772048756480217
12,0.2433096468448639,0.6500101089477539,-0.08290037512779236
13,0.18548700213432312,0.8726146221160889,-0.059673771262168884
14,0.2553207576274872,0.8088261485099792,-0.0780305564403534
15,0.2566778361797333,0.8384667634963989,-0.06712711602449417
16,0.24301789700984955,0.8623277544975281,-0.05658236891031265
17,0.21242833137512207,0.9082236886024475,-0.07400330901145935
18,0.2666098177433014,0.8638354539871216,-0.08099273592233658
19,0.2618944048881531,0.8828275203704834,-0.06819998472929001
20,0.2451634705066681,0.8986835479736328,-0.057661060243844986