0,0.7771236896514893,0.8601464033126831,3.9324007161667396e-07
1,0.7766737341880798,0.7893466949462891,0.014181829057633877
2,0.7589271068572998,0.7261930108070374,0.012729328125715256
3,0.7288634181022644,0.6945067644119263,0.0060629332438111305
4,0.7020523548126221,0.6832448840141296,-0.001314713736064732
5,0.7609301805496216,0.6822301149368286,-0.009107652120292187
6,0.7386744022369385,0.5963642001152039,-0.024671269580721855
7,0.7301186919212341,0.5434472560882568,-0.03067222610116005
8,0.7237656116485596,0.5031653642654419,-0.032221727073192596
9,0.7465949058532715,0.6930655241012573,-0.024764373898506165
10,0.7078343629837036,0.600498378276825,-0.0419025719165802
11,0.6794905066490173,0.5473952293395996,-0.04805358871817589
12,0.6573046445846558,0.5096064805984497,-0.04977927356958389
13,0.7273164391517639,0.7178763151168823,-0.03811965510249138
14,0.6631826758384705,0.668222188949585,-0.05265243723988533
15,0.6496846079826355,0.6929622292518616,-0.047693051397800446
16,0.6522205471992493,0.7144845128059387,-0.03899679332971573
17,0.7054577469825745,0.7495513558387756,-0.05016177520155907
18,0.6529493927955627,0.7106252908706665,-0.055067967623472214
19,0.645717442035675,0.726258397102356,-0.04582168161869049
20,0.6507539749145508,0.7415462732315063,-0.03606608137488365