0,0.5071501731872559,0.9699966907501221,5.087201202513825e-07
1,0.5024414658546448,0.8935962915420532,0.007387600373476744
2,0.4702518880367279,0.8463311791419983,0.003773057134822011
3,0.43364718556404114,0.8444801568984985,-0.0027095573022961617
4,0.40594959259033203,0.8591890335083008,-0.01066146232187748
5,0.4522785246372223,0.8153448104858398,-0.012931432574987411
6,0.4163174629211426,0.7409911155700684,-0.024725355207920074
7,0.3959295451641083,0.6961293816566467,-0.030421307310461998
8,0.3808121979236603,0.6618942022323608,-0.03173518925905228
9,0.4253830909729004,0.8468044996261597,-0.021319380030035973
10,0.37061721086502075,0.7822394371032715,-0.028518225997686386
11,0.3372153043746948,0.7466264367103577,-0.031107762828469276
12,0.3113071918487549,0.722463846206665,-0.03210993483662605
13,0.40624096989631653,0.8863855600357056,-0.0273016057908535
14,0.37143561244010925,0.8482270836830139,-0.032574351876974106
15,0.39265406131744385,0.8581424355506897,-0.02584218420088291
16,0.4100097715854645,0.872668981552124,-0.01785087399184704
17,0.39499709010124207,0.9259538650512695,-0.032491184771060944
18,0.3700435161590576,0.889510452747345,-0.03060935065150261
19,0.3873630464076996,0.8958970904350281,-0.01690775901079178
20,0.4021633565425873,0.9075503349304199,-0.004520763643085957