0,0.8949307203292847,0.6405904293060303,4.7317456619566656e-07
1,0.8458476066589355,0.6115878820419312,0.00038447248516604304
2,0.8199858069419861,0.5747112035751343,-0.009080098010599613
3,0.7926613092422485,0.5495324730873108,-0.023140106350183487
4,0.7730021476745605,0.5258015394210815,-0.0357242114841938
5,0.8752654790878296,0.4876337945461273,-0.003456092206761241
6,0.8632839918136597,0.4176154136657715,-0.015332506038248539
7,0.8610420227050781,0.3724818527698517,-0.02237442135810852
8,0.8613779544830322,0.335727334022522,-0.026363221928477287
9,0.876456618309021,0.4866597652435303,-0.014811367727816105
10,0.8417056202888489,0.4039744436740875,-0.03109637089073658
11,0.8236837387084961,0.34964489936828613,-0.0406825914978981
12,0.8143175840377808,0.30834242701530457,-0.045599356293678284
13,0.8683475255966187,0.49847039580345154,-0.026337718591094017
14,0.8010134100914001,0.47065430879592896,-0.04245360195636749
15,0.7855016589164734,0.5055118799209595,-0.04022913798689842
16,0.7887639403343201,0.5304808616638184,-0.03388405218720436
17,0.8504310250282288,0.5166003108024597,-0.03857395425438881
18,0.7943325638771057,0.4976138770580292,-0.04869978502392769
19,0.7838268876075745,0.5221283435821533,-0.044740624725818634
20,0.7879935503005981,0.540158748626709,-0.038988444954156876