0,0.35283327102661133,0.9279711246490479,4.6489765281876316e-07
1,0.3536117970943451,0.8546498417854309,0.011714253574609756
2,0.33446797728538513,0.8103736639022827,0.012922610156238079
3,0.3024306297302246,0.8006258010864258,0.011488757096230984
4,0.27712324261665344,0.8033244609832764,0.009901255369186401
5,0.2949656546115875,0.7748324275016785,-0.004700898192822933
6,0.2599012553691864,0.7067000865936279,-0.010265473276376724
7,0.23848894238471985,0.6677329540252686,-0.01025514118373394
8,0.2226673811674118,0.6407538652420044,-0.0070137945003807545
9,0.2670774459838867,0.8048255443572998,-0.011293508112430573
10,0.2132386565208435,0.7521156072616577,-0.017398623749613762
11,0.18119676411151886,0.7211679220199585,-0.017572052776813507
12,0.1588783711194992,0.7021242380142212,-0.014439932070672512
13,0.2492971122264862,0.8414725065231323,-0.014809154905378819
14,0.23446381092071533,0.8225014209747314,-0.015132350847125053
15,0.2512359619140625,0.827807605266571,-0.00787260103970766
16,0.26470211148262024,0.8400660157203674,0.001538194832392037
17,0.24010388553142548,0.8796426057815552,-0.01744147390127182
18,0.23392990231513977,0.8595750331878662,-0.007419356610625982
19,0.24760963022708893,0.8643300533294678,0.007323484402149916
20,0.25998491048812866,0.8754305243492126,0.02106054499745369