0,0.6133646965026855,0.9522929191589355,5.161805916031881e-07
1,0.6020190119743347,0.8751530051231384,0.012758446857333183
2,0.5645328760147095,0.8215866088867188,0.008379812352359295
3,0.5259233117103577,0.8168126940727234,2.7380503524909727e-05
4,0.49566328525543213,0.8283856511116028,-0.00968948844820261
5,0.5565049648284912,0.7790170907974243,-0.01887662708759308
6,0.5184572339057922,0.698252260684967,-0.03587959334254265
7,0.5000713467597961,0.6476262807846069,-0.044646624475717545
8,0.4870757460594177,0.6094146966934204,-0.047971755266189575
9,0.5357267260551453,0.8109117746353149,-0.032036636024713516
10,0.4749211370944977,0.7385161519050598,-0.04699490964412689
11,0.4363829493522644,0.6958603858947754,-0.05375005304813385
12,0.4061594605445862,0.6668582558631897,-0.057758696377277374
13,0.5165723562240601,0.853005051612854,-0.041737399995326996
14,0.45638322830200195,0.8203281760215759,-0.05098550766706467
15,0.4732789695262909,0.8388653993606567,-0.04196595028042793
16,0.4935453534126282,0.8540693521499634,-0.03217601776123047
17,0.5022600293159485,0.8957974314689636,-0.0502324253320694
18,0.4566006064414978,0.8652989864349365,-0.051125504076480865
19,0.4713656008243561,0.8769332766532898,-0.03653501346707344
20,0.4892899990081787,0.8878641724586487,-0.023205548524856567