0,0.7288284301757812,0.5679059028625488,4.655152281429764e-07
1,0.7203348278999329,0.506094217300415,0.008786753751337528
2,0.6982022523880005,0.4536060690879822,0.004246938042342663
3,0.6640603542327881,0.4306231439113617,-0.005587693769484758
4,0.6373692750930786,0.42819586396217346,-0.015522312372922897
5,0.7139933705329895,0.404610812664032,-0.0051365867257118225
6,0.7001280784606934,0.3264544606208801,-0.019392024725675583
7,0.694841742515564,0.27745139598846436,-0.02534271404147148
8,0.6932985782623291,0.2398303598165512,-0.027143940329551697
9,0.704063892364502,0.4096442759037018,-0.01908702403306961
10,0.6662330627441406,0.3242446184158325,-0.03623831644654274
11,0.6467686891555786,0.26911109685897827,-0.043635837733745575
12,0.6338124871253967,0.22631432116031647,-0.04607672244310379
13,0.6885712742805481,0.4276714026927948,-0.031810685992240906
14,0.6238531470298767,0.40051668882369995,-0.048158660531044006
15,0.6183620095252991,0.43536531925201416,-0.04554663971066475
16,0.6283724308013916,0.4577380120754242,-0.03798794373869896
17,0.6672305464744568,0.4518018364906311,-0.043960295617580414
18,0.6134747862815857,0.4329451322555542,-0.051612209528684616
19,0.6101625561714172,0.4593547284603119,-0.04494362697005272
20,0.618985652923584,0.4769705533981323,-0.03699243813753128