0,0.631399929523468,0.7695862054824829,4.723071924672695e-07
1,0.6470357775688171,0.6939811110496521,0.015015803277492523
2,0.6362993717193604,0.6308031678199768,0.012292098253965378
3,0.6086055040359497,0.604282021522522,0.004537314176559448
4,0.5815510749816895,0.6008142232894897,-0.0048582651652395725
5,0.6438412666320801,0.5954065918922424,-0.011645745486021042
6,0.6362181305885315,0.5099636316299438,-0.028330793604254723
7,0.6370978355407715,0.4570612907409668,-0.03743480145931244
8,0.6390159130096436,0.41686418652534485,-0.0409623458981514
9,0.6178417205810547,0.6039837598800659,-0.025578372180461884
10,0.5887388586997986,0.5102629661560059,-0.04020782560110092
11,0.5703932642936707,0.45047155022621155,-0.048111382871866226
12,0.5555851459503174,0.40824270248413086,-0.052289173007011414
13,0.5891744494438171,0.6235131025314331,-0.036202672868967056
14,0.552107572555542,0.5784863829612732,-0.043361976742744446
15,0.5587853193283081,0.6002976894378662,-0.03577564284205437
16,0.5686672925949097,0.6205340623855591,-0.026986390352249146
17,0.5617689490318298,0.6482658386230469,-0.04586254432797432
18,0.537678062915802,0.6098728179931641,-0.043861813843250275
19,0.5458533763885498,0.6295655965805054,-0.029622770845890045
20,0.555607795715332,0.6489972472190857,-0.016785548999905586