0,0.8582257032394409,0.6476382613182068,3.762338884882865e-09
1,0.8529046773910522,0.5882358551025391,0.008611133322119713
2,0.8268429040908813,0.5397544503211975,-0.00034991136635653675
3,0.7866873145103455,0.5220255851745605,-0.012392012402415276
4,0.7512615919113159,0.5170758366584778,-0.026589680463075638
5,0.8449345827102661,0.47885987162590027,-0.022942811250686646
6,0.8222107291221619,0.39574697613716125,-0.04269350320100784
7,0.8172047734260559,0.34524959325790405,-0.056722499430179596
8,0.8127967119216919,0.3022726774215698,-0.06645863503217697
9,0.8346417546272278,0.4967721998691559,-0.03431007266044617
10,0.7681283354759216,0.4640064537525177,-0.054166123270988464
11,0.7451096177101135,0.48715853691101074,-0.05818629637360573
12,0.7401070594787598,0.5048552751541138,-0.06042112782597542
13,0.8176763653755188,0.5250288844108582,-0.043732184916734695
14,0.753747284412384,0.48785239458084106,-0.05708074942231178
15,0.7372472286224365,0.5053317546844482,-0.05037539824843407
16,0.737511157989502,0.5221965909004211,-0.044972602277994156
17,0.7975146770477295,0.5560332536697388,-0.052138786762952805
18,0.750278115272522,0.5238631963729858,-0.060363419353961945
19,0.7366264462471008,0.522936999797821,-0.05564068257808685
20,0.7352722883224487,0.5220500826835632,-0.05048089474439621