0,0.7750601768493652,0.8736197352409363,4.0722414951233077e-07
1,0.7825440168380737,0.7979941368103027,0.018822355195879936
2,0.7694724798202515,0.7328376173973083,0.018760522827506065
3,0.7419301867485046,0.6994757056236267,0.01274842768907547
4,0.7158150672912598,0.6895756125450134,0.005431863944977522
5,0.7731383442878723,0.689752995967865,-0.007243613246828318
6,0.7598505020141602,0.6019160151481628,-0.021563349291682243
7,0.757219135761261,0.5486971139907837,-0.027396185323596
8,0.7557500004768372,0.5085334777832031,-0.029107697308063507
9,0.7547351121902466,0.6990336775779724,-0.02366854064166546
10,0.7228723764419556,0.6014953851699829,-0.03786886855959892
11,0.7028058767318726,0.5447806119918823,-0.04381388798356056
12,0.6876846551895142,0.5036035776138306,-0.04665372520685196
13,0.732060968875885,0.7211659550666809,-0.03688179701566696
14,0.6757373809814453,0.6642463207244873,-0.04679667949676514
15,0.6641681790351868,0.6910106539726257,-0.040233954787254333
16,0.6671311259269714,0.7146103382110596,-0.03192099556326866
17,0.7080658674240112,0.7496764063835144,-0.04852099344134331
18,0.6598474383354187,0.7085895538330078,-0.049905069172382355
19,0.6524924039840698,0.7248758673667908,-0.03954485058784485
20,0.6559373140335083,0.739829957485199,-0.029782049357891083