0,0.8765662908554077,0.8578651547431946,3.823134875347023e-07
1,0.8791138529777527,0.7884446978569031,0.019610252231359482
2,0.8672881722450256,0.7288358807563782,0.01909177377820015
3,0.8402419686317444,0.6913555264472961,0.011823889799416065
4,0.8157063126564026,0.6730626821517944,0.004387327004224062
5,0.8801254630088806,0.6826265454292297,-0.002120260614901781
6,0.8680766820907593,0.5938324928283691,-0.014693264849483967
7,0.8662147521972656,0.5416632294654846,-0.01846570521593094
8,0.8648746609687805,0.5018002390861511,-0.01897483691573143
9,0.8716568946838379,0.689678966999054,-0.020665260031819344
10,0.8460603356361389,0.5909703969955444,-0.03786807134747505
11,0.830122709274292,0.5310071110725403,-0.044603776186704636
12,0.8182056546211243,0.490840882062912,-0.04708882421255112
13,0.8540658950805664,0.7077240943908691,-0.03647623211145401
14,0.7934778928756714,0.645163357257843,-0.04985211044549942
15,0.7754448056221008,0.6678189039230347,-0.043718867003917694
16,0.7753458619117737,0.6910486221313477,-0.03479645028710365
17,0.8306169509887695,0.7304447889328003,-0.050660114735364914
18,0.7771502137184143,0.6774211525917053,-0.05472176522016525
19,0.7646586298942566,0.6929121613502502,-0.04543805494904518
20,0.7652868628501892,0.7110555171966553,-0.036162275820970535