0,0.8309987187385559,0.8569088578224182,3.517536981689773e-07
1,0.8366570472717285,0.788443922996521,0.0173563864082098
2,0.8295673131942749,0.7261274456977844,0.019883733242750168
3,0.8128459453582764,0.6842758655548096,0.015985507518053055
4,0.8001393675804138,0.6588994860649109,0.012076882645487785
5,0.8342348337173462,0.6830848455429077,0.005328026134520769
6,0.8267830014228821,0.605475902557373,-0.006450814660638571
7,0.826213002204895,0.5561349391937256,-0.011085309088230133
8,0.826751172542572,0.5187298059463501,-0.012287359684705734
9,0.8207310438156128,0.6862172484397888,-0.01047644205391407
10,0.7955411672592163,0.5962778925895691,-0.02603907138109207
11,0.7797044515609741,0.5407828092575073,-0.03281105309724808
12,0.7691444754600525,0.4996638000011444,-0.03501801937818527
13,0.8004969358444214,0.7018243074417114,-0.024436337873339653
14,0.7454636096954346,0.6518357992172241,-0.037808578461408615
15,0.7378033399581909,0.6848673820495605,-0.030938677489757538
16,0.7457042336463928,0.7078365683555603,-0.020855048671364784
17,0.7772754430770874,0.7237751483917236,-0.037198346108198166
18,0.7280616760253906,0.6837250590324402,-0.042399559170007706
19,0.7227178812026978,0.7101689577102661,-0.032546866685152054
20,0.7295677661895752,0.7305200099945068,-0.022018948569893837