0,0.8846650719642639,0.5262984037399292,4.964015829500568e-07
1,0.8310324549674988,0.4876740574836731,0.006431993097066879
2,0.8028947114944458,0.44549840688705444,-0.0020619204733520746
3,0.7742877006530762,0.4180227220058441,-0.016657313331961632
4,0.7558397650718689,0.3904455602169037,-0.030069107189774513
5,0.8669719696044922,0.35793647170066833,-0.0017023863038048148
6,0.8541712164878845,0.2832907438278198,-0.01075197197496891
7,0.8509299755096436,0.2385234832763672,-0.015580764971673489
8,0.8484325408935547,0.2014913260936737,-0.01853562332689762
9,0.8693523406982422,0.35838791728019714,-0.01649961993098259
10,0.8373904824256897,0.2721875309944153,-0.02978184074163437
11,0.8197312355041504,0.21483515202999115,-0.03826594725251198
12,0.808080792427063,0.1740083396434784,-0.04329276084899902
13,0.860924243927002,0.3740493059158325,-0.030522018671035767
14,0.7892230749130249,0.34309765696525574,-0.041775159537792206
15,0.7716977000236511,0.3788752257823944,-0.03794142231345177
16,0.772085964679718,0.4071277379989624,-0.0320608876645565
17,0.8423097133636475,0.3967190086841583,-0.04499126970767975
18,0.7857315540313721,0.3750561475753784,-0.051020074635744095
19,0.7723102569580078,0.39643698930740356,-0.04642876982688904
20,0.7720755338668823,0.4156695008277893,-0.041327208280563354