0,0.9166293144226074,0.6613839268684387,4.5832561568204255e-07
1,0.8675506711006165,0.6289504766464233,0.006034273654222488
2,0.8427800536155701,0.5901761651039124,-0.0013787347124889493
3,0.8163214325904846,0.5655957460403442,-0.014225334860384464
4,0.7957305312156677,0.5408614873886108,-0.026050347834825516
5,0.9016030430793762,0.5060155987739563,-0.002312518423423171
6,0.8910966515541077,0.4344635605812073,-0.011855443939566612
7,0.8888110518455505,0.391120970249176,-0.01676626317203045
8,0.8880047798156738,0.3552021384239197,-0.01947345770895481
9,0.9028321504592896,0.5057767629623413,-0.016034677624702454
10,0.8725616335868835,0.4205065965652466,-0.030404431745409966
11,0.855326771736145,0.36412596702575684,-0.03974863141775131
12,0.8448585867881775,0.3253282904624939,-0.04515128210186958
13,0.8942646980285645,0.5183581709861755,-0.028972921893000603
14,0.8289086818695068,0.48647287487983704,-0.0422629676759243
15,0.806773841381073,0.5173964500427246,-0.04085958003997803
16,0.8019829988479614,0.5439622402191162,-0.03618353232741356
17,0.8755367398262024,0.537020742893219,-0.04199470207095146
18,0.8214815855026245,0.5145928859710693,-0.04903848469257355
19,0.8050390481948853,0.5333587527275085,-0.04531046003103256
20,0.8008284568786621,0.5501392483711243,-0.04071365296840668