0,0.49169984459877014,0.7010580897331238,3.6063457287127676e-07
1,0.5286762118339539,0.6182602047920227,-0.00014260866737458855
2,0.5387879014015198,0.5436917543411255,-0.003181754844263196
3,0.511457622051239,0.5033518671989441,-0.007523834705352783
4,0.48358821868896484,0.4894205331802368,-0.014049302786588669
5,0.47312986850738525,0.4859778881072998,-0.016739632934331894
6,0.45912060141563416,0.3896571397781372,-0.02954176813364029
7,0.4482681453227997,0.3324104845523834,-0.0369853638112545
8,0.43775269389152527,0.2931854724884033,-0.04114319384098053
9,0.43188944458961487,0.4986000657081604,-0.026149064302444458
10,0.39390867948532104,0.3908712863922119,-0.03646136075258255
11,0.3682316243648529,0.32598748803138733,-0.04400850832462311
12,0.34614211320877075,0.2814158797264099,-0.04909401759505272
13,0.40202033519744873,0.5303971171379089,-0.034943580627441406
14,0.3585270345211029,0.43993204832077026,-0.04658006504178047
15,0.33093658089637756,0.38369885087013245,-0.06067982316017151
16,0.3098298907279968,0.3424763083457947,-0.07059480249881744
17,0.38176408410072327,0.5753186941146851,-0.042498473078012466
18,0.3327067792415619,0.5342158675193787,-0.056458037346601486
19,0.30038127303123474,0.5088831186294556,-0.06511747092008591
20,0.27271193265914917,0.48865044116973877,-0.0697949081659317