0,0.3060062527656555,0.6890231370925903,4.43957759443947e-07
1,0.3774953782558441,0.7134506106376648,-0.03251040354371071
2,0.45355743169784546,0.7027276754379272,-0.04735450819134712
3,0.5104457139968872,0.6786186695098877,-0.060593459755182266
4,0.5590536594390869,0.6607471108436584,-0.07322066277265549
5,0.47642454504966736,0.5484224557876587,-0.0202446561306715
6,0.5323885083198547,0.49488091468811035,-0.0427764430642128
7,0.5657479763031006,0.4590916037559509,-0.06336521357297897
8,0.5940019488334656,0.42856523394584656,-0.07821052521467209
9,0.44818544387817383,0.4995107054710388,-0.022715002298355103
10,0.5046749711036682,0.41896456480026245,-0.041897501796483994
11,0.5433660745620728,0.373696506023407,-0.06028120592236519
12,0.5773544311523438,0.3382764160633087,-0.07405545562505722
13,0.4099682569503784,0.471841424703598,-0.030373629182577133
14,0.4586651027202606,0.3925524950027466,-0.05240093544125557
15,0.49317052960395813,0.35089248418807983,-0.06957455724477768
16,0.5245623588562012,0.31926292181015015,-0.08129636198282242
17,0.36180782318115234,0.46258944272994995,-0.0412781722843647
18,0.37642309069633484,0.38477110862731934,-0.0641225054860115
19,0.386518657207489,0.3314468264579773,-0.0758606493473053
20,0.3986150324344635,0.2825329601764679,-0.08317090570926666