0,0.6119190454483032,0.5325472950935364,2.4336989667972375e-07
1,0.6373645067214966,0.4815378785133362,0.013250506483018398
2,0.6416714787483215,0.4422543942928314,0.013131131418049335
3,0.6339858174324036,0.4118221700191498,0.008848416619002819
4,0.6255898475646973,0.3897670805454254,0.0037407265044748783
5,0.648216962814331,0.4015793800354004,-0.004969058092683554
6,0.665457010269165,0.34505799412727356,-0.018768006935715675
7,0.6763737797737122,0.30476146936416626,-0.027626313269138336
8,0.6842924356460571,0.2764003574848175,-0.03085569106042385
9,0.626693606376648,0.39371806383132935,-0.016599459573626518
10,0.615050733089447,0.31700441241264343,-0.02826528437435627
11,0.6107430458068848,0.27260076999664307,-0.03366074711084366
12,0.6072565913200378,0.2387896329164505,-0.03560017794370651
13,0.6007919907569885,0.39927712082862854,-0.026379255577921867
14,0.5768616795539856,0.37315377593040466,-0.03648868203163147
15,0.5781471133232117,0.3948718309402466,-0.03563481569290161
16,0.5816861391067505,0.41369834542274475,-0.031072651967406273
17,0.5722974538803101,0.4099990725517273,-0.034854575991630554
18,0.5504136681556702,0.3602244257926941,-0.041415564715862274
19,0.5373505353927612,0.3290667235851288,-0.038855381309986115
20,0.5277974009513855,0.3012317717075348,-0.03454335033893585