0,0.4921979308128357,0.7780202627182007,8.093404169073892e-09
1,0.5584285259246826,0.7481565475463867,-0.008822670206427574
2,0.602254331111908,0.6948694586753845,-0.02343287505209446
3,0.6318543553352356,0.652786135673523,-0.042234666645526886
4,0.6414621472358704,0.6162840127944946,-0.06004245951771736
5,0.564456582069397,0.5615994930267334,-0.018024658784270287
6,0.590370237827301,0.48299431800842285,-0.040781255811452866
7,0.6080285310745239,0.4278362989425659,-0.0552835538983345
8,0.6197670102119446,0.38138821721076965,-0.06521373242139816
9,0.5344107151031494,0.5586559772491455,-0.02940377965569496
10,0.6136271357536316,0.5943400859832764,-0.06485635787248611
11,0.6182054281234741,0.6612240672111511,-0.07296154648065567
12,0.6029422879219055,0.692113995552063,-0.0714627206325531
13,0.5132730007171631,0.5799648761749268,-0.041649095714092255
14,0.5932334065437317,0.62457674741745,-0.07585253566503525
15,0.5915945768356323,0.6866086721420288,-0.06757313758134842
16,0.5761609077453613,0.7133835554122925,-0.0537337027490139
17,0.4994237720966339,0.6124924421310425,-0.05526740103960037
18,0.5640901923179626,0.6408314108848572,-0.07606235146522522
19,0.5698233842849731,0.6873964071273804,-0.066363126039505
20,0.5614213943481445,0.7123222351074219,-0.05308494344353676