0,0.5341097712516785,0.8559796810150146,1.2841238117289322e-07
1,0.5305768251419067,0.7548877000808716,0.013795934617519379
2,0.4979657232761383,0.6768960952758789,0.010528592392802238
3,0.45879167318344116,0.6489365100860596,0.004341781139373779
4,0.4219248294830322,0.6500676274299622,-0.004348413553088903
5,0.48958271741867065,0.6391326189041138,-0.021674178540706635
6,0.44095566868782043,0.5344672799110413,-0.03374524787068367
7,0.41615551710128784,0.4804762303829193,-0.037154193967580795
8,0.3973837196826935,0.4368632137775421,-0.038612108677625656
9,0.45634180307388306,0.6734362840652466,-0.034896671772003174
10,0.38771647214889526,0.590296745300293,-0.04650945961475372
11,0.3887680172920227,0.6191288232803345,-0.03995620831847191
12,0.40549156069755554,0.6467534899711609,-0.03300698101520538
13,0.4278011918067932,0.7178788185119629,-0.04459144547581673
14,0.36507195234298706,0.6315577030181885,-0.048917368054389954
15,0.36961162090301514,0.6509283781051636,-0.03196735307574272
16,0.3865850865840912,0.6734204292297363,-0.019701389595866203
17,0.40576520562171936,0.764582633972168,-0.05303822085261345
18,0.3589034974575043,0.6950145363807678,-0.05156338959932327
19,0.3606013059616089,0.6898348927497864,-0.03581701219081879
20,0.3719104528427124,0.6966640949249268,-0.02323409914970398