0,0.3517560064792633,0.920996904373169,-4.365765349234607e-08
1,0.42561790347099304,0.8683697581291199,0.014204680919647217
2,0.4624379277229309,0.7959222197532654,0.010790013708174229
3,0.4865293502807617,0.744698703289032,0.0007981143426150084
4,0.5085932016372681,0.711643636226654,-0.006775246001780033
5,0.42086061835289,0.681382417678833,-0.00443539721891284
6,0.5148265361785889,0.6595213413238525,-0.027182234451174736
7,0.5450074672698975,0.7150377035140991,-0.0409897118806839
8,0.5418989658355713,0.7599338889122009,-0.046735141426324844
9,0.4155367314815521,0.6992220878601074,-0.02263093739748001
10,0.5199727416038513,0.6781346797943115,-0.03913731873035431
11,0.5494682192802429,0.7405281066894531,-0.04141223058104515
12,0.5443527102470398,0.7846475839614868,-0.04127046838402748
13,0.41781085729599,0.7372830510139465,-0.04074983671307564
14,0.5160831212997437,0.7144825458526611,-0.05365355312824249
15,0.5442528128623962,0.7704014778137207,-0.04634717106819153
16,0.5395816564559937,0.8119432330131531,-0.0393594428896904
17,0.4246429204940796,0.7867632508277893,-0.05813015624880791
18,0.502048909664154,0.7741130590438843,-0.06223617121577263
19,0.5250161290168762,0.8049166202545166,-0.052955035120248795
20,0.5237061381340027,0.8315242528915405,-0.04494818300008774