0,0.36024588346481323,0.8485696315765381,7.213331514321908e-07
1,0.38054361939430237,0.7493216395378113,0.0012538733426481485
2,0.352486252784729,0.6755874156951904,-0.006003853399306536
3,0.2999834716320038,0.6624706983566284,-0.01101252343505621
4,0.2531873285770416,0.666752278804779,-0.019654681906104088
5,0.3383277654647827,0.6348513960838318,-0.03795713931322098
6,0.31171914935112,0.514839768409729,-0.04835706204175949
7,0.295306533575058,0.45383307337760925,-0.051465265452861786
8,0.2789444625377655,0.40757521986961365,-0.05156626179814339
9,0.29229623079299927,0.6610628962516785,-0.04368827864527702
10,0.2545880079269409,0.541037917137146,-0.050575513392686844
11,0.22844573855400085,0.4708767235279083,-0.05568551644682884
12,0.20551282167434692,0.42109590768814087,-0.058143939822912216
13,0.25470486283302307,0.6958371996879578,-0.04574832320213318
14,0.2130693793296814,0.5931622982025146,-0.05837101861834526
15,0.1885872632265091,0.521499514579773,-0.08034995198249817
16,0.16595807671546936,0.4734593629837036,-0.09616270661354065
17,0.23193255066871643,0.731701135635376,-0.04437461867928505
18,0.24536040425300598,0.6726198196411133,-0.05574202910065651
19,0.27152371406555176,0.6801505088806152,-0.05971409007906914
20,0.28983086347579956,0.7025251388549805,-0.06164777651429176