0,0.8367000818252563,0.8312144875526428,-8.556401098758215e-08
1,0.7794998288154602,0.7828426361083984,-0.020312365144491196
2,0.7450191378593445,0.700877845287323,-0.034227076917886734
3,0.7498673796653748,0.6366249322891235,-0.05093212425708771
4,0.7823430299758911,0.5994333624839783,-0.06655608862638474
5,0.7853686809539795,0.5872520208358765,-0.011288261041045189
6,0.7757382988929749,0.4765775203704834,-0.031794946640729904
7,0.7680836319923401,0.4117134213447571,-0.04800213873386383
8,0.7669712901115417,0.3567051887512207,-0.061107829213142395
9,0.8216424584388733,0.5942031145095825,-0.01863192394375801
10,0.8232795596122742,0.5036846399307251,-0.05760984122753143
11,0.7954661846160889,0.538092851638794,-0.07621187716722488
12,0.7811324000358582,0.5857948660850525,-0.08067499101161957
13,0.8564200401306152,0.6127727627754211,-0.028971323743462563
14,0.8628847002983093,0.5205958485603333,-0.06028255075216293
15,0.8314077258110046,0.5427911877632141,-0.0668778195977211
16,0.8144939541816711,0.5856033563613892,-0.06408984214067459
17,0.8925667405128479,0.6426185369491577,-0.04179149121046066
18,0.8978410363197327,0.5642301440238953,-0.06037101894617081
19,0.8691718578338623,0.5609959959983826,-0.06263789534568787
20,0.8481266498565674,0.5850028395652771,-0.06049074977636337