0,0.7632384300231934,0.5549780130386353,2.989789606999693e-07
1,0.7430630326271057,0.5038934946060181,0.007368564605712891
2,0.729033350944519,0.45441964268684387,0.00669734925031662
3,0.7104500532150269,0.4238271415233612,0.0028585123363882303
4,0.7020007371902466,0.3980183005332947,0.0010692041832953691
5,0.7993708848953247,0.39923450350761414,0.0053373901173472404
6,0.8123400211334229,0.33827245235443115,-0.0029171830974519253
7,0.8280054330825806,0.2970442771911621,-0.010007220320403576
8,0.8420603275299072,0.26594632863998413,-0.012843203730881214
9,0.7914383411407471,0.39249932765960693,-0.003962470684200525
10,0.7766984105110168,0.3177894949913025,-0.012439905665814877
11,0.7779330015182495,0.27174991369247437,-0.02039724588394165
12,0.7827402949333191,0.23214749991893768,-0.025072401389479637
13,0.7750540375709534,0.3937482535839081,-0.012916302308440208
14,0.7255508899688721,0.3660131096839905,-0.0232598427683115
15,0.7135522365570068,0.4000048339366913,-0.026481376960873604
16,0.7162037491798401,0.42794424295425415,-0.024103710427880287
17,0.7510567903518677,0.3981492519378662,-0.021428169682621956
18,0.731577455997467,0.34038814902305603,-0.02750784531235695
19,0.7210591435432434,0.3054068982601166,-0.02777271345257759
20,0.7171743512153625,0.27030229568481445,-0.02631625533103943