0,0.6844190955162048,0.7992486953735352,3.0641214721072174e-07
1,0.6321548223495483,0.7546367645263672,-0.016449851915240288
2,0.5960873365402222,0.6790533661842346,-0.025443799793720245
3,0.5740214586257935,0.6208804249763489,-0.0344666913151741
4,0.5521035194396973,0.5747511386871338,-0.04374091327190399
5,0.6480163931846619,0.5811975598335266,-0.01584763452410698
6,0.6367092728614807,0.4940648674964905,-0.034927114844322205
7,0.628109872341156,0.44124460220336914,-0.050886962562799454
8,0.6209201812744141,0.3963271975517273,-0.0627092644572258
9,0.6789958477020264,0.5835686326026917,-0.023076310753822327
10,0.6799864172935486,0.48589956760406494,-0.03985458239912987
11,0.6789731383323669,0.4250156283378601,-0.05448690056800842
12,0.6776638031005859,0.37424010038375854,-0.06493864208459854
13,0.7095910906791687,0.6031458377838135,-0.03329450264573097
14,0.7164506912231445,0.5146502256393433,-0.051412589848041534
15,0.7183661460876465,0.45706886053085327,-0.06303569674491882
16,0.7178743481636047,0.40490394830703735,-0.07120076566934586
17,0.7392480969429016,0.6382499933242798,-0.04522395133972168
18,0.7597049474716187,0.5759902596473694,-0.062055062502622604
19,0.7694575786590576,0.5328893065452576,-0.0686083659529686
20,0.7750961184501648,0.4918033480644226,-0.07280440628528595