0,0.5179391503334045,0.7030767202377319,-4.1736259959179733e-07
1,0.5790194272994995,0.6954993605613708,-0.012738978490233421
2,0.6421176195144653,0.650374710559845,-0.017938321456313133
3,0.6782259941101074,0.6005493402481079,-0.02526550181210041
4,0.6597215533256531,0.5621459484100342,-0.03005119040608406
5,0.6236132383346558,0.5360503792762756,-0.0010704995365813375
6,0.6646063327789307,0.5163736939430237,-0.021958691999316216
7,0.6510119438171387,0.5717476606369019,-0.03263707831501961
8,0.629248857498169,0.6001394987106323,-0.033823296427726746
9,0.596377432346344,0.525033175945282,-0.0058709015138447285
10,0.634239137172699,0.5079612135887146,-0.03239535540342331
11,0.6184531450271606,0.577238917350769,-0.04226819425821304
12,0.5966320633888245,0.6147241592407227,-0.040640611201524734
13,0.5652862787246704,0.5199058055877686,-0.014347799122333527
14,0.6018877029418945,0.5051581263542175,-0.04162924736738205
15,0.5933438539505005,0.571782648563385,-0.0443434938788414
16,0.5756583213806152,0.612324059009552,-0.036055758595466614
17,0.5309925079345703,0.5211197137832642,-0.0235869400203228
18,0.5440881252288818,0.4531177580356598,-0.03531220555305481
19,0.5568450093269348,0.4131447672843933,-0.03634094074368477
20,0.5662789940834045,0.37664464116096497,-0.03324783220887184