0,0.8983317613601685,0.7304649949073792,3.8153083892211725e-07
1,0.9152109622955322,0.6587819457054138,0.016641322523355484
2,0.909510612487793,0.587125301361084,0.016404317691922188
3,0.878355860710144,0.548183262348175,0.013423645868897438
4,0.8487026691436768,0.532636284828186,0.007567277178168297
5,0.9399133920669556,0.552338719367981,-0.012959923595190048
6,0.9451996684074402,0.45209455490112305,-0.023457732051610947
7,0.9499327540397644,0.3957479000091553,-0.02651687152683735
8,0.9516475796699524,0.35092437267303467,-0.02730223536491394
9,0.9221159219741821,0.5565861463546753,-0.029660282656550407
10,0.9237130284309387,0.4400205910205841,-0.044037822633981705
11,0.9245251417160034,0.3755297064781189,-0.04749881848692894
12,0.923956573009491,0.321937620639801,-0.046609990298748016
13,0.8952419757843018,0.5687034726142883,-0.043276261538267136
14,0.879967451095581,0.45822882652282715,-0.06316142529249191
15,0.8696891665458679,0.3983715772628784,-0.07271939516067505
16,0.8675873279571533,0.3463842272758484,-0.07572241872549057
17,0.8621633052825928,0.5901936888694763,-0.05290711298584938
18,0.8309292197227478,0.532800555229187,-0.0654686838388443
19,0.8183286190032959,0.5547116994857788,-0.059624578803777695
20,0.816767692565918,0.5820115804672241,-0.05306593328714371