0,0.8090318441390991,0.7223749160766602,3.7696892718486197e-07
1,0.8192209601402283,0.6469780206680298,0.015356038697063923
2,0.8165614604949951,0.5677486062049866,0.01687045395374298
3,0.8025669455528259,0.5173530578613281,0.01633928157389164
4,0.7860233783721924,0.48961377143859863,0.013071087189018726
5,0.835049033164978,0.53236323595047,-0.015763673931360245
6,0.8331109285354614,0.42608508467674255,-0.025431280955672264
7,0.8301249146461487,0.3616594672203064,-0.02738758735358715
8,0.8244489431381226,0.312103807926178,-0.027762938290834427
9,0.8217533826828003,0.5377047657966614,-0.03308211266994476
10,0.8223237991333008,0.4189685583114624,-0.04515611380338669
11,0.8192923069000244,0.3489665389060974,-0.047494545578956604
12,0.8153403997421265,0.29072335362434387,-0.046728700399398804
13,0.7960724830627441,0.5518515706062317,-0.0475335419178009
14,0.779109537601471,0.4457513689994812,-0.06448277831077576
15,0.7702507972717285,0.3837210536003113,-0.07392732053995132
16,0.7722224593162537,0.32980090379714966,-0.07868486642837524
17,0.7619042992591858,0.5768229961395264,-0.058607254177331924
18,0.7222103476524353,0.5287954807281494,-0.07238628715276718
19,0.7098639607429504,0.5491259098052979,-0.06968114525079727
20,0.7121850252151489,0.5724748373031616,-0.06592696160078049