0,0.3625926375389099,0.5266885757446289,2.863340853309637e-07
1,0.39048781991004944,0.43895038962364197,0.02935214899480343
2,0.3885146975517273,0.3688964247703552,0.03196468576788902
3,0.36431246995925903,0.32302597165107727,0.028061294928193092
4,0.33741965889930725,0.2994426488876343,0.021777784451842308
5,0.39889460802078247,0.3250492513179779,-0.01113626454025507
6,0.4148997962474823,0.22810915112495422,-0.030603336170315742
7,0.42624953389167786,0.1659395545721054,-0.04180312156677246
8,0.4361816644668579,0.1227509081363678,-0.04637531563639641
9,0.3679632842540741,0.3269975185394287,-0.03108493983745575
10,0.3461877107620239,0.21070203185081482,-0.045473530888557434
11,0.3350764811038971,0.14400410652160645,-0.05011093616485596
12,0.3261639177799225,0.09105688333511353,-0.05288838595151901
13,0.3339536190032959,0.3450477719306946,-0.04651392623782158
14,0.29177188873291016,0.2809838652610779,-0.055386487394571304
15,0.29282334446907043,0.3075896203517914,-0.048878759145736694
16,0.30011799931526184,0.3340609669685364,-0.04180140420794487
17,0.29773014783859253,0.37022823095321655,-0.05925796180963516
18,0.26002246141433716,0.29714053869247437,-0.06862778216600418
19,0.2359193116426468,0.25723111629486084,-0.06648402661085129
20,0.2172817885875702,0.22030216455459595,-0.062480829656124115