0,0.33100616931915283,0.6676974892616272,3.455726016454719e-07
1,0.3446461856365204,0.5773369669914246,0.022739503532648087
2,0.3304263949394226,0.5116930603981018,0.024833431467413902
3,0.29675695300102234,0.4820060431957245,0.020868169143795967
4,0.265738308429718,0.47216251492500305,0.015465791337192059
5,0.33524632453918457,0.46297088265419006,-0.0034758560359477997
6,0.34005653858184814,0.3699532449245453,-0.0172580536454916
7,0.34161049127578735,0.30953389406204224,-0.023941239342093468
8,0.344123899936676,0.2676270604133606,-0.025372439995408058
9,0.3029177486896515,0.4705275297164917,-0.020711805671453476
10,0.2710458040237427,0.36984559893608093,-0.03219987079501152
11,0.25403863191604614,0.311898410320282,-0.03692774474620819
12,0.24083703756332397,0.26825523376464844,-0.038932524621486664
13,0.2727992534637451,0.49526330828666687,-0.03447193279862404
14,0.23328986763954163,0.447727233171463,-0.0430322028696537
15,0.2416004091501236,0.47476014494895935,-0.039332009851932526
16,0.2519215941429138,0.49987345933914185,-0.033280208706855774
17,0.24347876012325287,0.5272671580314636,-0.04613698646426201
18,0.20148244500160217,0.47338515520095825,-0.051998887211084366
19,0.17542853951454163,0.4444540739059448,-0.04872472211718559
20,0.15292805433273315,0.4179433584213257,-0.04399454593658447