0,0.5270313024520874,0.852006196975708,4.306399432607577e-07
1,0.5464085936546326,0.7812209129333496,0.013490766286849976
2,0.5457994937896729,0.703663170337677,0.014660513959825039
3,0.5230156183242798,0.6559796333312988,0.012139419093728065
4,0.500863254070282,0.6278568506240845,0.009896899573504925
5,0.5540404915809631,0.6519442796707153,-0.008215636946260929
6,0.5710222721099854,0.5576785802841187,-0.0232885479927063
7,0.581775426864624,0.4990330934524536,-0.029214363545179367
8,0.5909860730171204,0.4564468264579773,-0.02963211014866829
9,0.5306177139282227,0.6519049406051636,-0.01959887519478798
10,0.5174275040626526,0.5425193309783936,-0.03358478099107742
11,0.5095080733299255,0.47896909713745117,-0.03722856193780899
12,0.5013018250465393,0.42826882004737854,-0.03766512870788574
13,0.5040342211723328,0.665721595287323,-0.028864001855254173
14,0.4571782648563385,0.6060536503791809,-0.04153496399521828
15,0.44806328415870667,0.6302964091300964,-0.03920548036694527
16,0.4484601616859436,0.6535742282867432,-0.032772284001111984
17,0.4736374020576477,0.6859019994735718,-0.036769427359104156
18,0.43968454003334045,0.6241052746772766,-0.04616137221455574
19,0.4197120666503906,0.5928279161453247,-0.046310193836688995
20,0.4036272168159485,0.5622393488883972,-0.04367361217737198