0,0.2900312542915344,0.9155817627906799,-1.1162308055645553e-07
1,0.2671971023082733,0.8222441673278809,0.002796868095174432
2,0.28628256916999817,0.7420902848243713,-0.0011757133761420846
3,0.3277395963668823,0.7057035565376282,-0.006368512287735939
4,0.3624366223812103,0.7038751840591431,-0.0119856558740139
5,0.30776017904281616,0.7070336937904358,-0.01747324876487255
6,0.33233651518821716,0.6047495603561401,-0.025923920795321465
7,0.348332941532135,0.5470358729362488,-0.028254883363842964
8,0.36002448201179504,0.4994935393333435,-0.030440310016274452
9,0.3494541347026825,0.7299211621284485,-0.02420314960181713
10,0.3732077479362488,0.6539945602416992,-0.034650836139917374
11,0.3589375615119934,0.6765739917755127,-0.030382215976715088
12,0.3439345061779022,0.7076544165611267,-0.02453114278614521
13,0.3834106922149658,0.7608121633529663,-0.02904386818408966
14,0.39406296610832214,0.6995516419410706,-0.03402204066514969
15,0.3805044889450073,0.716438889503479,-0.022147666662931442
16,0.36864346265792847,0.741464376449585,-0.012672923505306244
17,0.40903759002685547,0.7902548909187317,-0.033920273184776306
18,0.4115000069141388,0.7364721894264221,-0.030890999361872673
19,0.39933541417121887,0.7498449087142944,-0.016945814713835716
20,0.3920764625072479,0.7714676260948181,-0.0058531491085886955