0,0.5053243637084961,0.8005537390708923,2.748848260125669e-07
1,0.5162731409072876,0.7196686267852783,0.02654886804521084
2,0.5042181611061096,0.6611906886100769,0.031095493584871292
3,0.4766559898853302,0.6297112703323364,0.029472175985574722
4,0.4501515030860901,0.6168066263198853,0.027205128222703934
5,0.5085445046424866,0.6136571168899536,-0.0004478774790186435
6,0.5104304552078247,0.5277606844902039,-0.014845311641693115
7,0.5106073617935181,0.47162818908691406,-0.022591309621930122
8,0.5117447376251221,0.4330095052719116,-0.025466393679380417
9,0.48202481865882874,0.6204360127449036,-0.017700407654047012
10,0.450382262468338,0.5269725918769836,-0.03150845319032669
11,0.43404480814933777,0.47135090827941895,-0.037011127918958664
12,0.4207525849342346,0.42955249547958374,-0.03975071385502815
13,0.45469728112220764,0.6421469449996948,-0.03116314671933651
14,0.4113691449165344,0.5977931022644043,-0.038297850638628006
15,0.4216245710849762,0.6213077902793884,-0.0315566286444664
16,0.43449950218200684,0.6418910026550293,-0.02437746524810791
17,0.42695021629333496,0.6698880195617676,-0.04260249063372612
18,0.38973164558410645,0.6201838254928589,-0.04917435720562935
19,0.3665006458759308,0.594106137752533,-0.046677034348249435
20,0.34548938274383545,0.5668052434921265,-0.042731571942567825