0,0.3120172321796417,0.809707522392273,1.4110636925579456e-07
1,0.2687392234802246,0.7134450078010559,0.011612484231591225
2,0.2769554555416107,0.6144120097160339,0.011807844042778015
3,0.32343506813049316,0.575552225112915,0.01094020064920187
4,0.36302152276039124,0.5576190948486328,0.00751060526818037
5,0.2636801600456238,0.5763434767723083,-0.013505223207175732
6,0.24144595861434937,0.45850399136543274,-0.02087000198662281
7,0.2272186130285263,0.3904399871826172,-0.022628776729106903
8,0.21400462090969086,0.3353596031665802,-0.023409290239214897
9,0.3095138967037201,0.5756868720054626,-0.028935100883245468
10,0.3027401268482208,0.4429919719696045,-0.03837788850069046
11,0.296720951795578,0.3700298070907593,-0.04400579258799553
12,0.2914200723171234,0.31091824173927307,-0.04591149836778641
13,0.35205554962158203,0.5867361426353455,-0.041541047394275665
14,0.3584868013858795,0.45753857493400574,-0.06015206500887871
15,0.35628610849380493,0.38834673166275024,-0.07239382714033127
16,0.35370659828186035,0.33300185203552246,-0.07787953317165375
17,0.3909395933151245,0.6107091903686523,-0.050474267452955246
18,0.3756723403930664,0.5330801606178284,-0.05949433892965317
19,0.36017942428588867,0.5647199749946594,-0.048739999532699585
20,0.3566025495529175,0.6062688827514648,-0.03918248414993286