0,0.06140798702836037,0.864361584186554,6.912348027299231e-08
1,0.041301384568214417,0.7743169069290161,0.009589453227818012
2,0.0465882308781147,0.6744917035102844,-0.0057242377661168575
3,0.08338009566068649,0.605742871761322,-0.02513449639081955
4,0.12630781531333923,0.5690684914588928,-0.04453049227595329
5,-5.3122639656066895e-05,0.645560622215271,-0.03694998845458031
6,-0.017387978732585907,0.5457302927970886,-0.05907917767763138
7,-0.023020952939987183,0.4877468943595886,-0.06810396909713745
8,-0.02616555243730545,0.44679489731788635,-0.07400864362716675
9,0.0225222185254097,0.6637486815452576,-0.0579659640789032
10,0.09646176546812057,0.5610657334327698,-0.08528277277946472
11,0.1123848408460617,0.5989087820053101,-0.08168786019086838
12,0.09849340468645096,0.6320210099220276,-0.07551364600658417
13,0.056960009038448334,0.6895536184310913,-0.07619813084602356
14,0.12864041328430176,0.6051049828529358,-0.09361648559570312
15,0.1309238076210022,0.6415773034095764,-0.07422512769699097
16,0.1109919399023056,0.6675969362258911,-0.059586051851511
17,0.09546056389808655,0.7179239988327026,-0.09396959841251373
18,0.14807870984077454,0.6460776329040527,-0.09399978071451187
19,0.14791619777679443,0.6754844784736633,-0.07219443470239639
20,0.13136443495750427,0.70014888048172,-0.05715518444776535