0,0.7180821299552917,0.7001485824584961,-4.077178346051369e-07
1,0.7701629400253296,0.7057377696037292,-0.007585954386740923
2,0.8245959877967834,0.6696924567222595,-0.011597377248108387
3,0.865881621837616,0.632908821105957,-0.019158603623509407
4,0.8619890213012695,0.5914005041122437,-0.02427680790424347
5,0.8167763948440552,0.5784891247749329,0.004329998046159744
6,0.8538727760314941,0.5524502396583557,-0.018502233549952507
7,0.8441224098205566,0.6029966473579407,-0.03148340806365013
8,0.8231638669967651,0.6422207951545715,-0.032770607620477676
9,0.8026390671730042,0.5601440072059631,-0.0018420129781588912
10,0.8477566242218018,0.5380246043205261,-0.031093403697013855
11,0.8262169361114502,0.600685715675354,-0.042472030967473984
12,0.7971602082252502,0.6391603350639343,-0.04022509604692459
13,0.7812394499778748,0.5400484204292297,-0.011631636880338192
14,0.8307540416717529,0.5216986536979675,-0.04022772237658501
15,0.8155584335327148,0.582825243473053,-0.044050849974155426
16,0.7897031307220459,0.621554970741272,-0.0352809838950634
17,0.7532950043678284,0.5200735330581665,-0.02154216170310974
18,0.7771875858306885,0.4519168436527252,-0.03472188115119934
19,0.7977924346923828,0.4135134220123291,-0.036891207098960876
20,0.8165602087974548,0.37888169288635254,-0.03407861664891243