0,0.3638031780719757,0.5279415249824524,3.0038887643968337e-07
1,0.39118221402168274,0.440756618976593,0.02853577770292759
2,0.388509064912796,0.3735061287879944,0.0303379837423563
3,0.36301442980766296,0.33129605650901794,0.0257661622017622
4,0.33537229895591736,0.30862972140312195,0.018975848332047462
5,0.3983405530452728,0.3270344138145447,-0.012162476778030396
6,0.41485899686813354,0.2313215434551239,-0.03216155990958214
7,0.4258178472518921,0.16888728737831116,-0.043531015515327454
8,0.43595337867736816,0.12575243413448334,-0.048071712255477905
9,0.3650473356246948,0.3292253911495209,-0.03146091476082802
10,0.34371429681777954,0.2151733636856079,-0.04716949164867401
11,0.33337730169296265,0.14858503639698029,-0.05249243602156639
12,0.3262289762496948,0.09623207151889801,-0.0554606094956398
13,0.33016616106033325,0.34731271862983704,-0.04616474360227585
14,0.29110580682754517,0.2870791554450989,-0.05554492026567459
15,0.291319340467453,0.3131324052810669,-0.04895036667585373
16,0.2973068952560425,0.3392111659049988,-0.04164527356624603
17,0.29450640082359314,0.37247711420059204,-0.058263733983039856
18,0.25776827335357666,0.3014017641544342,-0.06729757785797119
19,0.23443354666233063,0.2621540129184723,-0.06436887383460999
20,0.2163512110710144,0.22576239705085754,-0.05963556095957756