0,0.5839732885360718,0.8499292135238647,2.878311420317914e-07
1,0.5547992587089539,0.7593149542808533,-0.005000316072255373
2,0.5722628235816956,0.6798017621040344,-0.01231036800891161
3,0.6163649559020996,0.6520746350288391,-0.016793396323919296
4,0.6490645408630371,0.6486499905586243,-0.02342498116195202
5,0.5903120636940002,0.6369076371192932,-0.03850496932864189
6,0.5999523401260376,0.5282604694366455,-0.052327629178762436
7,0.6058064103126526,0.4648822546005249,-0.05790678784251213
8,0.6103331446647644,0.41359299421310425,-0.06081617251038551
9,0.637972354888916,0.6537958979606628,-0.043423570692539215
10,0.6646201610565186,0.5387899875640869,-0.0593983419239521
11,0.6778006553649902,0.4703318476676941,-0.06725651770830154
12,0.6878311038017273,0.41785991191864014,-0.0705975815653801
13,0.6705760359764099,0.6798774003982544,-0.045783717185258865
14,0.6952357292175293,0.5818414688110352,-0.0632355585694313
15,0.704208493232727,0.5141147375106812,-0.07679508626461029
16,0.7145315408706665,0.46534669399261475,-0.08442062884569168
17,0.6864171624183655,0.7072086334228516,-0.04634902998805046
18,0.6686798930168152,0.659850001335144,-0.056629762053489685
19,0.6393172144889832,0.6578713655471802,-0.05580490827560425
20,0.6259245276451111,0.6703809499740601,-0.05393775552511215