0,0.30910465121269226,0.9731864929199219,1.3034028256697638e-07
1,0.30602261424064636,0.889816403388977,0.007714372593909502
2,0.28706422448158264,0.8001956343650818,0.002771604573354125
3,0.2577722370624542,0.7456687092781067,-0.005587363615632057
4,0.22307054698467255,0.7241564989089966,-0.01649876870214939
5,0.29389044642448425,0.7532007694244385,-0.01662183739244938
6,0.2755369246006012,0.6610885858535767,-0.03570297732949257
7,0.2617083787918091,0.6024538278579712,-0.047834109514951706
8,0.25396978855133057,0.5574500560760498,-0.055352650582790375
9,0.28028643131256104,0.7717633843421936,-0.030954647809267044
10,0.23138290643692017,0.6967432498931885,-0.04864455386996269
11,0.21147063374519348,0.6889753937721252,-0.05364380031824112
12,0.20444703102111816,0.6869528293609619,-0.05625561252236366
13,0.25829991698265076,0.8043290376663208,-0.04380885139107704
14,0.20329692959785461,0.7573554515838623,-0.05996440723538399
15,0.1961977779865265,0.784730076789856,-0.05361378192901611
16,0.20346829295158386,0.8103963732719421,-0.046884361654520035
17,0.23309296369552612,0.8434195518493652,-0.05579296126961708
18,0.18150122463703156,0.8095157146453857,-0.06618833541870117
19,0.17812657356262207,0.8291908502578735,-0.0581512413918972
20,0.18489360809326172,0.8503676652908325,-0.04994751140475273