0,0.49701592326164246,0.995122492313385,-2.9587431527033914e-07
1,0.5128355622291565,0.9256900548934937,0.006057571619749069
2,0.5528458952903748,0.8842363953590393,0.004740694537758827
3,0.5985134243965149,0.8677371144294739,0.0026015685871243477
4,0.6300674080848694,0.868966817855835,0.0031221387907862663
5,0.5844191312789917,0.8484041690826416,-0.004355580545961857
6,0.6281194686889648,0.8800713419914246,-0.004219193942844868
7,0.6154196858406067,0.9072192907333374,-0.000825560768134892
8,0.5970042943954468,0.9136550426483154,0.00107191177085042
9,0.6002708077430725,0.8848298192024231,-0.011241546832025051
10,0.6370095014572144,0.9243154525756836,-0.0077723730355501175
11,0.6207810044288635,0.9452103972434998,-0.004146098159253597
12,0.6008087396621704,0.9465042948722839,-0.0033875543158501387
13,0.6107807755470276,0.9279046058654785,-0.016647744923830032
14,0.6408052444458008,0.9629070162773132,-0.01253495179116726
15,0.6244360208511353,0.9774188995361328,-0.005243867170065641
16,0.6052275896072388,0.9766903519630432,-0.0026669204235076904
17,0.6144360899925232,0.9707176089286804,-0.021723339334130287
18,0.6381759643554688,0.9947153925895691,-0.01649121195077896
19,0.6224622130393982,1.0052049160003662,-0.007880999706685543
20,0.6057975888252258,1.0027461051940918,-0.0021098139695823193