0,0.3508608937263489,0.4505458474159241,1.2090583823010093e-07
1,0.3738347887992859,0.3722448945045471,0.025596708059310913
2,0.41235440969467163,0.34115228056907654,0.02960154600441456
3,0.45099958777427673,0.3437502980232239,0.026685813441872597
4,0.4789732098579407,0.3603728115558624,0.024209236726164818
5,0.41949474811553955,0.3031148612499237,0.00571227865293622
6,0.4404096007347107,0.23286548256874084,-0.006850673817098141
7,0.44648391008377075,0.18134889006614685,-0.01544503029435873
8,0.4510760009288788,0.14019937813282013,-0.020998284220695496
9,0.44188928604125977,0.32045984268188477,-0.014003248885273933
10,0.4870230555534363,0.2544359862804413,-0.03071499615907669
11,0.5146724581718445,0.20862697064876556,-0.04441741108894348
12,0.5361906290054321,0.17457100749015808,-0.053401172161102295
13,0.45892834663391113,0.35444462299346924,-0.029890965670347214
14,0.514590859413147,0.3354377746582031,-0.040817249566316605
15,0.5059911608695984,0.35626837611198425,-0.03296643868088722
16,0.4911978244781494,0.368245005607605,-0.023621108382940292
17,0.474378764629364,0.39505866169929504,-0.044329311698675156
18,0.5265076160430908,0.3694094121456146,-0.05262650549411774
19,0.5607496500015259,0.36119136214256287,-0.04708358272910118
20,0.587155282497406,0.3481486439704895,-0.03964711353182793