0,0.7045601010322571,0.7534682154655457,-1.8918522926014703e-07
1,0.6551476716995239,0.7209755182266235,-0.021206824108958244
2,0.6151539087295532,0.6704108715057373,-0.04189850017428398
3,0.6050511002540588,0.6238575577735901,-0.06555268168449402
4,0.6342906951904297,0.599618673324585,-0.08904311060905457
5,0.6543298363685608,0.5289419889450073,-0.029811181128025055
6,0.6446388363838196,0.4221278429031372,-0.05876566842198372
7,0.6389285326004028,0.35902100801467896,-0.07782997190952301
8,0.6344659328460693,0.3048804998397827,-0.09230715781450272
9,0.6915038824081421,0.5435830354690552,-0.038225024938583374
10,0.6711141467094421,0.49979647994041443,-0.08126934617757797
11,0.6561965346336365,0.5615620613098145,-0.09137025475502014
12,0.6549422740936279,0.607872486114502,-0.09034695476293564
13,0.7263864874839783,0.5712624788284302,-0.04963368922472
14,0.7074469327926636,0.5238279700279236,-0.0873081237077713
15,0.6840037703514099,0.5794885754585266,-0.07986251264810562
16,0.675250232219696,0.6232491731643677,-0.06645327806472778
17,0.759117066860199,0.6098878383636475,-0.0634906068444252
18,0.7385355234146118,0.5732446908950806,-0.08674059063196182
19,0.7099558115005493,0.6058710217475891,-0.07984250783920288
20,0.695070743560791,0.6369088888168335,-0.0692988708615303