0,0.5001639127731323,0.8409053087234497,3.9238966564880684e-07
1,0.46853920817375183,0.747572660446167,-0.002880852436646819
2,0.4849565327167511,0.6624818444252014,-0.011432074010372162
3,0.5319914817810059,0.6330534219741821,-0.019457321614027023
4,0.569469690322876,0.6279699206352234,-0.029738033190369606
5,0.4865468442440033,0.6239913105964661,-0.035330697894096375
6,0.48981863260269165,0.5131824612617493,-0.04983946681022644
7,0.49257805943489075,0.4464251399040222,-0.05718015506863594
8,0.49328699707984924,0.3921283185482025,-0.06178022548556328
9,0.5332533121109009,0.6347590684890747,-0.04479006677865982
10,0.5615950226783752,0.5183120965957642,-0.0580119751393795
11,0.5725699067115784,0.4526503384113312,-0.0680050253868103
12,0.5782874226570129,0.3987192213535309,-0.07422112673521042
13,0.5721681118011475,0.6568663716316223,-0.05139700695872307
14,0.5899178981781006,0.5621817111968994,-0.0641707256436348
15,0.5865188837051392,0.5101620554924011,-0.07356220483779907
16,0.5842193961143494,0.47048747539520264,-0.08001216500997543
17,0.5998056530952454,0.6832752823829651,-0.057048212736845016
18,0.5867764353752136,0.6352014541625977,-0.06314340233802795
19,0.5634644031524658,0.6453622579574585,-0.05745339021086693
20,0.5537295937538147,0.6652571558952332,-0.0528382882475853