0,0.19055430591106415,0.793584406375885,2.9014194069532095e-07
1,0.2415371835231781,0.7487376928329468,-0.01659427396953106
2,0.27678802609443665,0.6732705235481262,-0.023527223616838455
3,0.28814494609832764,0.6101442575454712,-0.030970772728323936
4,0.28146275877952576,0.5564777255058289,-0.03858128935098648
5,0.22492572665214539,0.5875728130340576,-0.011675169691443443
6,0.23252519965171814,0.5079089403152466,-0.03152916952967644
7,0.25590115785598755,0.4802072048187256,-0.04783238470554352
8,0.2774645686149597,0.4719153642654419,-0.05657212808728218
9,0.19551508128643036,0.5906313061714172,-0.014624102972447872
10,0.19729362428188324,0.4993371367454529,-0.032800909131765366
11,0.22540807723999023,0.48242372274398804,-0.045493271201848984
12,0.2486204206943512,0.4930310845375061,-0.051553159952163696
13,0.1674187034368515,0.6083517670631409,-0.020464962348341942
14,0.16266633570194244,0.5153056979179382,-0.03941936045885086
15,0.1929711103439331,0.5013705492019653,-0.04668082669377327
16,0.21912145614624023,0.5129321813583374,-0.04843838885426521
17,0.13899865746498108,0.6383936405181885,-0.027950184419751167
18,0.13607719540596008,0.5689417123794556,-0.04693025350570679
19,0.162435382604599,0.5581540465354919,-0.051580965518951416
20,0.187354177236557,0.5718679428100586,-0.05124074965715408