0,0.507919430732727,0.8229801654815674,-1.4380130153313075e-07
1,0.47924190759658813,0.7394633293151855,-0.0006152170244604349
2,0.48816150426864624,0.6575936079025269,-0.00538770342245698
3,0.5232998132705688,0.6116476058959961,-0.010242766700685024
4,0.5548229217529297,0.6071460843086243,-0.015799324959516525
5,0.5477137565612793,0.6211649179458618,-0.022302774712443352
6,0.5850905776023865,0.5325217843055725,-0.030944224447011948
7,0.6103495955467224,0.48146939277648926,-0.036549266427755356
8,0.629535973072052,0.44084227085113525,-0.04225035756826401
9,0.5876900553703308,0.6500325798988342,-0.024380337446928024
10,0.5825205445289612,0.6128551959991455,-0.03115345910191536
11,0.5633409023284912,0.6336013674736023,-0.025460701435804367
12,0.5517610907554626,0.6580168008804321,-0.022036580368876457
13,0.6111263036727905,0.688414454460144,-0.024946993216872215
14,0.5929394364356995,0.6597766280174255,-0.028780804947018623
15,0.5797513723373413,0.6760225892066956,-0.01798579841852188
16,0.5692939758300781,0.7011586427688599,-0.011992140673100948
17,0.6254538893699646,0.7234863638877869,-0.02580207586288452
18,0.611941933631897,0.6961525082588196,-0.027131877839565277
19,0.5973390340805054,0.7126035094261169,-0.01788468286395073
20,0.5886602401733398,0.7350609302520752,-0.010332600213587284