0,0.31590208411216736,0.5375186204910278,5.497041115631873e-07
1,0.39503464102745056,0.5336582660675049,-0.037656694650650024
2,0.46861696243286133,0.4884222447872162,-0.055252932012081146
3,0.5166501998901367,0.44072240591049194,-0.07046694308519363
4,0.555408775806427,0.40605518221855164,-0.08532040566205978
5,0.449019193649292,0.32108721137046814,-0.035812024027109146
6,0.4906604588031769,0.2267061173915863,-0.0609828419983387
7,0.5172120332717896,0.1691930890083313,-0.08098980784416199
8,0.5405617952346802,0.11964493989944458,-0.0951264351606369
9,0.4063435196876526,0.2882598042488098,-0.03629640117287636
10,0.4413194954395294,0.17955061793327332,-0.05798566713929176
11,0.4681605100631714,0.11146821081638336,-0.07621962577104568
12,0.491704523563385,0.05592668056488037,-0.08977916091680527
13,0.36010950803756714,0.27979543805122375,-0.04160990193486214
14,0.38273268938064575,0.17021991312503815,-0.06486620008945465
15,0.40441474318504333,0.10927790403366089,-0.08294863253831863
16,0.4256497025489807,0.06239968538284302,-0.09496331214904785
17,0.3105214238166809,0.2917094826698303,-0.05059386417269707
18,0.29984086751937866,0.19639939069747925,-0.07597313076257706
19,0.29394781589508057,0.13183805346488953,-0.09037429839372635
20,0.2916845381259918,0.07252475619316101,-0.09900125861167908