0,0.06541062891483307,0.9648944139480591,5.003367391509528e-07
1,0.0717560201883316,0.8884913325309753,0.005206200759857893
2,0.10917921364307404,0.8174722790718079,-0.006835514213889837
3,0.15938915312290192,0.7837123870849609,-0.02189452014863491
4,0.20237785577774048,0.7676279544830322,-0.03538121283054352
5,0.09810255467891693,0.7758528590202332,-0.03368420526385307
6,0.17438046634197235,0.7256790399551392,-0.05643077567219734
7,0.2197016179561615,0.7288373708724976,-0.0626285970211029
8,0.23788362741470337,0.7557952404022217,-0.06060993671417236
9,0.10669142007827759,0.810286283493042,-0.04715314134955406
10,0.19987167418003082,0.7625780701637268,-0.06345943361520767
11,0.24257825314998627,0.7796856760978699,-0.05819510295987129
12,0.25429707765579224,0.8060848712921143,-0.0507972277700901
13,0.12118372321128845,0.8563518524169922,-0.059294216334819794
14,0.21098440885543823,0.808379054069519,-0.06953349709510803
15,0.24404779076576233,0.8263304829597473,-0.056053828448057175
16,0.2464519739151001,0.8500623106956482,-0.04450119286775589
17,0.13786420226097107,0.9090354442596436,-0.07115983963012695
18,0.20735520124435425,0.8812611103057861,-0.0752272829413414
19,0.22124773263931274,0.8866453766822815,-0.0637982040643692
20,0.2128622978925705,0.8960508108139038,-0.05281734839081764