0,0.8036488890647888,0.5634020566940308,-3.95033254108057e-07
1,0.80096435546875,0.5188149213790894,-0.009945155121386051
2,0.8123778104782104,0.47363370656967163,-0.015387726947665215
3,0.8265393376350403,0.4452071487903595,-0.019997863098978996
4,0.8427922129631042,0.436833918094635,-0.022138917818665504
5,0.8712499737739563,0.46454331278800964,-0.008253125473856926
6,0.8493948578834534,0.45721179246902466,-0.02027587965130806
7,0.8273040056228638,0.46648818254470825,-0.026361340656876564
8,0.8205752372741699,0.4707731604576111,-0.029106728732585907
9,0.880444347858429,0.4916805326938629,-0.00938098132610321
10,0.8435273170471191,0.49044519662857056,-0.02038123458623886
11,0.820533275604248,0.4968997836112976,-0.02302481047809124
12,0.8143178224563599,0.4986257255077362,-0.02270999364554882
13,0.8806893825531006,0.5223767161369324,-0.011999147944152355
14,0.841648519039154,0.5208412408828735,-0.02244241163134575
15,0.8211798071861267,0.5261155366897583,-0.01894429139792919
16,0.8162603378295898,0.5268797278404236,-0.014327894896268845
17,0.8755220174789429,0.5524737238883972,-0.01594279706478119
18,0.8438429832458496,0.5494386553764343,-0.022421076893806458
19,0.8283288478851318,0.5517513155937195,-0.019130030646920204
20,0.8255309462547302,0.5518209338188171,-0.01388577651232481