0,0.7341870069503784,0.5952142477035522,-3.2927459869824816e-07
1,0.7894190549850464,0.5934008359909058,-0.004228346981108189
2,0.8377687335014343,0.5588865876197815,-0.004888276103883982
3,0.8722613453865051,0.5251930952072144,-0.009654543362557888
4,0.87308269739151,0.48472505807876587,-0.012772026471793652
5,0.8270225524902344,0.4802302122116089,0.011790667660534382
6,0.8626617193222046,0.4522721767425537,-0.004535854794085026
7,0.8579931855201721,0.49236372113227844,-0.015131565742194653
8,0.8425703048706055,0.5288960933685303,-0.016138821840286255
9,0.8150790929794312,0.4618355929851532,0.004878958687186241
10,0.8550447225570679,0.43769770860671997,-0.018428290262818336
11,0.8421487808227539,0.4896930456161499,-0.03202449157834053
12,0.8202238082885742,0.5279300808906555,-0.03329953923821449
13,0.7966799139976501,0.4409181475639343,-0.005099054891616106
14,0.842812716960907,0.42172032594680786,-0.02933933399617672
15,0.8346609473228455,0.4739900827407837,-0.0371570959687233
16,0.8130521178245544,0.5119622349739075,-0.032742034643888474
17,0.7726574540138245,0.4199560582637787,-0.014915227890014648
18,0.7952892780303955,0.34680575132369995,-0.02549787610769272
19,0.816786527633667,0.3071310222148895,-0.028430743142962456
20,0.8360682725906372,0.27502354979515076,-0.027244001626968384