0,0.465719610452652,0.5326578617095947,3.8040394656491117e-07
1,0.445999413728714,0.48225274682044983,-0.00010190154716838151
2,0.455131471157074,0.4326764941215515,0.0020119729451835155
3,0.48301297426223755,0.40665772557258606,0.0058153667487204075
4,0.5030598044395447,0.3925005793571472,0.010993260890245438
5,0.4641183912754059,0.3791011869907379,-0.014014512300491333
6,0.46175530552864075,0.30264705419540405,-0.018049655482172966
7,0.46223029494285583,0.25458279252052307,-0.019654834643006325
8,0.4632262885570526,0.2200084924697876,-0.021555570885539055
9,0.4906027317047119,0.38896167278289795,-0.013953158631920815
10,0.5083092451095581,0.31712865829467773,-0.017195314168930054
11,0.5235521793365479,0.27166908979415894,-0.018957940861582756
12,0.5374104380607605,0.2411039173603058,-0.020890172570943832
13,0.5115015506744385,0.41361838579177856,-0.012958276085555553
14,0.52113938331604,0.37703028321266174,-0.018240202218294144
15,0.5091757774353027,0.3715072572231293,-0.020159443840384483
16,0.49842432141304016,0.3737100660800934,-0.02090531401336193
17,0.5298295021057129,0.4440916180610657,-0.011630243621766567
18,0.5572612881660461,0.42340803146362305,-0.024766165763139725
19,0.5770437717437744,0.40905147790908813,-0.03265223652124405
20,0.5944229364395142,0.39869266748428345,-0.036183904856443405