0,0.3905499279499054,0.420285165309906,-4.3411455408204347e-07
1,0.4507255256175995,0.4126332104206085,-0.02381504885852337
2,0.5116870403289795,0.3599696457386017,-0.033296406269073486
3,0.5389061570167542,0.29315194487571716,-0.04259602352976799
4,0.5263159275054932,0.23671655356884003,-0.04884529113769531
5,0.5015624761581421,0.2654825448989868,-0.009783582761883736
6,0.5321471691131592,0.21058109402656555,-0.037027377635240555
7,0.5192451477050781,0.24761688709259033,-0.05264731124043465
8,0.4997260868549347,0.29405805468559265,-0.05557028576731682
9,0.4688930809497833,0.24241019785404205,-0.008052943274378777
10,0.49540042877197266,0.1896619349718094,-0.039957061409950256
11,0.474797785282135,0.25403717160224915,-0.0522376149892807
12,0.4556483030319214,0.3092515766620636,-0.05032026022672653
13,0.43138349056243896,0.22821907699108124,-0.011215227656066418
14,0.4600091874599457,0.1784783899784088,-0.04228227958083153
15,0.44700855016708374,0.24623888731002808,-0.044498711824417114
16,0.4315569996833801,0.30613818764686584,-0.03510035574436188
17,0.39142030477523804,0.22294093668460846,-0.016085246577858925
18,0.3913518190383911,0.1449504792690277,-0.0318438820540905
19,0.3896268606185913,0.09138920903205872,-0.035079751163721085
20,0.39022570848464966,0.0453622043132782,-0.03310634195804596