0,0.3667319416999817,0.44587570428848267,-3.3186410064445226e-07
1,0.3722935914993286,0.34501883387565613,0.00977012887597084
2,0.40511152148246765,0.28869742155075073,0.007729372009634972
3,0.4461968243122101,0.28002843260765076,0.0031793462112545967
4,0.475626140832901,0.30393752455711365,-0.0004877153260167688
5,0.463196724653244,0.25772014260292053,-0.0012377313105389476
6,0.49600499868392944,0.273853600025177,0.0008382142405025661
7,0.48319169878959656,0.2965315580368042,0.0011204677866771817
8,0.46453189849853516,0.3044332265853882,-7.935602479847148e-05
9,0.48716384172439575,0.30090752243995667,-0.009120690636336803
10,0.498714417219162,0.32121041417121887,0.0022927289828658104
11,0.48213401436805725,0.3381749391555786,0.0055298833176493645
12,0.4634719491004944,0.3459540903568268,0.0033137695863842964
13,0.5017948746681213,0.35286617279052734,-0.014862118288874626
14,0.5003838539123535,0.3643518388271332,-0.002420626813545823
15,0.4855023920536041,0.3778156042098999,0.0038987756706774235
16,0.46772003173828125,0.38583138585090637,0.0033225994557142258
17,0.5093929767608643,0.4027376174926758,-0.02047068625688553
18,0.5083680152893066,0.4031219780445099,-0.008156871423125267
19,0.49150675535202026,0.41262802481651306,0.0029981383122503757
20,0.47444576025009155,0.4197308123111725,0.009616968221962452