0,0.618349552154541,0.8802160620689392,-3.968265502862778e-07
1,0.5587614178657532,0.8687295913696289,-0.00011511449702084064
2,0.5110798478126526,0.8383402228355408,-0.009478477761149406
3,0.47645020484924316,0.8187481164932251,-0.020097624510526657
4,0.4502127766609192,0.8141119480133057,-0.03132325038313866
5,0.5250607132911682,0.7240607738494873,-0.023247841745615005
6,0.45600393414497375,0.7604122757911682,-0.048921357840299606
7,0.42524367570877075,0.8101462721824646,-0.06707445532083511
8,0.4131460189819336,0.8508924245834351,-0.07652860134840012
9,0.5367919206619263,0.7338874340057373,-0.03298310562968254
10,0.4585643410682678,0.7747412919998169,-0.05373813584446907
11,0.42927297949790955,0.8250349164009094,-0.06413032859563828
12,0.4175189733505249,0.8691112995147705,-0.07112244516611099
13,0.5450900197029114,0.7631205320358276,-0.042881812900304794
14,0.4704420566558838,0.8009082078933716,-0.0610707625746727
15,0.44182682037353516,0.8470363616943359,-0.06669820845127106
16,0.429064005613327,0.8886432647705078,-0.06979154795408249
17,0.5509228706359863,0.8056459426879883,-0.052258387207984924
18,0.49830275774002075,0.8412487506866455,-0.06674451380968094
19,0.4765157401561737,0.8752404451370239,-0.07101369649171829
20,0.46302083134651184,0.905844509601593,-0.07281076163053513