0,0.45938199758529663,0.7896949052810669,-1.3863659376056603e-07
1,0.4153194725513458,0.7044528126716614,-0.003043950768187642
2,0.4075688123703003,0.6107590198516846,-0.009607392363250256
3,0.4354979693889618,0.5437391400337219,-0.015697533264756203
4,0.47448012232780457,0.524777889251709,-0.02114780806005001
5,0.45413869619369507,0.5816768407821655,-0.02267836406826973
6,0.4700005054473877,0.47049713134765625,-0.03199266269803047
7,0.4816805124282837,0.4087149500846863,-0.033884719014167786
8,0.4925679564476013,0.3629617691040039,-0.03603706508874893
9,0.5011507272720337,0.5970110297203064,-0.025979550555348396
10,0.505284309387207,0.5176563858985901,-0.03854449465870857
11,0.4930860698223114,0.5388476848602295,-0.033879660069942474
12,0.484023779630661,0.5710195302963257,-0.02795131877064705
13,0.5374923348426819,0.6189449429512024,-0.027951447293162346
14,0.5287119150161743,0.5615237951278687,-0.0371067151427269
15,0.5179628133773804,0.5781229734420776,-0.026824451982975006
16,0.5102102160453796,0.605443000793457,-0.018409093841910362
17,0.5654029846191406,0.6414745450019836,-0.030089261010289192
18,0.5517176389694214,0.5970975756645203,-0.033331625163555145
19,0.5399921536445618,0.6143901348114014,-0.023755157366394997
20,0.5346471071243286,0.6404402852058411,-0.015161233954131603