0,0.43780291080474854,0.7912973165512085,4.242328941472806e-07
1,0.40819358825683594,0.6990652084350586,0.0014025116106495261
2,0.4179357588291168,0.6090885400772095,-0.006709592416882515
3,0.4571770131587982,0.5609264373779297,-0.01942976750433445
4,0.495423823595047,0.5440550446510315,-0.03201741352677345
5,0.4252346158027649,0.5440394282341003,-0.011028927750885487
6,0.4486459195613861,0.44597309827804565,-0.03117648884654045
7,0.4639734625816345,0.38562333583831787,-0.043156687170267105
8,0.47517451643943787,0.3416299819946289,-0.04892432317137718
9,0.4646117687225342,0.5519119501113892,-0.024874825030565262
10,0.49831071496009827,0.44896814227104187,-0.04325433820486069
11,0.5177289247512817,0.39152735471725464,-0.05213688686490059
12,0.5317354202270508,0.34663209319114685,-0.05538362264633179
13,0.5029698610305786,0.5732445120811462,-0.03858211264014244
14,0.5354436039924622,0.5184601545333862,-0.05785621702671051
15,0.5292516350746155,0.5508278012275696,-0.0552920438349247
16,0.518180251121521,0.5821094512939453,-0.047009244561195374
17,0.5389121770858765,0.603592574596405,-0.05268368497490883
18,0.5557603240013123,0.5666523575782776,-0.05874275043606758
19,0.5440413355827332,0.5937255620956421,-0.048127543181180954
20,0.53249192237854,0.6204823851585388,-0.03650869056582451