0,0.3684839606285095,0.5410526394844055,3.298520425687457e-07
1,0.39471858739852905,0.45531773567199707,0.023091182112693787
2,0.3911510705947876,0.3827885091304779,0.02427835762500763
3,0.36434033513069153,0.3399405777454376,0.019674060866236687
4,0.33481359481811523,0.31816431879997253,0.013703975826501846
5,0.40246474742889404,0.33455896377563477,-0.010440628044307232
6,0.419493168592453,0.23920464515686035,-0.02811332233250141
7,0.4301522970199585,0.17781837284564972,-0.037649206817150116
8,0.4394194483757019,0.13420836627483368,-0.04113168641924858
9,0.3696827292442322,0.33672070503234863,-0.028606140986084938
10,0.3498046100139618,0.22354096174240112,-0.04366932809352875
11,0.3380696773529053,0.15573862195014954,-0.05000925436615944
12,0.32897669076919556,0.10099789500236511,-0.053549300879240036
13,0.3353188633918762,0.3546391725540161,-0.043068502098321915
14,0.29650798439979553,0.29237234592437744,-0.0554451122879982
15,0.29713958501815796,0.3229596018791199,-0.052036724984645844
16,0.30406680703163147,0.35093194246292114,-0.04589630290865898
17,0.2999708652496338,0.3783890902996063,-0.05521335452795029
18,0.2629338502883911,0.3091031610965729,-0.06605283915996552
19,0.2385682463645935,0.271989107131958,-0.06498825550079346
20,0.21914952993392944,0.23614852130413055,-0.061477016657590866