0,0.2666032016277313,0.8963800668716431,1.9140053097999044e-07
1,0.24839350581169128,0.7979829907417297,0.016621818765997887
2,0.27760016918182373,0.7119947671890259,0.016979072242975235
3,0.3360302150249481,0.6815467476844788,0.015082703903317451
4,0.37757647037506104,0.6727978587150574,0.010809238068759441
5,0.2483426183462143,0.6789160370826721,-0.016007075086236
6,0.25615260004997253,0.5680688619613647,-0.020694976672530174
7,0.25946706533432007,0.5048040747642517,-0.020689381286501884
8,0.25898465514183044,0.4517515003681183,-0.022610817104578018
9,0.2839386463165283,0.699125349521637,-0.03482862561941147
10,0.29659122228622437,0.583152174949646,-0.0471881665289402
11,0.3044467270374298,0.5158852338790894,-0.05599483847618103
12,0.30468329787254333,0.45837873220443726,-0.0623839907348156
13,0.32078102231025696,0.7271159291267395,-0.04989314079284668
14,0.3506515622138977,0.6124764084815979,-0.07048318535089493
15,0.3641653060913086,0.551658570766449,-0.08528796583414078
16,0.3673447370529175,0.5003640055656433,-0.0936315581202507
17,0.3598029315471649,0.7591881155967712,-0.06048803776502609
18,0.36908572912216187,0.6702351570129395,-0.07045555859804153
19,0.3542081117630005,0.6792145371437073,-0.0657300278544426
20,0.34238141775131226,0.6993922591209412,-0.06257739663124084