0,0.3998505175113678,0.7048003673553467,-3.3804255394898064e-07
1,0.4550546407699585,0.7082172632217407,-0.021637139841914177
2,0.5305915474891663,0.6705670952796936,-0.03238662704825401
3,0.5667198300361633,0.6247517466545105,-0.042071111500263214
4,0.536724328994751,0.5925347208976746,-0.046774137765169144
5,0.511336088180542,0.5114545226097107,-0.004766364116221666
6,0.5583292841911316,0.5548273921012878,-0.03274862840771675
7,0.5262970924377441,0.6098905205726624,-0.04973409324884415
8,0.5047078728675842,0.6010910272598267,-0.059770192950963974
9,0.48094281554222107,0.49037525057792664,-0.008357503451406956
10,0.5208868384361267,0.5535790324211121,-0.03354227542877197
11,0.49032866954803467,0.6129231452941895,-0.038579512387514114
12,0.476398766040802,0.5963820815086365,-0.03884909674525261
13,0.4458753764629364,0.491593599319458,-0.01719987578690052
14,0.4843136966228485,0.5497149229049683,-0.04198203980922699
15,0.4607512354850769,0.6049476265907288,-0.03380461037158966
16,0.4466021656990051,0.5923534035682678,-0.024967417120933533
17,0.41118180751800537,0.5039141178131104,-0.028784628957509995
18,0.45078378915786743,0.5429710745811462,-0.04004352539777756
19,0.4342299997806549,0.5846794843673706,-0.030305154621601105
20,0.41667479276657104,0.5823885798454285,-0.021107055246829987