0,0.472834974527359,0.704444169998169,3.961528705076489e-07
1,0.5112453699111938,0.6207736134529114,-0.001381648937240243
2,0.5236594080924988,0.5495141744613647,-0.006778413895517588
3,0.5058492422103882,0.5056021809577942,-0.013319731689989567
4,0.4859142005443573,0.48270130157470703,-0.02177456021308899
5,0.45479658246040344,0.48820725083351135,-0.021631529554724693
6,0.43596071004867554,0.3849225640296936,-0.03574775531888008
7,0.42401379346847534,0.32619428634643555,-0.04355652630329132
8,0.4135904610157013,0.28474605083465576,-0.04797733202576637
9,0.4134136140346527,0.5030025839805603,-0.030036533251404762
10,0.3764107823371887,0.39300328493118286,-0.041499391198158264
11,0.3504798710346222,0.32817941904067993,-0.049944646656513214
12,0.32835641503334045,0.2830958068370819,-0.055934563279151917
13,0.38333794474601746,0.5353202223777771,-0.03758850693702698
14,0.33909934759140015,0.4428974986076355,-0.04979055002331734
15,0.3104098439216614,0.3855394721031189,-0.06479070335626602
16,0.2884117662906647,0.34350553154945374,-0.07558257132768631
17,0.36375346779823303,0.5785986185073853,-0.043893150985240936
18,0.315052330493927,0.5362435579299927,-0.05912663787603378
19,0.2815488874912262,0.512048065662384,-0.06921924650669098
20,0.2524666488170624,0.4929201006889343,-0.07470373064279556