0,0.10258835554122925,0.7839605808258057,3.293907582246902e-07
1,0.06820623576641083,0.6888806819915771,0.007919803261756897
2,0.0717875063419342,0.6016234159469604,0.005404104944318533
3,0.10587872564792633,0.5573661923408508,-0.0007612863555550575
4,0.14224451780319214,0.5440748929977417,-0.007909025065600872
5,0.06847745925188065,0.56010502576828,-0.006020885426551104
6,0.059121668338775635,0.4538132846355438,-0.018719449639320374
7,0.05344046652317047,0.3913775682449341,-0.026713958010077477
8,0.04825165867805481,0.34256917238235474,-0.031959231942892075
9,0.10732851177453995,0.5602590441703796,-0.020987696945667267
10,0.11106808483600616,0.44318699836730957,-0.03095868229866028
11,0.11500225216150284,0.37176862359046936,-0.041293658316135406
12,0.1174953281879425,0.31612712144851685,-0.04810228943824768
13,0.1488417088985443,0.5775518417358398,-0.03514917194843292
14,0.15899540483951569,0.4687598645687103,-0.04693739116191864
15,0.16814777255058289,0.40144211053848267,-0.05986958369612694
16,0.17322582006454468,0.3494693636894226,-0.06840017437934875
17,0.18970023095607758,0.6071692109107971,-0.048093609511852264
18,0.2183278203010559,0.5430346131324768,-0.05738932639360428
19,0.23868905007839203,0.5029903650283813,-0.0611276812851429
20,0.2558855712413788,0.46991628408432007,-0.06287585943937302