0,0.6159515976905823,0.6167609095573425,3.016073435446742e-07
1,0.6351754069328308,0.549622118473053,0.016688773408532143
2,0.6353273391723633,0.48892372846603394,0.018563399091362953
3,0.6138373613357544,0.45080456137657166,0.015700682997703552
4,0.5908246636390686,0.4316810667514801,0.01284805778414011
5,0.6552419662475586,0.441376656293869,0.0019832251127809286
6,0.6722380518913269,0.36723196506500244,-0.009277129545807838
7,0.6844006776809692,0.3180317282676697,-0.015050772577524185
8,0.6965323686599731,0.2819708287715912,-0.016012759879231453
9,0.6340810060501099,0.4356238842010498,-0.011639578267931938
10,0.6217410564422607,0.3367008864879608,-0.02260458841919899
11,0.6164944171905518,0.28070706129074097,-0.02909889817237854
12,0.6139969825744629,0.23792782425880432,-0.03211446478962898
13,0.609118640422821,0.4422120749950409,-0.023182807490229607
14,0.5705723762512207,0.4004078805446625,-0.03436516970396042
15,0.5593337416648865,0.426024854183197,-0.037085097283124924
16,0.5566965341567993,0.4488312900066376,-0.03499120473861694
17,0.5792153477668762,0.4512472450733185,-0.03299686312675476
18,0.5527893304824829,0.39238035678863525,-0.039551742374897
19,0.5357630848884583,0.356356680393219,-0.03968491405248642
20,0.5217660069465637,0.3209243416786194,-0.03844013065099716