0,0.4383121132850647,0.7828491926193237,4.1464048194939096e-07
1,0.4673813581466675,0.696524441242218,-0.002808124292641878
2,0.4601498544216156,0.6174726486206055,-0.006230139173567295
3,0.4213208854198456,0.5749561786651611,-0.008731268346309662
4,0.39303529262542725,0.5523620843887329,-0.012393966317176819
5,0.3992549777030945,0.5751686692237854,-0.024590343236923218
6,0.36233365535736084,0.47871601581573486,-0.03709273412823677
7,0.3408999443054199,0.4237282872200012,-0.042570389807224274
8,0.32408052682876587,0.3844517767429352,-0.045234523713588715
9,0.3608151078224182,0.5993554592132568,-0.028597617521882057
10,0.31451061367988586,0.5014441013336182,-0.03863506764173508
11,0.28409817814826965,0.4449992775917053,-0.04452979564666748
12,0.2616879940032959,0.4060341417789459,-0.048524484038352966
13,0.3356669843196869,0.6328936815261841,-0.031264957040548325
14,0.28876131772994995,0.5499865412712097,-0.03997146338224411
15,0.25844499468803406,0.4995132088661194,-0.05031953379511833
16,0.23688583076000214,0.46382948756217957,-0.05811261385679245
17,0.3228208124637604,0.6732832789421082,-0.03306768462061882
18,0.282656729221344,0.6271440982818604,-0.04409832879900932
19,0.25498080253601074,0.5998485684394836,-0.05155506357550621
20,0.230510413646698,0.5783907771110535,-0.055411528795957565