0,0.1526496559381485,0.7650128602981567,-4.067323686740565e-07
1,0.2094305455684662,0.7334089279174805,-0.03595614433288574
2,0.25517502427101135,0.6685266494750977,-0.05422789976000786
3,0.24698305130004883,0.5992347598075867,-0.07074012607336044
4,0.20080214738845825,0.5719637274742126,-0.08008185029029846
5,0.23358067870140076,0.552788496017456,-0.022273501381278038
6,0.25049567222595215,0.5226560831069946,-0.0587979219853878
7,0.23538851737976074,0.5874038934707642,-0.07570130378007889
8,0.2220546007156372,0.6168086528778076,-0.08032877743244171
9,0.18878775835037231,0.5426307320594788,-0.020366361364722252
10,0.19390001893043518,0.5179521441459656,-0.057382941246032715
11,0.18830305337905884,0.5970838069915771,-0.06513044238090515
12,0.18906590342521667,0.617476761341095,-0.06259921938180923
13,0.14389003813266754,0.5481892228126526,-0.02612556889653206
14,0.14637233316898346,0.5307992696762085,-0.06805327534675598
15,0.1493191421031952,0.6035373210906982,-0.06946957111358643
16,0.14823894202709198,0.6345452666282654,-0.05978994816541672
17,0.1008576899766922,0.5590314269065857,-0.03432009741663933
18,0.08745642751455307,0.48220643401145935,-0.05740378424525261
19,0.07373639941215515,0.4339735805988312,-0.06040665879845619
20,0.06097076088190079,0.3799152374267578,-0.058018192648887634