0,0.1667466163635254,0.636338472366333,4.307849224005622e-07
1,0.23225367069244385,0.6048349142074585,-0.03819960728287697
2,0.2825303077697754,0.543688178062439,-0.05597100034356117
3,0.30833178758621216,0.4834759831428528,-0.07099232822656631
4,0.3212691843509674,0.428227037191391,-0.08586061000823975
5,0.22391000390052795,0.39196476340293884,-0.03829474002122879
6,0.22743728756904602,0.290187805891037,-0.06442670524120331
7,0.2245211899280548,0.22644548118114471,-0.0853186547756195
8,0.21941503882408142,0.1695152223110199,-0.10028160363435745
9,0.17434626817703247,0.38087570667266846,-0.0387580431997776
10,0.16700544953346252,0.264859139919281,-0.06225229427218437
11,0.1617196798324585,0.19096507132053375,-0.08306558430194855
12,0.1558767408132553,0.12919729948043823,-0.0983237773180008
13,0.12871193885803223,0.3978544771671295,-0.04328317567706108
14,0.1125243753194809,0.29428884387016296,-0.0665012076497078
15,0.10209956765174866,0.2251424789428711,-0.08485341817140579
16,0.09351357817649841,0.16734051704406738,-0.09747737646102905
17,0.0854477807879448,0.4374774694442749,-0.0513378344476223
18,0.05396084487438202,0.3654451072216034,-0.07543627172708511
19,0.032296016812324524,0.3158440589904785,-0.0882657989859581
20,0.0142439603805542,0.2697283625602722,-0.09565091133117676