0,0.5012884736061096,0.8349449038505554,-2.863553731913271e-07
1,0.4367508590221405,0.7869606614112854,0.020582228899002075
2,0.3923393785953522,0.7308236360549927,0.019097764045000076
3,0.35553982853889465,0.7023468613624573,0.011081480421125889
4,0.3198709785938263,0.6820539832115173,0.0010930043645203114
5,0.4265330135822296,0.6207290887832642,-0.005998436827212572
6,0.364121675491333,0.5512245297431946,-0.020900733768939972
7,0.33239877223968506,0.510166585445404,-0.030310291796922684
8,0.3048979640007019,0.47447213530540466,-0.03736662492156029
9,0.43341612815856934,0.6394474506378174,-0.027467958629131317
10,0.3372519612312317,0.6072525978088379,-0.046313125640153885
11,0.30390816926956177,0.6499158143997192,-0.05054647848010063
12,0.2949572205543518,0.6853090524673462,-0.05206405371427536
13,0.42927101254463196,0.6774611473083496,-0.04699867591261864
14,0.3391701877117157,0.6375425457954407,-0.06467560678720474
15,0.30697038769721985,0.6735858917236328,-0.06129353493452072
16,0.29955270886421204,0.7056825757026672,-0.05632703751325607
17,0.4166901111602783,0.7237383127212524,-0.06444297730922699
18,0.3473469018936157,0.6839004158973694,-0.07678566128015518
19,0.3126160502433777,0.691596508026123,-0.07369713485240936
20,0.2951463460922241,0.706463098526001,-0.06890979409217834