0,0.1882971227169037,0.7851170301437378,2.179248355105301e-07
1,0.1576397567987442,0.701163649559021,0.005825835280120373
2,0.15971536934375763,0.6142975091934204,0.0018552355468273163
3,0.1957939863204956,0.5688828229904175,-0.003632974810898304
4,0.23102149367332458,0.5554829239845276,-0.009314784780144691
5,0.1445721983909607,0.5846465826034546,-0.022002700716257095
6,0.1251828819513321,0.47343939542770386,-0.03792840242385864
7,0.1135011538863182,0.41149044036865234,-0.04453541710972786
8,0.10242824256420135,0.36397284269332886,-0.04708120599389076
9,0.17575469613075256,0.5945360064506531,-0.03769445791840553
10,0.1645991951227188,0.4686691462993622,-0.05778339505195618
11,0.1583503782749176,0.3947482705116272,-0.0661008358001709
12,0.14992527663707733,0.3397855758666992,-0.0679503008723259
13,0.2129479944705963,0.6099371910095215,-0.05190811678767204
14,0.22644411027431488,0.4899180233478546,-0.07854310423135757
15,0.22641047835350037,0.42426013946533203,-0.09198219329118729
16,0.21989285945892334,0.3717520833015442,-0.09527041018009186
17,0.2577657401561737,0.6345713138580322,-0.06322583556175232
18,0.2702223062515259,0.5466753244400024,-0.07369977235794067
19,0.26258325576782227,0.5623441338539124,-0.06473265588283539
20,0.2546057403087616,0.5935168266296387,-0.05594227463006973