0,0.2861896753311157,0.46053776144981384,1.9863981037815392e-07
1,0.2920297682285309,0.3768622577190399,0.023923439905047417
2,0.3189423680305481,0.3364903926849365,0.025135818868875504
3,0.3524780571460724,0.3248254954814911,0.020842835307121277
4,0.3816944360733032,0.3304387927055359,0.01695019006729126
5,0.3247436285018921,0.3022456169128418,-0.007625555619597435
6,0.33192405104637146,0.23232008516788483,-0.025659577921032906
7,0.332629919052124,0.18253251910209656,-0.03860442340373993
8,0.33292219042778015,0.14323003590106964,-0.04729461297392845
9,0.3492390215396881,0.3166169226169586,-0.025002291426062584
10,0.38713860511779785,0.2479603886604309,-0.045196495950222015
11,0.40991249680519104,0.20198240876197815,-0.05952267721295357
12,0.42708083987236023,0.16838105022907257,-0.06913458555936813
13,0.37044328451156616,0.34912100434303284,-0.03769746795296669
14,0.4204023778438568,0.3307194113731384,-0.046608299016952515
15,0.41354677081108093,0.35017141699790955,-0.03588275611400604
16,0.40007203817367554,0.3643864691257477,-0.025324814021587372
17,0.39032790064811707,0.3900606632232666,-0.049124620854854584
18,0.4408547580242157,0.35915130376815796,-0.05586332455277443
19,0.4706374406814575,0.34759554266929626,-0.04847763106226921
20,0.49211400747299194,0.333002507686615,-0.039420273154973984