0,0.23701955378055573,0.8975246548652649,-2.8068512847312377e-07
1,0.19711515307426453,0.8421141505241394,0.0005565456231124699
2,0.13683000206947327,0.8147461414337158,-0.0010201126569882035
3,0.08547870814800262,0.8082311153411865,-0.002751837484538555
4,0.054496653378009796,0.8242834806442261,-0.0032131406478583813
5,0.09460034966468811,0.8394469618797302,-0.01486694160848856
6,0.02724548429250717,0.8729715347290039,-0.025413336232304573
7,0.047521546483039856,0.8874021172523499,-0.029607078060507774
8,0.07366140186786652,0.8795394897460938,-0.030529087409377098
9,0.09966883063316345,0.8877823948860168,-0.019378025084733963
10,0.031128980219364166,0.9249411821365356,-0.02687738835811615
11,0.05358290672302246,0.9326299428939819,-0.02369367517530918
12,0.07899051904678345,0.9202769994735718,-0.02021886594593525
13,0.1111532598733902,0.9344809055328369,-0.02318084053695202
14,0.05295797437429428,0.9677060842514038,-0.02852551080286503
15,0.07424237579107285,0.9677689075469971,-0.01913630962371826
16,0.09871275722980499,0.9541729688644409,-0.012285386212170124
17,0.12676873803138733,0.9760884046554565,-0.02681245468556881
18,0.09062110632658005,0.9964483380317688,-0.03104061260819435
19,0.10703164339065552,0.9927976727485657,-0.02361872047185898
20,0.1259964406490326,0.981226921081543,-0.016652580350637436