0,0.35599076747894287,0.6696706414222717,2.3348336242179357e-07
1,0.3281472325325012,0.5835542678833008,0.00826687179505825
2,0.3324010670185089,0.5013167262077332,0.007328844629228115
3,0.35474029183387756,0.4501802921295166,0.0032301326282322407
4,0.3704898953437805,0.4200613498687744,-0.002639121375977993
5,0.38198721408843994,0.4239734411239624,-0.005931519903242588
6,0.3922760486602783,0.3214099407196045,-0.01954781264066696
7,0.40365687012672424,0.2586476802825928,-0.02893580123782158
8,0.41383862495422363,0.2148483693599701,-0.03455526381731033
9,0.4219636917114258,0.43829888105392456,-0.021080343052744865
10,0.4581998288631439,0.3282553255558014,-0.031437139958143234
11,0.48259225487709045,0.26509785652160645,-0.03982622176408768
12,0.5013357400894165,0.2225099802017212,-0.04498480632901192
13,0.45458558201789856,0.47303643822669983,-0.03587498143315315
14,0.5033115148544312,0.3828705847263336,-0.048939913511276245
15,0.531586229801178,0.3236244320869446,-0.061805691570043564
16,0.5507396459579468,0.27886319160461426,-0.07043735682964325
17,0.48029911518096924,0.5245233178138733,-0.049428701400756836
18,0.5335565805435181,0.4876178801059723,-0.0603458397090435
19,0.5599092245101929,0.4562135338783264,-0.06537336111068726
20,0.5792386531829834,0.42758908867836,-0.06778524070978165