0,0.6867001056671143,0.9214654564857483,4.080906279568808e-08
1,0.6751843690872192,0.8524975180625916,-0.009607459418475628
2,0.6467449069023132,0.8106154203414917,-0.02357121929526329
3,0.618345320224762,0.8127353191375732,-0.034986961632966995
4,0.6094944477081299,0.8511540293693542,-0.04799617454409599
5,0.6713447570800781,0.8616089224815369,-0.05523813143372536
6,0.5908385515213013,0.8699144721031189,-0.0709439218044281
7,0.595634937286377,0.870926558971405,-0.07269340008497238
8,0.6155986189842224,0.8706488609313965,-0.071149080991745
9,0.6730203032493591,0.9136262536048889,-0.05831914022564888
10,0.5843931436538696,0.9158709645271301,-0.07039634883403778
11,0.5909892320632935,0.9040200710296631,-0.06405293941497803
12,0.6104881167411804,0.9018656015396118,-0.06116290017962456
13,0.666601836681366,0.9557445645332336,-0.059427108615636826
14,0.5851131081581116,0.9460256099700928,-0.0702357366681099
15,0.5927414298057556,0.9331253170967102,-0.05963084474205971
16,0.6141464710235596,0.9343410134315491,-0.05181732773780823
17,0.6552454233169556,0.9891670346260071,-0.06079879775643349
18,0.5950872898101807,0.9735619425773621,-0.0694713294506073
19,0.5998172760009766,0.9588675498962402,-0.0626053661108017
20,0.6170729398727417,0.9584543108940125,-0.057147033512592316