0,0.5975903272628784,0.7477864623069763,3.18225488626922e-07
1,0.6560217142105103,0.7797242403030396,-0.004873853176832199
2,0.7245259881019592,0.7615453004837036,-0.008141767233610153
3,0.7752714157104492,0.7566017508506775,-0.015330932103097439
4,0.8178071975708008,0.7505729794502258,-0.02349766530096531
5,0.7688536643981934,0.655201256275177,0.004271873272955418
6,0.823035717010498,0.6149811148643494,-0.01662789098918438
7,0.8663524985313416,0.60762619972229,-0.03513425961136818
8,0.9032142162322998,0.6126576066017151,-0.0477277897298336
9,0.7564586997032166,0.6327511072158813,-0.008949603885412216
10,0.8164485096931458,0.5837734937667847,-0.028904790058732033
11,0.8646423816680908,0.5855793952941895,-0.045988745987415314
12,0.9053806066513062,0.6006847023963928,-0.057381704449653625
13,0.7340192794799805,0.6222431659698486,-0.0256367027759552
14,0.788707971572876,0.5698338747024536,-0.04661204293370247
15,0.8318907618522644,0.5747964382171631,-0.05877408757805824
16,0.8701649904251099,0.5919011235237122,-0.06603989005088806
17,0.7046483755111694,0.6220220923423767,-0.04350462928414345
18,0.7463175058364868,0.5813270211219788,-0.06254678219556808
19,0.7822158932685852,0.5751994848251343,-0.07064971327781677
20,0.8149092793464661,0.5819764137268066,-0.07547065615653992