0,0.2806881368160248,0.7604842185974121,2.923237047980365e-07
1,0.2386414259672165,0.664084792137146,0.003549752989783883
2,0.2361404001712799,0.5748150944709778,0.0006633840966969728
3,0.26674148440361023,0.5264273285865784,-0.004610433243215084
4,0.30097803473472595,0.514908492565155,-0.011034170165657997
5,0.251041054725647,0.5200892686843872,-0.012060904875397682
6,0.2340468168258667,0.41202616691589355,-0.028177443891763687
7,0.22519466280937195,0.3463641107082367,-0.038108788430690765
8,0.2199522852897644,0.29622596502304077,-0.044234536588191986
9,0.29551979899406433,0.5184135437011719,-0.02440488710999489
10,0.3021092712879181,0.39716410636901855,-0.03705504909157753
11,0.3070836365222931,0.32369813323020935,-0.04704331234097481
12,0.3103698194026947,0.2679939270019531,-0.05297594144940376
13,0.33877721428871155,0.5371058583259583,-0.03645708039402962
14,0.35605311393737793,0.42991602420806885,-0.051153071224689484
15,0.3688594102859497,0.362887442111969,-0.06503038853406906
16,0.37623536586761475,0.3132277727127075,-0.07340254634618759
17,0.37844163179397583,0.5712130069732666,-0.047629281878471375
18,0.4136731028556824,0.5074893236160278,-0.060298264026641846
19,0.43682336807250977,0.46839988231658936,-0.06618477404117584
20,0.45480018854141235,0.4366106390953064,-0.06867456436157227