0,0.4807114601135254,0.8348934650421143,5.121258936924278e-07
1,0.4592489004135132,0.7384865880012512,-0.0005724835791625082
2,0.48703670501708984,0.6559495329856873,-0.007368811871856451
3,0.537038266658783,0.6299936771392822,-0.014199714176356792
4,0.5758727192878723,0.63698410987854,-0.02087961509823799
5,0.5110141634941101,0.6194719076156616,-0.029584553092718124
6,0.536354124546051,0.509066104888916,-0.04064900800585747
7,0.5506739020347595,0.44758567214012146,-0.04341591149568558
8,0.5617401003837585,0.39985406398773193,-0.0429127961397171
9,0.5561206340789795,0.6459916830062866,-0.03388673812150955
10,0.6048758625984192,0.542377769947052,-0.041576795279979706
11,0.6334542632102966,0.4794803261756897,-0.04361657798290253
12,0.6565461158752441,0.4367690682411194,-0.0430348664522171
13,0.5897752046585083,0.6813567280769348,-0.03525034710764885
14,0.5986005663871765,0.6267284154891968,-0.040910959243774414
15,0.5757718086242676,0.6366291642189026,-0.037211544811725616
16,0.557379961013794,0.6610288619995117,-0.02985355071723461
17,0.6112477779388428,0.7131087183952332,-0.036421291530132294
18,0.6056573987007141,0.6630475521087646,-0.0341874323785305
19,0.5876957774162292,0.6718886494636536,-0.02228456549346447
20,0.5766727328300476,0.6933027505874634,-0.010266919620335102