0,0.8351594805717468,0.931323766708374,1.577973733901672e-07
1,0.821972668170929,0.843206524848938,0.0022315834648907185
2,0.7871197462081909,0.7569100260734558,-0.008348378352820873
3,0.741260290145874,0.7075300812721252,-0.01969764195382595
4,0.7008970379829407,0.6900480389595032,-0.0350407212972641
5,0.793908953666687,0.7015724182128906,-0.04202120751142502
6,0.7429708242416382,0.6079939007759094,-0.0643639788031578
7,0.7110868096351624,0.555778443813324,-0.07712172716856003
8,0.6836567521095276,0.5138344168663025,-0.08507093042135239
9,0.7838630080223083,0.735386312007904,-0.05794554948806763
10,0.7147661447525024,0.641546368598938,-0.07500150799751282
11,0.6670222282409668,0.598186731338501,-0.08214129507541656
12,0.6300308704376221,0.5697437524795532,-0.0886547788977623
13,0.7674362659454346,0.7878339886665344,-0.0712021067738533
14,0.690315842628479,0.71233731508255,-0.08985280245542526
15,0.6654731631278992,0.70465087890625,-0.09144429117441177
16,0.6572784185409546,0.7056024670600891,-0.09210893511772156
17,0.745823085308075,0.8514759540557861,-0.08304686844348907
18,0.6821917295455933,0.8141529560089111,-0.10062798857688904
19,0.6816267967224121,0.8226367235183716,-0.09769636392593384
20,0.6950384378433228,0.8347529172897339,-0.09357777237892151