0,0.6440770626068115,0.7673366069793701,-3.306594464902446e-07
1,0.585852861404419,0.7599622011184692,-0.008526653051376343
2,0.5244336724281311,0.7171986103057861,-0.015421329066157341
3,0.49148648977279663,0.6720400452613831,-0.025250649079680443
4,0.5084211826324463,0.6485463380813599,-0.03170720860362053
5,0.5447506904602051,0.6127380728721619,0.0027425207663327456
6,0.5137794017791748,0.5819200277328491,-0.019051598384976387
7,0.511277437210083,0.6278647184371948,-0.03044106811285019
8,0.5166290998458862,0.6561821699142456,-0.03382403776049614
9,0.5692163705825806,0.5997105240821838,-0.0030933967791497707
10,0.5374718904495239,0.5718291401863098,-0.0321609266102314
11,0.5341156125068665,0.6257182359695435,-0.04201415553689003
12,0.5396254658699036,0.6626248955726624,-0.04084666073322296
13,0.5978990197181702,0.5928610563278198,-0.01244418229907751
14,0.5658355355262756,0.5669324994087219,-0.040130313485860825
15,0.5542227625846863,0.6222506761550903,-0.04251343384385109
16,0.5540083646774292,0.6646330952644348,-0.03466052561998367
17,0.6262880563735962,0.590283989906311,-0.02245066687464714
18,0.6172201037406921,0.5188020467758179,-0.036863017827272415
19,0.6082475781440735,0.4734475016593933,-0.04092937335371971
20,0.5997241139411926,0.4324522316455841,-0.03988775238394737