0,0.7796357870101929,0.7773441672325134,-1.4009080473442737e-07
1,0.7343788743019104,0.7425869703292847,-0.026214420795440674
2,0.7035428881645203,0.68888258934021,-0.0473022498190403
3,0.7123686671257019,0.6505178809165955,-0.06994054466485977
4,0.742123007774353,0.6273443698883057,-0.09201093763113022
5,0.7467954754829407,0.5441449880599976,-0.030513163655996323
6,0.7476685643196106,0.442961722612381,-0.05763429030776024
7,0.7498721480369568,0.3790539503097534,-0.07694528251886368
8,0.7511163949966431,0.32313236594200134,-0.09235234558582306
9,0.7848186492919922,0.5640817880630493,-0.03662315383553505
10,0.7850586175918579,0.5214921832084656,-0.08029093593358994
11,0.7654719948768616,0.5841527581214905,-0.09370200335979462
12,0.7519146800041199,0.631568193435669,-0.0948803573846817
13,0.8184641599655151,0.598022997379303,-0.04584689438343048
14,0.8206266760826111,0.5510643124580383,-0.08580127358436584
15,0.7937198877334595,0.609303891658783,-0.08120228350162506
16,0.7762389183044434,0.6537501811981201,-0.06933118402957916
17,0.8476210236549377,0.6437183022499084,-0.057621173560619354
18,0.8420740365982056,0.6049745082855225,-0.08524010330438614
19,0.8137048482894897,0.6366726756095886,-0.08073696494102478
20,0.7944583892822266,0.6653941869735718,-0.07132373005151749