0,0.16712665557861328,0.6376581788063049,4.646601325930533e-07
1,0.23320159316062927,0.6066674590110779,-0.03881103917956352
2,0.2864263653755188,0.5453436970710754,-0.05617659166455269
3,0.31117987632751465,0.48219847679138184,-0.0702030286192894
4,0.3230753242969513,0.42756643891334534,-0.08375998586416245
5,0.22517025470733643,0.3934875726699829,-0.038634851574897766
6,0.2286730408668518,0.29166555404663086,-0.06273307651281357
7,0.22575676441192627,0.22779253125190735,-0.08237780630588531
8,0.22095385193824768,0.16984222829341888,-0.09693381935358047
9,0.17517337203025818,0.3803524076938629,-0.03812967613339424
10,0.16655366122722626,0.2648809254169464,-0.058897074311971664
11,0.16036272048950195,0.19153115153312683,-0.07740116864442825
12,0.15388716757297516,0.1300601363182068,-0.09128190577030182
13,0.12985709309577942,0.395921528339386,-0.041791293770074844
14,0.11365286260843277,0.29068201780319214,-0.06412820518016815
15,0.10309036076068878,0.22120153903961182,-0.08229365944862366
16,0.09382480382919312,0.1624453067779541,-0.0946931466460228
17,0.08792845159769058,0.4345361888408661,-0.048985302448272705
18,0.0553126335144043,0.35977086424827576,-0.07336711138486862
19,0.031506359577178955,0.3105281591415405,-0.08638199418783188
20,0.010867789387702942,0.2640492916107178,-0.09385212510824203