0,0.47807779908180237,0.6895670294761658,3.413716171962733e-07
1,0.4451141953468323,0.6038355231285095,-0.003668601391837001
2,0.44147881865501404,0.5240667462348938,-0.010779866017401218
3,0.4670352637767792,0.4897899627685547,-0.018368365243077278
4,0.4986960291862488,0.4932512938976288,-0.02749156951904297
5,0.5117507576942444,0.461650013923645,-0.026668179780244827
6,0.5337543487548828,0.3524523377418518,-0.04240380972623825
7,0.5511365532875061,0.2913706302642822,-0.0515986829996109
8,0.5661757588386536,0.24650058150291443,-0.05742418393492699
9,0.5565161108970642,0.4818018972873688,-0.034950803965330124
10,0.5981778502464294,0.37766963243484497,-0.046241190284490585
11,0.6242824196815491,0.31629323959350586,-0.0543002225458622
12,0.6447162628173828,0.27228403091430664,-0.05963156372308731
13,0.5887923836708069,0.5189904570579529,-0.04271799325942993
14,0.6341453194618225,0.4402233064174652,-0.05574009194970131
15,0.6681397557258606,0.39200398325920105,-0.06704317778348923
16,0.6928285360336304,0.3597154915332794,-0.07421117275953293
17,0.6078796982765198,0.5661154985427856,-0.050062742084264755
18,0.6554969549179077,0.5261225700378418,-0.06294931471347809
19,0.6847316026687622,0.5032004117965698,-0.06723149120807648
20,0.7074660658836365,0.4884442985057831,-0.06834235042333603