0,0.5969109535217285,0.9180257320404053,2.069915723268423e-07
1,0.5831338763237,0.8187936544418335,0.005992465652525425
2,0.6131768226623535,0.7372521758079529,0.005236384458839893
3,0.6591354012489319,0.7227221131324768,0.00706974882632494
4,0.6928338408470154,0.7257053852081299,0.006393741816282272
5,0.638756513595581,0.7071756720542908,-0.033475276082754135
6,0.6639550924301147,0.6019488573074341,-0.03738332912325859
7,0.6756664514541626,0.5411381721496582,-0.03381809964776039
8,0.6859447956085205,0.48937100172042847,-0.03186487406492233
9,0.6788930892944336,0.7365097999572754,-0.039373401552438736
10,0.7222481369972229,0.6317757368087769,-0.05276109278202057
11,0.7457932233810425,0.5690873861312866,-0.05799822136759758
12,0.7659851908683777,0.5193964838981628,-0.05999690666794777
13,0.7045223712921143,0.767710268497467,-0.040530428290367126
14,0.7469344735145569,0.679611325263977,-0.06050913780927658
15,0.7713215351104736,0.6189815402030945,-0.07666536420583725
16,0.7912962436676025,0.5771589875221252,-0.08513003587722778
17,0.7168473601341248,0.7955229878425598,-0.03760301694273949
18,0.7075567841529846,0.737490177154541,-0.049689702689647675
19,0.675030529499054,0.7343015074729919,-0.05032665655016899
20,0.6548813581466675,0.7509251832962036,-0.0495845191180706