0,0.4945700466632843,0.893612802028656,4.1277783680016e-07
1,0.5157461166381836,0.8013071417808533,-0.001659787492826581
2,0.5168700814247131,0.7144497632980347,-0.011501820757985115
3,0.47307518124580383,0.6781288981437683,-0.020341647788882256
4,0.432083398103714,0.6799153685569763,-0.03180304542183876
5,0.47867465019226074,0.6994863152503967,-0.04264522343873978
6,0.44816842675209045,0.5919318199157715,-0.06368512660264969
7,0.42722803354263306,0.5288468599319458,-0.07380722463130951
8,0.40953245759010315,0.48136216402053833,-0.07899119704961777
9,0.4389439821243286,0.7275729775428772,-0.05195692554116249
10,0.39168399572372437,0.6140989661216736,-0.06921393424272537
11,0.3570571541786194,0.5489717721939087,-0.07884795218706131
12,0.32878005504608154,0.5045684576034546,-0.08570174872875214
13,0.4060928225517273,0.7595329880714417,-0.058669209480285645
14,0.3544529676437378,0.6612318158149719,-0.07203210890293121
15,0.32024213671684265,0.603142261505127,-0.08363929390907288
16,0.2946755588054657,0.561697781085968,-0.0922885611653328
17,0.3804241120815277,0.7942709922790527,-0.06382866203784943
18,0.33136773109436035,0.7354088425636292,-0.07633848488330841
19,0.3002673089504242,0.7012274861335754,-0.08307235687971115
20,0.2734166085720062,0.6718518733978271,-0.08703295141458511