0,0.3887083828449249,0.7569284439086914,2.3007413574305247e-07
1,0.441394567489624,0.6828440427780151,-0.00892158318310976
2,0.4559290409088135,0.5935192108154297,-0.010821989737451077
3,0.4383653700351715,0.5256533026695251,-0.008837512694299221
4,0.409745454788208,0.4910871982574463,-0.006582970265299082
5,0.394798219203949,0.5264875292778015,-0.026304006576538086
6,0.38164690136909485,0.4113095998764038,-0.028743427246809006
7,0.37680941820144653,0.34537190198898315,-0.03016408160328865
8,0.3689877688884735,0.2945328652858734,-0.032304659485816956
9,0.3481518626213074,0.5385560989379883,-0.020447488874197006
10,0.34629249572753906,0.45634979009628296,-0.019750049337744713
11,0.3671642243862152,0.47729945182800293,-0.012695427983999252
12,0.37890860438346863,0.5136426687240601,-0.00911811925470829
13,0.3165866434574127,0.5645396709442139,-0.012722662650048733
14,0.31862756609916687,0.4881180226802826,-0.00914361234754324
15,0.3388513922691345,0.5037596821784973,0.0015925670741125941
16,0.34872546792030334,0.5363479256629944,0.005852065049111843
17,0.29631513357162476,0.5918946266174316,-0.005607220344245434
18,0.30620062351226807,0.5296444892883301,-0.0033087399788200855
19,0.3239590525627136,0.5423158407211304,0.005122866481542587
20,0.3320627808570862,0.5685288906097412,0.010769925080239773