0,0.8744779229164124,0.6618455648422241,-3.560142829428514e-07
1,0.8801418542861938,0.6220534443855286,-0.014623218216001987
2,0.907965898513794,0.577065110206604,-0.019522693008184433
3,0.934779942035675,0.556594967842102,-0.023205984383821487
4,0.952162504196167,0.5726345777511597,-0.02349630929529667
5,0.9570856690406799,0.5909746885299683,-0.003355586202815175
6,0.9540653824806213,0.5888928174972534,-0.017753778025507927
7,0.9293760657310486,0.5941562056541443,-0.02506139501929283
8,0.9264309406280518,0.5931729674339294,-0.02907550148665905
9,0.9670363664627075,0.6230374574661255,-0.002737971255555749
10,0.94964200258255,0.6211544275283813,-0.01700696535408497
11,0.9229398369789124,0.6238111853599548,-0.01920793019235134
12,0.9239189028739929,0.622427761554718,-0.01753639429807663
13,0.9672178030014038,0.6561269760131836,-0.005498683080077171
14,0.9444444179534912,0.6535270810127258,-0.019968032836914062
15,0.9195969700813293,0.6517906188964844,-0.015558701008558273
16,0.9210147857666016,0.6479173898696899,-0.009715307503938675
17,0.9630900621414185,0.6873428225517273,-0.010128608904778957
18,0.9398308992385864,0.6812838912010193,-0.018370725214481354
19,0.9191265106201172,0.6773695349693298,-0.015589157119393349
20,0.919224202632904,0.6736626625061035,-0.011279678903520107