0,0.31198400259017944,0.9102908372879028,-3.7203810165920004e-07
1,0.26083898544311523,0.8857252597808838,0.007742716930806637
2,0.20044714212417603,0.889909029006958,0.004518077243119478
3,0.159425288438797,0.9187886118888855,-0.0009784889407455921
4,0.14085941016674042,0.9592981338500977,-0.005786570720374584
5,0.16825072467327118,0.8747830390930176,-0.012299126014113426
6,0.1014653667807579,0.9315111637115479,-0.025850757956504822
7,0.1191503182053566,0.9590167999267578,-0.030684513971209526
8,0.1386965960264206,0.9530830979347229,-0.03247949853539467
9,0.17992497980594635,0.905053973197937,-0.02312403731048107
10,0.11109622567892075,0.9698798656463623,-0.03410806879401207
11,0.13189350068569183,0.9895931482315063,-0.030731583014130592
12,0.15109162032604218,0.9777653217315674,-0.027061771601438522
13,0.19763080775737762,0.9414200782775879,-0.03298667445778847
14,0.14190462231636047,1.0049434900283813,-0.0424082912504673
15,0.1634739488363266,1.0130596160888672,-0.03201216086745262
16,0.18191255629062653,0.9972794055938721,-0.024205217137932777
17,0.21697668731212616,0.9792003035545349,-0.04200638458132744
18,0.18166689574718475,1.0230011940002441,-0.048696476966142654
19,0.1986890584230423,1.023900032043457,-0.04018871858716011
20,0.21463122963905334,1.0110889673233032,-0.03266042470932007