0,0.596247136592865,0.7374827265739441,5.3933217714075e-07
1,0.6230931878089905,0.657590389251709,0.005068870726972818
2,0.6191426515579224,0.5648902654647827,-0.003408004529774189
3,0.5902343392372131,0.513590931892395,-0.01380597148090601
4,0.5574242472648621,0.4901801645755768,-0.0270164143294096
5,0.6379011273384094,0.5311118364334106,-0.030756166204810143
6,0.6379138231277466,0.41382795572280884,-0.04830820858478546
7,0.6374382376670837,0.349247545003891,-0.057360824197530746
8,0.635776698589325,0.29587969183921814,-0.061368998140096664
9,0.6058900356292725,0.5376734733581543,-0.04327289015054703
10,0.5980097651481628,0.40375691652297974,-0.05537576973438263
11,0.5925613045692444,0.3315111994743347,-0.05940884351730347
12,0.5857269763946533,0.2708911895751953,-0.06185493618249893
13,0.5694947838783264,0.5522539019584656,-0.05262324959039688
14,0.5391675233840942,0.44781213998794556,-0.06401852518320084
15,0.5334843397140503,0.4479312300682068,-0.060761772096157074
16,0.5324348211288452,0.45141464471817017,-0.05677302926778793
17,0.5316558480262756,0.5752391219139099,-0.06083481386303902
18,0.511867880821228,0.51804518699646,-0.06877675652503967
19,0.5159977674484253,0.5477801561355591,-0.05817878246307373
20,0.5222178101539612,0.5764751434326172,-0.048038262873888016