0,0.6399242877960205,0.715757429599762,-3.9438342014364025e-07
1,0.586672306060791,0.6907638907432556,-0.007572383154183626
2,0.5349070429801941,0.6350471377372742,-0.01381704956293106
3,0.5100986957550049,0.5790888071060181,-0.023643696680665016
4,0.53162682056427,0.5414733290672302,-0.030050035566091537
5,0.568231999874115,0.5380133390426636,0.008046213537454605
6,0.5434240102767944,0.4929714798927307,-0.012961220927536488
7,0.5303264260292053,0.5327608585357666,-0.024569246917963028
8,0.5268839597702026,0.5671983957290649,-0.028285201638936996
9,0.5931425094604492,0.5287998914718628,0.0024431338533759117
10,0.5643203854560852,0.49206292629241943,-0.02749008499085903
11,0.5536773800849915,0.5481982231140137,-0.03934689983725548
12,0.5533396601676941,0.5934381484985352,-0.03924879431724548
13,0.6226354241371155,0.525858461856842,-0.006844447460025549
14,0.5910661220550537,0.4911963939666748,-0.037043631076812744
15,0.5732972025871277,0.549243152141571,-0.04084537923336029
16,0.5670880079269409,0.598094642162323,-0.03324856236577034
17,0.6526204943656921,0.5273255705833435,-0.016467202454805374
18,0.6556598544120789,0.4550831615924835,-0.032852113246917725
19,0.6552460193634033,0.40959930419921875,-0.03804801031947136
20,0.6513047814369202,0.36806607246398926,-0.03770928084850311