0,0.6141168475151062,0.4386812448501587,2.621138435188186e-07
1,0.6331344246864319,0.3854314684867859,0.011022034101188183
2,0.6345700621604919,0.34322571754455566,0.009065644815564156
3,0.6256036758422852,0.31229257583618164,0.0036536473780870438
4,0.6128988265991211,0.29211944341659546,-0.0021130794193595648
5,0.6465229392051697,0.3062421381473541,-0.006962502375245094
6,0.6632116436958313,0.2533084452152252,-0.019815556704998016
7,0.6758669018745422,0.21541288495063782,-0.028222769498825073
8,0.6855766773223877,0.18822497129440308,-0.031109565868973732
9,0.6275283694267273,0.30141013860702515,-0.017798593267798424
10,0.6182530522346497,0.22840462625026703,-0.028577236458659172
11,0.6149411797523499,0.18189993500709534,-0.03474796190857887
12,0.6120357513427734,0.14570076763629913,-0.03767145425081253
13,0.6037952899932861,0.3063895106315613,-0.02665572427213192
14,0.5813090801239014,0.2788372039794922,-0.0356329120695591
15,0.58247309923172,0.2981947362422943,-0.03519070893526077
16,0.5863732695579529,0.3163208067417145,-0.0312788188457489
17,0.577515721321106,0.31552258133888245,-0.034411732107400894
18,0.5559614300727844,0.2664533853530884,-0.038701124489307404
19,0.5441957116127014,0.23609815537929535,-0.03500610962510109
20,0.5363160371780396,0.21024709939956665,-0.0303720161318779