0,0.20643705129623413,0.7912595272064209,2.636697900015861e-07
1,0.17682532966136932,0.6930695176124573,0.0047554573975503445
2,0.18861645460128784,0.6082459092140198,0.0021872075740247965
3,0.22785639762878418,0.5722236037254333,-0.003427171614021063
4,0.2622356414794922,0.5662057399749756,-0.009892558678984642
5,0.20272530615329742,0.5534026026725769,-0.00734242657199502
6,0.20199519395828247,0.4458499848842621,-0.02125954069197178
7,0.20185469090938568,0.37972259521484375,-0.02979983016848564
8,0.20169058442115784,0.3310416340827942,-0.03493436053395271
9,0.24640196561813354,0.5597598552703857,-0.020127827301621437
10,0.26510927081108093,0.44261646270751953,-0.03085092268884182
11,0.2769068479537964,0.3722984790802002,-0.039880216121673584
12,0.28501224517822266,0.32046574354171753,-0.045583028346300125
13,0.2873691916465759,0.5849161148071289,-0.03270149603486061
14,0.3141231834888458,0.48006266355514526,-0.04487879201769829
15,0.3308875560760498,0.41730964183807373,-0.05669080466032028
16,0.3401690721511841,0.36921924352645874,-0.06424795836210251
17,0.3229532539844513,0.6242842078208923,-0.04445464536547661
18,0.36332181096076965,0.5642156004905701,-0.05369050055742264
19,0.3872113525867462,0.5266921520233154,-0.05766519159078598
20,0.40563493967056274,0.4955730140209198,-0.05947992205619812