0,0.2881454825401306,0.8267327547073364,1.3606961601908552e-07
1,0.24729837477207184,0.7301263213157654,0.01563180610537529
2,0.2596994936466217,0.629753053188324,0.016990385949611664
3,0.3109371066093445,0.579570472240448,0.017284302040934563
4,0.3498891294002533,0.5500385761260986,0.015826931223273277
5,0.23098711669445038,0.5980901122093201,-0.013431155122816563
6,0.20833730697631836,0.47909289598464966,-0.020158270373940468
7,0.19431117177009583,0.4120996594429016,-0.019615940749645233
8,0.179740309715271,0.3582755923271179,-0.018262431025505066
9,0.2751081883907318,0.5970766544342041,-0.030233068391680717
10,0.26375970244407654,0.46451735496520996,-0.04138580337166786
11,0.2565291225910187,0.38890695571899414,-0.04508471116423607
12,0.24826738238334656,0.3286806046962738,-0.044999077916145325
13,0.3182404637336731,0.6081098914146423,-0.043694403022527695
14,0.32142579555511475,0.48210209608078003,-0.06406266987323761
15,0.31777167320251465,0.41198474168777466,-0.07411832362413406
16,0.31320181488990784,0.3549457788467407,-0.07681899517774582
17,0.36127790808677673,0.631877064704895,-0.05273139476776123
18,0.34527358412742615,0.5516899824142456,-0.05724306032061577
19,0.3298429548740387,0.5803806781768799,-0.04235820844769478
20,0.32766252756118774,0.6208831071853638,-0.030484404414892197