0,0.7385939359664917,0.6721067428588867,-3.789558604694321e-07
1,0.7934759259223938,0.6746015548706055,-0.003048499347642064
2,0.8437094688415527,0.6423921585083008,-0.0040901475585997105
3,0.8795567750930786,0.6082844138145447,-0.010034235194325447
4,0.8775931596755981,0.5686339139938354,-0.014269420877099037
5,0.8340914845466614,0.5594717860221863,0.01200216542929411
6,0.8688018918037415,0.533544659614563,-0.0063141523860394955
7,0.8609961867332458,0.5806277394294739,-0.017069105058908463
8,0.8417646884918213,0.6192571520805359,-0.017309468239545822
9,0.8224388957023621,0.539776086807251,0.004435185808688402
10,0.8626587986946106,0.5180982947349548,-0.02073383890092373
11,0.8445908427238464,0.5755470991134644,-0.03300384432077408
12,0.8182972073554993,0.6138848066329956,-0.032358281314373016
13,0.8043171167373657,0.5186301469802856,-0.006109380163252354
14,0.851223886013031,0.4988856911659241,-0.031038878485560417
15,0.8362695574760437,0.5548370480537415,-0.03562458977103233
16,0.8098265528678894,0.5913998484611511,-0.028352241963148117
17,0.7797052264213562,0.4990997612476349,-0.016605624929070473
18,0.805664598941803,0.4306860566139221,-0.026278480887413025
19,0.8283028602600098,0.39363598823547363,-0.026668589562177658
20,0.848071813583374,0.36275213956832886,-0.02323237992823124