0,0.8077572584152222,0.7817198038101196,3.28917337810708e-07
1,0.7632759809494019,0.7149758338928223,-0.026017477735877037
2,0.744877278804779,0.627103328704834,-0.03885393217206001
3,0.7440492510795593,0.5559486150741577,-0.04958263784646988
4,0.748648464679718,0.49351051449775696,-0.05962155759334564
5,0.8232185244560242,0.5472469925880432,-0.01990026794373989
6,0.8368042707443237,0.45813459157943726,-0.03930183872580528
7,0.8438385725021362,0.402876079082489,-0.056281693279743195
8,0.8521593809127808,0.3537527322769165,-0.06950297206640244
9,0.8617669343948364,0.5619795322418213,-0.023534109815955162
10,0.8862046599388123,0.4691546857357025,-0.03879484161734581
11,0.9022942781448364,0.41124284267425537,-0.053999386727809906
12,0.9165164828300476,0.36010468006134033,-0.06620711833238602
13,0.891332745552063,0.5948355197906494,-0.0312657356262207
14,0.9200241565704346,0.5100886821746826,-0.04874419420957565
15,0.9375441074371338,0.45769551396369934,-0.060482125729322433
16,0.9525901675224304,0.407295286655426,-0.06991865485906601
17,0.9146667122840881,0.641951322555542,-0.041602522134780884
18,0.9454376697540283,0.5882047414779663,-0.059068914502859116
19,0.9662129878997803,0.5518911480903625,-0.06625933945178986
20,0.9858766198158264,0.5148437023162842,-0.0714532732963562