0,0.8876585364341736,0.809222936630249,-2.727896628584858e-07
1,0.8559688925743103,0.6944105625152588,0.005243075545877218
2,0.8519400954246521,0.6065221428871155,-0.0073938313871622086
3,0.8403279781341553,0.5463975667953491,-0.02378537878394127
4,0.8209466934204102,0.49444302916526794,-0.0418214276432991
5,0.96863853931427,0.587299108505249,-0.028740866109728813
6,0.9770851135253906,0.47399669885635376,-0.052232902497053146
7,0.9877194762229919,0.4095342755317688,-0.0693359375
8,0.9951074719429016,0.35173627734184265,-0.0837930366396904
9,0.9661177396774292,0.6148838400840759,-0.044575292617082596
10,0.9057402610778809,0.4883378744125366,-0.07350538671016693
11,0.8533948659896851,0.49265411496162415,-0.08053291589021683
12,0.8285056948661804,0.5136607885360718,-0.08509240299463272
13,0.9392169117927551,0.6381458044052124,-0.05932166054844856
14,0.8876696228981018,0.5119514465332031,-0.08491713553667068
15,0.8433610796928406,0.5126641988754272,-0.07986732572317123
16,0.8222249150276184,0.535844624042511,-0.0744769349694252
17,0.8982767462730408,0.6566249132156372,-0.07333792746067047
18,0.8574050664901733,0.5634261965751648,-0.09531862288713455
19,0.8255277276039124,0.5387164950370789,-0.0962832123041153
20,0.8056514263153076,0.5363432168960571,-0.09428028762340546