0,0.355464905500412,0.6478235721588135,-4.277053733403591e-07
1,0.34165826439857483,0.5571078658103943,-0.005571144167333841
2,0.3752867877483368,0.48992928862571716,-0.007334375753998756
3,0.42398369312286377,0.4610224664211273,-0.007213984150439501
4,0.46010446548461914,0.4521840214729309,-0.004701510537415743
5,0.45151299238204956,0.4847085773944855,-0.004850202240049839
6,0.44941261410713196,0.49737223982810974,-0.0029658449348062277
7,0.4300156235694885,0.5174899697303772,-0.002659551566466689
8,0.4145249128341675,0.5265009999275208,-0.0040173656307160854
9,0.47350749373435974,0.5295171141624451,-0.005117164924740791
10,0.46190524101257324,0.5401788353919983,0.0013369612861424685
11,0.44343578815460205,0.5545921921730042,0.0014929899480193853
12,0.4275825023651123,0.5631096363067627,-0.0015319176018238068
13,0.4836254119873047,0.5785893201828003,-0.0048998515121638775
14,0.4710329473018646,0.5831347107887268,-0.00261816312558949
15,0.4535297155380249,0.5930050015449524,0.0005056444206275046
16,0.43639567494392395,0.5999127626419067,0.0003931066021323204
17,0.48643332719802856,0.6264070272445679,-0.005258825141936541
18,0.4755476713180542,0.62492835521698,-0.004140834324061871
19,0.4582419693470001,0.6320170760154724,0.0015200221678242087
20,0.4436279833316803,0.6362029910087585,0.006102259736508131