0,0.1877877116203308,0.8843813538551331,-5.289860283141934e-08
1,0.1708330512046814,0.7906255722045898,-0.005200644489377737
2,0.12128710746765137,0.7278674840927124,-0.007907935418188572
3,0.062164414674043655,0.7098131775856018,-0.008703752420842648
4,0.02189231663942337,0.7208048701286316,-0.007148846983909607
5,0.06506171822547913,0.7759478092193604,-0.011745891533792019
6,0.02357330173254013,0.7479149103164673,-0.017348840832710266
7,0.05221143364906311,0.7472163438796997,-0.02210824564099312
8,0.0750972181558609,0.7595202326774597,-0.02389746904373169
9,0.05322844162583351,0.8307207226753235,-0.00955070648342371
10,0.02194816619157791,0.7930720448493958,-0.005512665957212448
11,0.043475426733493805,0.7879865169525146,-0.004292807541787624
12,0.06332086771726608,0.7998799681663513,-0.00563143752515316
13,0.05010952055454254,0.8757553696632385,-0.006766942795366049
14,0.028059616684913635,0.8364760875701904,0.0009923548204824328
15,0.04546412080526352,0.830870509147644,0.008250465616583824
16,0.06392422318458557,0.8415330052375793,0.009717495180666447
17,0.05084162950515747,0.9124497175216675,-0.004697704222053289
18,0.035301998257637024,0.8724319934844971,0.003251165384426713
19,0.05167287960648537,0.8689391016960144,0.012341893278062344
20,0.06678785383701324,0.878736138343811,0.01824219897389412