0,0.6537779569625854,0.8270867466926575,3.6601133501790173e-07
1,0.6775757670402527,0.7497018575668335,0.0030047069303691387
2,0.6812564730644226,0.6713189482688904,-0.005360653158277273
3,0.6514909863471985,0.6227321028709412,-0.013794105499982834
4,0.618057131767273,0.6038331985473633,-0.024867797270417213
5,0.663787305355072,0.6362006664276123,-0.03834845870733261
6,0.64702969789505,0.527813196182251,-0.057487502694129944
7,0.6364022493362427,0.4620152711868286,-0.0661948099732399
8,0.6269974708557129,0.4118271470069885,-0.07048455625772476
9,0.6291274428367615,0.653802752494812,-0.049193501472473145
10,0.599745512008667,0.5378017425537109,-0.06258399784564972
11,0.5816249251365662,0.4726443886756897,-0.0675194263458252
12,0.5673498511314392,0.4228612780570984,-0.071628637611866
13,0.5939682126045227,0.6801774501800537,-0.05745363608002663
14,0.557487428188324,0.5754067301750183,-0.06840075552463531
15,0.5373055934906006,0.5184841752052307,-0.0748366117477417
16,0.5230288505554199,0.475925475358963,-0.08033359795808792
17,0.5603420734405518,0.713858962059021,-0.06410140544176102
18,0.5152310132980347,0.653434157371521,-0.07580143213272095
19,0.4883820414543152,0.6178611516952515,-0.08043700456619263
20,0.46519023180007935,0.5853207111358643,-0.08303554356098175