0,0.723357617855072,0.620174765586853,-3.9198874901558156e-07
1,0.6673160195350647,0.6063762903213501,-0.011484658345580101
2,0.6096380949020386,0.5391641855239868,-0.016142914071679115
3,0.5897977352142334,0.4697129428386688,-0.02335767261683941
4,0.6234339475631714,0.448047399520874,-0.025591891258955002
5,0.6367726922035217,0.4461383521556854,0.007231933064758778
6,0.6076955199241638,0.39864176511764526,-0.013750884681940079
7,0.6135627031326294,0.45161083340644836,-0.022896379232406616
8,0.6262897253036499,0.48078441619873047,-0.025783618912100792
9,0.6662395000457764,0.4320470094680786,0.004228574223816395
10,0.6394162178039551,0.3906318247318268,-0.02691592276096344
11,0.6407607793807983,0.4574935734272003,-0.03392230346798897
12,0.6488677859306335,0.49744293093681335,-0.029575694352388382
13,0.698440670967102,0.4266381561756134,-0.003666355274617672
14,0.67357337474823,0.38953956961631775,-0.03459113463759422
15,0.6614490151405334,0.4544980525970459,-0.035221025347709656
16,0.6583167314529419,0.5013464093208313,-0.02525722049176693
17,0.7309386134147644,0.4271829128265381,-0.01262903492897749
18,0.7381344437599182,0.3581323027610779,-0.030853349715471268
19,0.7442815899848938,0.3112788796424866,-0.038732826709747314
20,0.7475389242172241,0.26295989751815796,-0.040267463773489