0,0.6090627908706665,0.6995647549629211,-4.900310841549071e-07
1,0.670799195766449,0.6927056312561035,-0.010742532089352608
2,0.727694034576416,0.6482394337654114,-0.01755358837544918
3,0.7668156623840332,0.6009602546691895,-0.027412235736846924
4,0.7518271207809448,0.5598629713058472,-0.0342489629983902
5,0.7104000449180603,0.5391864776611328,-0.005699681583791971
6,0.7502133846282959,0.5147392749786377,-0.02861502394080162
7,0.7366340160369873,0.5738458633422852,-0.037887945771217346
8,0.715755820274353,0.6091138124465942,-0.037567391991615295
9,0.6862913966178894,0.5269982814788818,-0.011298179626464844
10,0.7287041544914246,0.5084798336029053,-0.04094488173723221
11,0.7099409103393555,0.583328902721405,-0.04897816851735115
12,0.6850564479827881,0.6228469610214233,-0.04554970934987068
13,0.657127320766449,0.5167033672332764,-0.02034604735672474
14,0.7013795971870422,0.49652811884880066,-0.05073147639632225
15,0.6923581957817078,0.5674569606781006,-0.052788764238357544
16,0.671271026134491,0.6114335060119629,-0.04354042187333107
17,0.6246342062950134,0.5095166563987732,-0.029663467779755592
18,0.6356682777404785,0.4313816428184509,-0.04564250633120537
19,0.6463321447372437,0.38348519802093506,-0.04940465837717056
20,0.6553231477737427,0.33858609199523926,-0.04784490913152695