0,0.6727003455162048,0.4783856272697449,-3.761242908240092e-07
1,0.7345353364944458,0.4764152765274048,-0.01587594673037529
2,0.7949183583259583,0.4467419981956482,-0.024785062298178673
3,0.8296200037002563,0.3978774845600128,-0.035428375005722046
4,0.822619616985321,0.34334635734558105,-0.040927134454250336
5,0.7865203022956848,0.33228421211242676,0.0020687172655016184
6,0.8305740356445312,0.3304401636123657,-0.026951279491186142
7,0.8031400442123413,0.3842690885066986,-0.03897007182240486
8,0.7789004445075989,0.3866163194179535,-0.042867280542850494
9,0.7616535425186157,0.31222692131996155,-0.002585754031315446
10,0.8049495220184326,0.32307863235473633,-0.03137538582086563
11,0.7739890813827515,0.38521090149879456,-0.03547413647174835
12,0.7539271712303162,0.37459060549736023,-0.0324578620493412
13,0.7325068116188049,0.2981235384941101,-0.012539992108941078
14,0.7764456272125244,0.3130076825618744,-0.047103315591812134
15,0.7471982836723328,0.37500378489494324,-0.039318133145570755
16,0.7230930924415588,0.3677499294281006,-0.02586951106786728
17,0.697546124458313,0.28746557235717773,-0.02325465716421604
18,0.7441414594650269,0.30302053689956665,-0.042961861938238144
19,0.7278662919998169,0.350306898355484,-0.032624222338199615
20,0.7037861943244934,0.34953024983406067,-0.019651899114251137