0,0.2853146195411682,0.6592373847961426,6.877591545162431e-07
1,0.30404412746429443,0.5559138059616089,0.004526814445853233
2,0.2757260203361511,0.47663310170173645,0.0018666577525436878
3,0.2367658019065857,0.45102158188819885,-0.0007095093606039882
4,0.1967170089483261,0.45273357629776,-0.007506217807531357
5,0.2640845477581024,0.41780197620391846,-0.025833822786808014
6,0.24129463732242584,0.2975040674209595,-0.03561316058039665
7,0.22594083845615387,0.23260605335235596,-0.03954527899622917
8,0.2118237465620041,0.18271300196647644,-0.04068368300795555
9,0.21889759600162506,0.4357379674911499,-0.035227663815021515
10,0.18073758482933044,0.312188982963562,-0.04006405919790268
11,0.15773707628250122,0.24174661934375763,-0.04312669113278389
12,0.1400223970413208,0.19126296043395996,-0.043307457119226456
13,0.18095293641090393,0.4738147556781769,-0.04154562950134277
14,0.13874824345111847,0.3741298317909241,-0.04863718897104263
15,0.115364670753479,0.3071668744087219,-0.06378834694623947
16,0.0973476767539978,0.2581961154937744,-0.07519952952861786
17,0.15668977797031403,0.5230689644813538,-0.04562874138355255
18,0.15897886455059052,0.48865431547164917,-0.05479983240365982
19,0.1785176396369934,0.5055792331695557,-0.054808538407087326
20,0.19827711582183838,0.5310381650924683,-0.05268343538045883