0,0.19790557026863098,0.7704806923866272,-3.97736329205145e-07
1,0.19029435515403748,0.6598024964332581,-0.003379149129614234
2,0.22383515536785126,0.5823246240615845,-0.007015635725110769
3,0.2794320285320282,0.5372510552406311,-0.009258203208446503
4,0.32145512104034424,0.5204426050186157,-0.007240525912493467
5,0.29418420791625977,0.5899271965026855,-0.005975282285362482
6,0.33627960085868835,0.563321590423584,-0.00534778693690896
7,0.3102056384086609,0.5697454214096069,-0.0023226216435432434
8,0.2871035635471344,0.5871073603630066,-0.0004238398978486657
9,0.3176790177822113,0.6396713852882385,-0.0066321836784482
10,0.3455778956413269,0.605789840221405,0.0019747652113437653
11,0.3254275918006897,0.6092255115509033,0.008830063045024872
12,0.3077593743801117,0.625623345375061,0.009958340786397457
13,0.3302406668663025,0.6877748966217041,-0.006963158026337624
14,0.3507804274559021,0.6528399586677551,-0.0004783215408679098
15,0.334049791097641,0.6566367745399475,0.009084012359380722
16,0.31520870327949524,0.6715372800827026,0.011840088292956352
17,0.3366566300392151,0.732272744178772,-0.007571989204734564
18,0.3456936180591583,0.7029979825019836,-0.002243445022031665
19,0.3297905921936035,0.7060499787330627,0.0076148780062794685
20,0.3148201107978821,0.7176336050033569,0.014042316935956478