0,0.2772713899612427,0.8400643467903137,1.5741863990115235e-07
1,0.2357473522424698,0.7447401881217957,0.020575033500790596
2,0.243946373462677,0.6483756899833679,0.02206585742533207
3,0.29287654161453247,0.5997678637504578,0.021792016923427582
4,0.332212895154953,0.5736970901489258,0.01865849830210209
5,0.21724441647529602,0.6204289197921753,-0.018984554335474968
6,0.19039367139339447,0.5010745525360107,-0.027368398383259773
7,0.17280001938343048,0.4337872266769409,-0.026533542200922966
8,0.1565151959657669,0.3798786401748657,-0.02510366216301918
9,0.2592233717441559,0.6218506097793579,-0.0384739451110363
10,0.24462229013442993,0.48623400926589966,-0.0563952773809433
11,0.2355537712574005,0.40831393003463745,-0.06191900372505188
12,0.22573629021644592,0.34577319025993347,-0.06179587170481682
13,0.30086296796798706,0.6335393786430359,-0.05334385856986046
14,0.3029424846172333,0.49955853819847107,-0.08104914426803589
15,0.2972847521305084,0.4267085790634155,-0.09308341145515442
16,0.28930187225341797,0.36594367027282715,-0.09507900476455688
17,0.34419432282447815,0.6569391489028931,-0.06232752278447151
18,0.3282167911529541,0.5651916861534119,-0.0700938031077385
19,0.3126429319381714,0.593786358833313,-0.05456359311938286
20,0.3095819056034088,0.6337223649024963,-0.04153263196349144