0,0.47752949595451355,0.5928404331207275,-5.084248755338194e-07
1,0.4156385362148285,0.5829665064811707,-0.006544897798448801
2,0.3690933287143707,0.5467830896377563,-0.013766066171228886
3,0.3400973081588745,0.5176124572753906,-0.02516455203294754
4,0.3263983428478241,0.4800686836242676,-0.03223191574215889
5,0.3856000304222107,0.42512962222099304,0.018689127638936043
6,0.3359196186065674,0.4505667984485626,-0.010337719693779945
7,0.358245313167572,0.4963738024234772,-0.029920615255832672
8,0.3834993541240692,0.5010349154472351,-0.039543408900499344
9,0.4048413038253784,0.4088246524333954,0.009647508151829243
10,0.3486705422401428,0.43904420733451843,-0.021900832653045654
11,0.37430113554000854,0.4939156174659729,-0.030015800148248672
12,0.40137723088264465,0.49523770809173584,-0.02752748318016529
13,0.42580780386924744,0.400691419839859,-0.004935786128044128
14,0.36920419335365295,0.4322444200515747,-0.034022342413663864
15,0.3921715319156647,0.4869661033153534,-0.026030084118247032
16,0.4183601140975952,0.4895159602165222,-0.012387807480990887
17,0.4483671188354492,0.40362846851348877,-0.021477600559592247
18,0.3987414240837097,0.43030768632888794,-0.03876829892396927
19,0.4087187647819519,0.47431692481040955,-0.03211044892668724
20,0.4300540089607239,0.48313072323799133,-0.020847324281930923