0,0.5284700393676758,0.7429639101028442,7.291906740647391e-07
1,0.550875186920166,0.6524957418441772,0.005095973145216703
2,0.5366580486297607,0.5656974911689758,-0.002910336246713996
3,0.4997330904006958,0.5239850282669067,-0.011041478253901005
4,0.45977073907852173,0.5055599212646484,-0.023325219750404358
5,0.5552738308906555,0.5278236865997314,-0.03608163818717003
6,0.5527213215827942,0.4057186245918274,-0.05322647839784622
7,0.5523700714111328,0.34111297130584717,-0.06160229817032814
8,0.5489477515220642,0.2873246669769287,-0.0656530112028122
9,0.5151361227035522,0.5463883876800537,-0.050102733075618744
10,0.5009477138519287,0.4141988158226013,-0.0667266696691513
11,0.49276411533355713,0.3386800289154053,-0.07658268511295319
12,0.4836244285106659,0.27948451042175293,-0.08237451314926147
13,0.4722093343734741,0.5711547136306763,-0.06082521751523018
14,0.4377710223197937,0.4526310861110687,-0.08047836273908615
15,0.42213594913482666,0.385287344455719,-0.0945308655500412
16,0.40762484073638916,0.3325115442276001,-0.10370995849370956
17,0.434112012386322,0.6022501587867737,-0.06848081201314926
18,0.42833155393600464,0.5279867053031921,-0.08258339762687683
19,0.44206809997558594,0.5430105328559875,-0.07908610999584198
20,0.4535847008228302,0.5654460787773132,-0.07549937814474106