0,0.6518487930297852,0.9193710088729858,2.945038772850239e-07
1,0.6285948157310486,0.8652527332305908,-0.006320369895547628
2,0.5878423452377319,0.8267127871513367,-0.018378835171461105
3,0.5523959994316101,0.8153790235519409,-0.026675451546907425
4,0.5204652547836304,0.8251567482948303,-0.03402865305542946
5,0.5919309258460999,0.8621130585670471,-0.05973987281322479
6,0.5133728384971619,0.8703310489654541,-0.07748434692621231
7,0.49737364053726196,0.859438419342041,-0.0744648352265358
8,0.5106578469276428,0.8538756370544434,-0.06475163251161575
9,0.5953376293182373,0.9121907949447632,-0.05961000546813011
10,0.5107144117355347,0.9157662987709045,-0.07785850763320923
11,0.49607130885124207,0.8982100486755371,-0.06968850642442703
12,0.5113676190376282,0.8906378149986267,-0.05870741605758667
13,0.5950170159339905,0.9538231492042542,-0.05655217543244362
14,0.5150957703590393,0.953904926776886,-0.06754256039857864
15,0.5030831098556519,0.9339774250984192,-0.05468207597732544
16,0.5170288681983948,0.9243127703666687,-0.04109750688076019
17,0.593495786190033,0.9867597818374634,-0.05271421745419502
18,0.5284895896911621,0.9852842688560486,-0.059337738901376724
19,0.5147734880447388,0.9651819467544556,-0.050382185727357864
20,0.5241938233375549,0.9527281522750854,-0.039386749267578125