0,0.828942596912384,0.8820894956588745,-2.1076596112834523e-07
1,0.8031110167503357,0.763752818107605,-0.004963995423167944
2,0.8024833798408508,0.6779367923736572,-0.018969032913446426
3,0.7975870370864868,0.6195025444030762,-0.037332937121391296
4,0.7882009744644165,0.5718319416046143,-0.05712462216615677
5,0.924651026725769,0.6631948947906494,-0.021450506523251534
6,0.9579495787620544,0.5873628854751587,-0.0460951067507267
7,0.9798499345779419,0.5323439836502075,-0.06512802094221115
8,0.9971291422843933,0.48522502183914185,-0.08003799617290497
9,0.934670090675354,0.7023448348045349,-0.035693906247615814
10,0.8921017646789551,0.5951103568077087,-0.06731537729501724
11,0.8354361057281494,0.5764535665512085,-0.07875404506921768
12,0.8038695454597473,0.5820148587226868,-0.08399888873100281
13,0.9200985431671143,0.7400899529457092,-0.05125761404633522
14,0.8795305490493774,0.6431306600570679,-0.0822748914361
15,0.8299524784088135,0.6130111813545227,-0.08381791412830353
16,0.7977641820907593,0.6101633310317993,-0.07986139506101608
17,0.887834370136261,0.7716258764266968,-0.06730670481920242
18,0.8599965572357178,0.6950817704200745,-0.09209948778152466
19,0.8294509649276733,0.6522749662399292,-0.09512649476528168
20,0.803519606590271,0.6329718828201294,-0.09233064949512482