0,0.5571509003639221,0.6876472234725952,5.535989089366922e-07
1,0.5718662738800049,0.596824586391449,0.007265317719429731
2,0.5560990571975708,0.5176871418952942,0.0004243866424076259
3,0.5214923620223999,0.48006492853164673,-0.008325302973389626
4,0.4889562129974365,0.4670408070087433,-0.021543575450778008
5,0.5650428533554077,0.48438847064971924,-0.02893894538283348
6,0.5538284778594971,0.37333643436431885,-0.046338293701410294
7,0.547504186630249,0.3090304732322693,-0.05622080713510513
8,0.5392961502075195,0.2588273584842682,-0.06142358109354973
9,0.5329353213310242,0.5023006200790405,-0.0444505400955677
10,0.508446216583252,0.3772515058517456,-0.05628835782408714
11,0.4927227199077606,0.3063650131225586,-0.06385324895381927
12,0.47707661986351013,0.2514491081237793,-0.0693504586815834
13,0.4963979721069336,0.5314086675643921,-0.05733894184231758
14,0.461982399225235,0.42426979541778564,-0.07000619918107986
15,0.4418094754219055,0.36089450120925903,-0.08098871260881424
16,0.4251953959465027,0.3119053840637207,-0.08976726979017258
17,0.46086907386779785,0.5689981579780579,-0.0678398609161377
18,0.44445809721946716,0.5042251348495483,-0.07754212617874146
19,0.45226505398750305,0.5025028586387634,-0.07470972836017609
20,0.45983344316482544,0.5102404356002808,-0.07252845913171768