0,0.39693140983581543,0.787554144859314,-1.828999813824339e-07
1,0.37832194566726685,0.7119658589363098,-0.0021948034409433603
2,0.3361286520957947,0.6452697515487671,-0.0065539684146642685
3,0.2846779525279999,0.6191586256027222,-0.009494544938206673
4,0.2504810690879822,0.6355100870132446,-0.011966546066105366
5,0.30420365929603577,0.671302080154419,-0.021566063165664673
6,0.24312448501586914,0.6681546568870544,-0.03135021775960922
7,0.2590284049510956,0.6776684522628784,-0.03617778792977333
8,0.28253862261772156,0.6807013154029846,-0.03757653757929802
9,0.29569169878959656,0.7239969968795776,-0.02424302138388157
10,0.2349010556936264,0.7111183404922485,-0.028578247874975204
11,0.25304195284843445,0.7173674702644348,-0.026638900861144066
12,0.27670609951019287,0.7232345938682556,-0.025894416496157646
13,0.29037830233573914,0.7727068662643433,-0.025522707030177116
14,0.23895105719566345,0.7551717162132263,-0.02706274576485157
15,0.2568663954734802,0.7587984204292297,-0.017505524680018425
16,0.2781048119068146,0.7637242674827576,-0.012454657815396786
17,0.2875078022480011,0.8174388408660889,-0.026668133214116096
18,0.24622759222984314,0.7921069264411926,-0.026340316981077194
19,0.2633522152900696,0.7948458194732666,-0.015649037435650826
20,0.28147009015083313,0.8005508184432983,-0.008080029860138893