0,0.2053256630897522,0.6182272434234619,4.483829343371326e-07
1,0.2805071473121643,0.6204370260238647,-0.03303754702210426
2,0.3507668375968933,0.5838145613670349,-0.04773658886551857
3,0.39410901069641113,0.5378926992416382,-0.060084231197834015
4,0.4285426735877991,0.5024508237838745,-0.07270358502864838
5,0.339621901512146,0.4279889464378357,-0.03452061861753464
6,0.38334593176841736,0.34586668014526367,-0.05727028474211693
7,0.40678486227989197,0.2910105586051941,-0.0755474790930748
8,0.425632506608963,0.24166889488697052,-0.08930034190416336
9,0.2975827157497406,0.3903164267539978,-0.036738913506269455
10,0.3304699659347534,0.28672856092453003,-0.05643381178379059
11,0.35257431864738464,0.22302018105983734,-0.07375311851501465
12,0.3710508942604065,0.16954365372657776,-0.08728757500648499
13,0.25089794397354126,0.3799917697906494,-0.04270292446017265
14,0.2755671739578247,0.2782178521156311,-0.06420716643333435
15,0.2934049069881439,0.2142622321844101,-0.08143112808465958
16,0.309068500995636,0.16124194860458374,-0.09385721385478973
17,0.19994229078292847,0.39295125007629395,-0.05160907283425331
18,0.19295844435691833,0.3077840805053711,-0.07588889449834824
19,0.19071659445762634,0.24973472952842712,-0.08929125964641571
20,0.19131255149841309,0.19694390892982483,-0.09747681021690369