0,0.18910689651966095,0.7757200002670288,3.212100239124993e-07
1,0.1526881903409958,0.6724328994750977,0.007850966416299343
2,0.1595231294631958,0.5842639803886414,0.004899602383375168
3,0.19952082633972168,0.5424075722694397,-0.0014811272267252207
4,0.24102264642715454,0.5333212614059448,-0.008773088455200195
5,0.16069772839546204,0.5426614284515381,-0.008062394335865974
6,0.14969682693481445,0.4307394027709961,-0.0225411094725132
7,0.14355254173278809,0.3646940290927887,-0.03124149888753891
8,0.13957712054252625,0.31516504287719727,-0.03622358664870262
9,0.20497646927833557,0.5457937717437744,-0.022176876664161682
10,0.21286281943321228,0.423056423664093,-0.033861931413412094
11,0.2192707508802414,0.3475687801837921,-0.044370416551828384
12,0.22448527812957764,0.28929901123046875,-0.05082320049405098
13,0.24859394133090973,0.565660297870636,-0.035453855991363525
14,0.2634234130382538,0.4528019428253174,-0.04897787794470787
15,0.2752372622489929,0.38641607761383057,-0.06197040155529976
16,0.28212401270866394,0.33684566617012024,-0.0695524588227272
17,0.28854718804359436,0.597007155418396,-0.04733516648411751
18,0.3212724030017853,0.527563214302063,-0.056769415736198425
19,0.34379124641418457,0.48762908577919006,-0.06002069264650345
20,0.3619575500488281,0.4545659124851227,-0.06099892407655716