0,0.8709593415260315,0.684660792350769,4.0586485283711227e-07
1,0.9026156067848206,0.5978323221206665,0.014700419269502163
2,0.8996239304542542,0.5224305391311646,0.015383428893983364
3,0.8696455359458923,0.4853385090827942,0.012327532283961773
4,0.8412508368492126,0.47365865111351013,0.006124749779701233
5,0.891789972782135,0.47508707642555237,-0.009877115488052368
6,0.8996897339820862,0.36996346712112427,-0.022915156558156013
7,0.9003407955169678,0.3046162724494934,-0.03005392663180828
8,0.8989991545677185,0.25509947538375854,-0.03440961614251137
9,0.8581403493881226,0.47527915239334106,-0.025055289268493652
10,0.8547297716140747,0.3608170747756958,-0.03520285338163376
11,0.847396731376648,0.28837335109710693,-0.04195062071084976
12,0.8404926061630249,0.23019561171531677,-0.04761063680052757
13,0.8234112858772278,0.49075743556022644,-0.038232676684856415
14,0.8161892294883728,0.3825085163116455,-0.04738407954573631
15,0.8082547187805176,0.3183845579624176,-0.058409955352544785
16,0.8014839887619019,0.26858991384506226,-0.0673326775431633
17,0.7907665371894836,0.5181898474693298,-0.04906538501381874
18,0.7734154462814331,0.454990029335022,-0.05993180721998215
19,0.7585546374320984,0.4126138687133789,-0.06706547737121582
20,0.7442516684532166,0.3765213191509247,-0.0720466896891594