0,0.36125850677490234,0.8370449542999268,3.9879307678347686e-07
1,0.39344894886016846,0.7546787858009338,-0.007635834161192179
2,0.39961299300193787,0.6702876091003418,-0.015870017930865288
3,0.3680247366428375,0.6122252345085144,-0.021428383886814117
4,0.33507660031318665,0.5889029502868652,-0.028763487935066223
5,0.34317663311958313,0.64280766248703,-0.041958682239055634
6,0.3149584233760834,0.5356519222259521,-0.06030740216374397
7,0.29663294553756714,0.4739048480987549,-0.06948498636484146
8,0.2805692255496979,0.4267250895500183,-0.07462317496538162
9,0.30230915546417236,0.6673708558082581,-0.04599989950656891
10,0.2569444179534912,0.5537179708480835,-0.0611862912774086
11,0.22620920836925507,0.4883372485637665,-0.07028055191040039
12,0.20205160975456238,0.4417865574359894,-0.07705429941415787
13,0.27177539467811584,0.6977037787437439,-0.0480562187731266
14,0.22437718510627747,0.5967565774917603,-0.06073929741978645
15,0.19392795860767365,0.536517322063446,-0.07312145829200745
16,0.17226767539978027,0.4931001365184784,-0.08250968903303146
17,0.2516390383243561,0.7313014268875122,-0.04920697212219238
18,0.20806244015693665,0.6685096025466919,-0.06333210319280624
19,0.1797325611114502,0.6323205232620239,-0.07226850092411041
20,0.15603843331336975,0.601465106010437,-0.07757551968097687