0,0.1375747174024582,0.8203128576278687,1.883144449266183e-07
1,0.10962934046983719,0.7329946756362915,0.014932483434677124
2,0.11819939315319061,0.6460979580879211,0.015813132748007774
3,0.16207914054393768,0.6035116910934448,0.014040187001228333
4,0.20318900048732758,0.5897408723831177,0.01138643641024828
5,0.09365701675415039,0.6131569147109985,-0.009823339059948921
6,0.08331558853387833,0.5031439661979675,-0.019704550504684448
7,0.07510792464017868,0.44082000851631165,-0.02296328917145729
8,0.066161148250103,0.39333194494247437,-0.02392478846013546
9,0.12417997419834137,0.6225253343582153,-0.02820427156984806
10,0.11407384276390076,0.5013314485549927,-0.04408249258995056
11,0.10755712538957596,0.4290107488632202,-0.051034651696681976
12,0.09901928901672363,0.3750205934047699,-0.05232083797454834
13,0.16190432012081146,0.6381711363792419,-0.04423398897051811
14,0.1758001148700714,0.5219716429710388,-0.07056479156017303
15,0.17855826020240784,0.4562782049179077,-0.08439632505178452
16,0.1749914139509201,0.40137648582458496,-0.08745606988668442
17,0.2082391083240509,0.6646718382835388,-0.056025948375463486
18,0.22218307852745056,0.5767790675163269,-0.06571614742279053
19,0.21749620139598846,0.5998861789703369,-0.05478326603770256
20,0.21367748081684113,0.637678861618042,-0.04448610544204712