0,0.42971402406692505,0.7642998695373535,4.3575033714660094e-07
1,0.4600715637207031,0.6770135760307312,-0.0018555725691840053
2,0.45487087965011597,0.5973725318908691,-0.005266572814434767
3,0.4183737635612488,0.5563167929649353,-0.008091038092970848
4,0.3895868957042694,0.5370635986328125,-0.012121204286813736
5,0.3942970335483551,0.5546168684959412,-0.023213602602481842
6,0.3590983748435974,0.45502969622612,-0.03571833297610283
7,0.3395119905471802,0.3979153037071228,-0.041389692574739456
8,0.3243696093559265,0.3569791913032532,-0.04391775280237198
9,0.3553294241428375,0.576003909111023,-0.02755063585937023
10,0.3113807737827301,0.4749385714530945,-0.03661452233791351
11,0.2820575535297394,0.4163056015968323,-0.042163584381341934
12,0.26069414615631104,0.3762438893318176,-0.04603731632232666
13,0.3284505307674408,0.6070144176483154,-0.030617378652095795
14,0.2834312319755554,0.5216599106788635,-0.03838999941945076
15,0.2541499733924866,0.4705062508583069,-0.04866969585418701
16,0.23329314589500427,0.4346170425415039,-0.05647677555680275
17,0.3135874569416046,0.6448034644126892,-0.032806914299726486
18,0.27437248826026917,0.5956355929374695,-0.042513445019721985
19,0.24671517312526703,0.5685628056526184,-0.049192093312740326
20,0.22201602160930634,0.5481612682342529,-0.05263546109199524