0,0.545645534992218,0.7889853715896606,2.9365438081185857e-08
1,0.5683431625366211,0.6964361667633057,0.010870534926652908
2,0.612239420413971,0.6265217661857605,-0.0044669802300632
3,0.6641352772712708,0.6058593392372131,-0.0250638946890831
4,0.7062188386917114,0.6127402782440186,-0.04605991765856743
5,0.6035294532775879,0.5629292726516724,-0.035751473158597946
6,0.6557171940803528,0.47009825706481934,-0.060719240456819534
7,0.6867537498474121,0.4119386672973633,-0.07418623566627502
8,0.7090908885002136,0.36638104915618896,-0.08332551270723343
9,0.6115797758102417,0.5922106504440308,-0.05648108944296837
10,0.7089053392410278,0.5935094952583313,-0.08303859084844589
11,0.697421669960022,0.6384584903717041,-0.08012960851192474
12,0.6683976650238037,0.6510575413703918,-0.0753534659743309
13,0.6260848641395569,0.6415497064590454,-0.07440057396888733
14,0.7177879810333252,0.6481196880340576,-0.09156349301338196
15,0.697733998298645,0.6795777082443237,-0.07230959087610245
16,0.6681980490684509,0.6831134557723999,-0.05818396061658859
17,0.6428587436676025,0.6969327330589294,-0.09194635599851608
18,0.7150173783302307,0.6961122751235962,-0.09363984316587448
19,0.6984439492225647,0.7196853160858154,-0.07254154980182648
20,0.672897219657898,0.723812997341156,-0.05717141553759575