0,0.46481096744537354,0.8472785949707031,6.140086270534084e-07
1,0.4735499322414398,0.7502954006195068,0.0025285575538873672
2,0.4363097548484802,0.6737029552459717,-0.004254802595824003
3,0.3872877061367035,0.6549879908561707,-0.010390723124146461
4,0.34250444173812866,0.6625168919563293,-0.02044515311717987
5,0.43652430176734924,0.6294432282447815,-0.03284410014748573
6,0.40427345037460327,0.515465259552002,-0.04456484690308571
7,0.3838418424129486,0.45473745465278625,-0.049474626779556274
8,0.36278554797172546,0.40881505608558655,-0.051845353096723557
9,0.39645466208457947,0.6546670794487,-0.04353225976228714
10,0.34535467624664307,0.5364087224006653,-0.05278986692428589
11,0.3136900067329407,0.473981112241745,-0.05783635750412941
12,0.28439590334892273,0.4287862181663513,-0.060054343193769455
13,0.3594058156013489,0.6933191418647766,-0.051085371524095535
14,0.3065052032470703,0.5932818651199341,-0.06437446177005768
15,0.27614426612854004,0.5291157364845276,-0.08020200580358505
16,0.24665844440460205,0.4808352589607239,-0.0921117439866066
17,0.3317682445049286,0.740173876285553,-0.055976878851652145
18,0.33030930161476135,0.6883466839790344,-0.06812980026006699
19,0.3510791063308716,0.702532172203064,-0.06742086261510849
20,0.36599496006965637,0.7257290482521057,-0.06604465842247009