0,0.6725953817367554,0.6817255616188049,3.6341194231681584e-07
1,0.6471362709999084,0.6309975385665894,0.0015011854702606797
2,0.632057249546051,0.5783482789993286,-0.005139692220836878
3,0.6129221320152283,0.5470736622810364,-0.014847041107714176
4,0.5974607467651367,0.5199171900749207,-0.022703293710947037
5,0.6881462931632996,0.5159770846366882,-0.0068262056447565556
6,0.6893646717071533,0.4423135221004486,-0.02307336963713169
7,0.6949959993362427,0.39200133085250854,-0.03387792408466339
8,0.7014331221580505,0.3534567952156067,-0.03888272866606712
9,0.6788614392280579,0.5175049304962158,-0.01697726733982563
10,0.6558435559272766,0.4272655248641968,-0.033983271569013596
11,0.6446403861045837,0.3733113408088684,-0.043404191732406616
12,0.6374813914299011,0.3273897171020508,-0.04772590100765228
13,0.6633042097091675,0.5283658504486084,-0.027248363941907883
14,0.6107609272003174,0.4946727156639099,-0.045515917241573334
15,0.5979120135307312,0.5261911749839783,-0.047001805156469345
16,0.598717212677002,0.5510842800140381,-0.04209330305457115
17,0.6396364569664001,0.5424288511276245,-0.03772454336285591
18,0.6090365052223206,0.4922409653663635,-0.050018154084682465
19,0.5884283781051636,0.4661227762699127,-0.050771307200193405
20,0.5745142698287964,0.4374218285083771,-0.048824820667505264