0,0.36570432782173157,0.5174049139022827,3.331020934638218e-07
1,0.39248985052108765,0.4313279986381531,0.024893134832382202
2,0.3883368670940399,0.3609204590320587,0.02654859609901905
3,0.3621857762336731,0.3186034858226776,0.022478675469756126
4,0.3340500593185425,0.29567524790763855,0.016444779932498932
5,0.40061527490615845,0.31716394424438477,-0.010419551283121109
6,0.417805939912796,0.22394071519374847,-0.027562856674194336
7,0.42894288897514343,0.16271202266216278,-0.03741716966032982
8,0.4378452003002167,0.11858509480953217,-0.041087113320827484
9,0.36974623799324036,0.31701111793518066,-0.02821195498108864
10,0.35018467903137207,0.20662890374660492,-0.03985434025526047
11,0.3390323519706726,0.14028222858905792,-0.044215861707925797
12,0.32957199215888977,0.08761848509311676,-0.047066714614629745
13,0.33612313866615295,0.3334217071533203,-0.04204648733139038
14,0.29396456480026245,0.2771332561969757,-0.04953913390636444
15,0.2961917817592621,0.30443960428237915,-0.04481283202767372
16,0.30396896600723267,0.3310210406780243,-0.03920506685972214
17,0.2998743951320648,0.35732144117355347,-0.053565897047519684
18,0.26024600863456726,0.2888748347759247,-0.060658086091279984
19,0.23729360103607178,0.2517174184322357,-0.05800504982471466
20,0.2204950600862503,0.21684619784355164,-0.054135389626026154