0,0.4183315932750702,0.860981822013855,4.5529114345299604e-07
1,0.40825024247169495,0.7620435953140259,0.004845703486353159
2,0.4378727674484253,0.6870920062065125,-0.001628901925869286
3,0.48436594009399414,0.6622024774551392,-0.01038676779717207
4,0.5214159488677979,0.6657695770263672,-0.01933019608259201
5,0.4584152102470398,0.6464784145355225,-0.02284865267574787
6,0.48523953557014465,0.5451351404190063,-0.03642323240637779
7,0.5017902255058289,0.48353350162506104,-0.042857032269239426
8,0.5157288312911987,0.43654999136924744,-0.04566130042076111
9,0.49667543172836304,0.6747995018959045,-0.032624151557683945
10,0.5516589283943176,0.5786096453666687,-0.042730361223220825
11,0.5844965577125549,0.5189098715782166,-0.04738194867968559
12,0.6120012402534485,0.47976499795913696,-0.04988137632608414
13,0.5265994668006897,0.7137935161590576,-0.039282556623220444
14,0.5592576265335083,0.6556155681610107,-0.04507774859666824
15,0.5394889116287231,0.6653265357017517,-0.03661803901195526
16,0.5207058191299438,0.6872706413269043,-0.027600277215242386
17,0.5478965044021606,0.7540776133537292,-0.04593408480286598
18,0.5634065866470337,0.6996628046035767,-0.04270239919424057
19,0.5469191074371338,0.7101036906242371,-0.02637229487299919
20,0.5344852805137634,0.732219934463501,-0.012098104692995548