0,0.4759438633918762,0.9299803972244263,2.1211241119090118e-07
1,0.4503104090690613,0.839127242565155,-0.0012269766302779317
2,0.47518783807754517,0.7534067034721375,-0.005698730703443289
3,0.525566577911377,0.7238109111785889,-0.008040509186685085
4,0.5649064779281616,0.7151970863342285,-0.011969633400440216
5,0.483642578125,0.7176468968391418,-0.03032222017645836
6,0.5040103793144226,0.6099243760108948,-0.03968464955687523
7,0.5202914476394653,0.5591538548469543,-0.04156022518873215
8,0.5342275500297546,0.5242586731910706,-0.04209806025028229
9,0.5276204943656921,0.737960696220398,-0.037342824041843414
10,0.5644319653511047,0.6223404407501221,-0.05086223781108856
11,0.5874752402305603,0.5586537718772888,-0.06003456562757492
12,0.6069681644439697,0.5095893740653992,-0.06513866037130356
13,0.564415693283081,0.763097882270813,-0.041629958897829056
14,0.604142963886261,0.6545663475990295,-0.061792485415935516
15,0.6229620575904846,0.5917668342590332,-0.0785374715924263
16,0.6398056149482727,0.547227680683136,-0.08831308037042618
17,0.5913766622543335,0.7883457541465759,-0.043297313153743744
18,0.5870658755302429,0.7187225818634033,-0.059122901409864426
19,0.5622425079345703,0.7222703695297241,-0.06106032431125641
20,0.5499252676963806,0.7431033253669739,-0.060690976679325104