0,0.6284915208816528,0.46145007014274597,-5.436090759758372e-07
1,0.5672460198402405,0.44343000650405884,-0.007420034613460302
2,0.5105201601982117,0.39296847581863403,-0.012249357998371124
3,0.4861375689506531,0.35105040669441223,-0.020339947193861008
4,0.49048101902008057,0.31419914960861206,-0.02400178648531437
5,0.5495447516441345,0.2704291343688965,0.01134669128805399
6,0.5019805431365967,0.2760239541530609,-0.012543538585305214
7,0.5195544362068176,0.3318049907684326,-0.02486940659582615
8,0.537953794002533,0.3344172537326813,-0.030686387792229652
9,0.5757482051849365,0.26302212476730347,0.0030613865237683058
10,0.5251582264900208,0.2752249836921692,-0.022445598617196083
11,0.5419182181358337,0.3373793363571167,-0.022273454815149307
12,0.5612568855285645,0.33636948466300964,-0.015803929418325424
13,0.6040889620780945,0.2619105577468872,-0.010685783810913563
14,0.553938627243042,0.2718684673309326,-0.03482493385672569
15,0.5666519403457642,0.3354453146457672,-0.01945054903626442
16,0.5843630433082581,0.3376554846763611,-0.0029134026262909174
17,0.6354462504386902,0.2701958417892456,-0.026575792580842972
18,0.5901806950569153,0.26971620321273804,-0.03763863444328308
19,0.5895833969116211,0.3216990828514099,-0.024338791146874428
20,0.6020401120185852,0.3346463739871979,-0.01024558674544096