0,0.6150820255279541,0.8439599275588989,4.105683331090404e-07
1,0.6383322477340698,0.7617505788803101,0.0039154281839728355
2,0.6430894136428833,0.6822922229766846,-0.005098068621009588
3,0.6059383749961853,0.6406811475753784,-0.014352194964885712
4,0.5670024156570435,0.6366618871688843,-0.02651888132095337
5,0.616081953048706,0.6591793298721313,-0.03936496004462242
6,0.5920984148979187,0.5522797107696533,-0.05945737287402153
7,0.580229640007019,0.4964558482170105,-0.06748630106449127
8,0.5734395980834961,0.4571956396102905,-0.07048928737640381
9,0.5803216099739075,0.6811096668243408,-0.051314521580934525
10,0.54243004322052,0.5594737529754639,-0.06899141520261765
11,0.5190656781196594,0.4927372336387634,-0.0775243490934372
12,0.500190794467926,0.44465112686157227,-0.08281590789556503
13,0.5468831658363342,0.7096582651138306,-0.06014997884631157
14,0.5012801885604858,0.6042674779891968,-0.07577349990606308
15,0.4746142029762268,0.546363115310669,-0.08631958812475204
16,0.45465344190597534,0.5042526721954346,-0.09310775995254517
17,0.5160437822341919,0.7436220645904541,-0.06650817394256592
18,0.466763436794281,0.6782805323600769,-0.08042116463184357
19,0.4381283223628998,0.6437321901321411,-0.08586979657411575
20,0.4126940667629242,0.6124641299247742,-0.08848948776721954