0,0.5543002486228943,0.7883176207542419,1.2859462827918833e-08
1,0.5675023794174194,0.6982556581497192,0.009772383607923985
2,0.6039178371429443,0.6253266334533691,-0.0036366076674312353
3,0.6518679857254028,0.6008182764053345,-0.021090954542160034
4,0.6917279958724976,0.6099199056625366,-0.03892321512103081
5,0.6101878881454468,0.5653650164604187,-0.036061469465494156
6,0.6638614535331726,0.4727212190628052,-0.058785658329725266
7,0.6964778900146484,0.4148285686969757,-0.07054582238197327
8,0.7200011610984802,0.36945948004722595,-0.07878740131855011
9,0.6265974640846252,0.599247932434082,-0.054663460701704025
10,0.721393883228302,0.5923362374305725,-0.0787709653377533
11,0.7082874774932861,0.6359001994132996,-0.07333296537399292
12,0.6789230704307556,0.6507742404937744,-0.06665262579917908
13,0.6461189985275269,0.6503181457519531,-0.07055794447660446
14,0.7296419143676758,0.6477243304252625,-0.0845242589712143
15,0.7102572917938232,0.6758087873458862,-0.06304210424423218
16,0.6812471747398376,0.682738184928894,-0.047735873609781265
17,0.6654975414276123,0.7046855688095093,-0.08611266314983368
18,0.7286818623542786,0.6914528608322144,-0.08513261377811432
19,0.7105282545089722,0.714137852191925,-0.062264230102300644
20,0.6869357824325562,0.7219710946083069,-0.046038731932640076