0,0.03208324313163757,0.7211546301841736,-4.4531495291266765e-07
1,0.09085176140069962,0.6954190731048584,-0.023569952696561813
2,0.1418796181678772,0.6375399231910706,-0.032747533172369
3,0.1419159471988678,0.5657733678817749,-0.042900774627923965
4,0.11013729870319366,0.5228310823440552,-0.04961598291993141
5,0.13434800505638123,0.5412779450416565,-0.00037722449633292854
6,0.14596915245056152,0.4900285601615906,-0.029851222410798073
7,0.1296737641096115,0.5400129556655884,-0.04826604202389717
8,0.11643142998218536,0.5885587334632874,-0.05291563272476196
9,0.09083286672830582,0.5282568335533142,0.00013774597027804703
10,0.09854275733232498,0.48203614354133606,-0.03401928022503853
11,0.08633112162351608,0.553740918636322,-0.04846987873315811
12,0.0755329579114914,0.60813969373703,-0.047233253717422485
13,0.04794296622276306,0.5260834693908691,-0.004766332916915417
14,0.053270123898983,0.48225682973861694,-0.03917291760444641
15,0.04978151246905327,0.5519557595252991,-0.041354645043611526
16,0.043499257415533066,0.6066911816596985,-0.03038003481924534
17,0.004478447139263153,0.531722903251648,-0.01117826346307993
18,0.006494283676147461,0.46510472893714905,-0.027284905314445496
19,0.0002931058406829834,0.4465924799442291,-0.02426714450120926
20,-0.0102459117770195,0.4316267967224121,-0.015761662274599075