0,0.5098137855529785,0.8436791300773621,4.930565751237737e-07
1,0.5195174217224121,0.7560721635818481,0.0056350319646298885
2,0.4920254051685333,0.677764356136322,0.0003566381346900016
3,0.45175227522850037,0.6420854926109314,-0.004486119840294123
4,0.4132840037345886,0.6318359375,-0.01339521910995245
5,0.4902099668979645,0.6326858401298523,-0.034917719662189484
6,0.4467235505580902,0.523540735244751,-0.04843880608677864
7,0.4244478940963745,0.46201735734939575,-0.05332993343472481
8,0.4032316207885742,0.4151179790496826,-0.05505051091313362
9,0.45624396204948425,0.6545566916465759,-0.04742870852351189
10,0.40058302879333496,0.5314969420433044,-0.05926196277141571
11,0.37207528948783875,0.4658265709877014,-0.06336669623851776
12,0.3467347323894501,0.41496512293815613,-0.0641690343618393
13,0.42041197419166565,0.6892792582511902,-0.05634468048810959
14,0.3608149290084839,0.5854446887969971,-0.07379721850156784
15,0.3326607644557953,0.5193453431129456,-0.08789428323507309
16,0.30839723348617554,0.46702826023101807,-0.0971241146326065
17,0.3888051211833954,0.734404444694519,-0.06209934875369072
18,0.37610435485839844,0.6799207329750061,-0.07759500294923782
19,0.3961644768714905,0.6959391832351685,-0.07587005943059921
20,0.41359788179397583,0.7197633385658264,-0.07280462235212326