0,0.41862866282463074,0.41415461897850037,-2.784444177450496e-07
1,0.4784272611141205,0.39247217774391174,-0.030379751697182655
2,0.549940824508667,0.3315347135066986,-0.043346941471099854
3,0.5755537748336792,0.2650678753852844,-0.05446338653564453
4,0.5406885743141174,0.2297242283821106,-0.058694180101156235
5,0.5211491584777832,0.20729489624500275,-0.005431468598544598
6,0.561117947101593,0.20033583045005798,-0.036064423620700836
7,0.5392581224441528,0.27219900488853455,-0.051085036247968674
8,0.523163378238678,0.27304181456565857,-0.058478016406297684
9,0.4839221239089966,0.18915638327598572,-0.004025568254292011
10,0.5123314261436462,0.20175236463546753,-0.033976439386606216
11,0.4945406913757324,0.2785736322402954,-0.03786471486091614
12,0.48560547828674316,0.2631826102733612,-0.034575995057821274
13,0.4439721405506134,0.18970216810703278,-0.00954551249742508
14,0.470152884721756,0.20185165107250214,-0.039817068725824356
15,0.46054843068122864,0.2710649073123932,-0.02818971872329712
16,0.4517310857772827,0.26022809743881226,-0.014472960494458675
17,0.4017922878265381,0.19578756392002106,-0.018193915486335754
18,0.43049556016921997,0.20637035369873047,-0.0330369807779789
19,0.4275646507740021,0.25759071111679077,-0.020601272583007812
20,0.41791361570358276,0.26016637682914734,-0.0072725811041891575