0,0.28579309582710266,0.530931830406189,-3.4753369959616975e-07
1,0.2789856195449829,0.4353538751602173,0.009852773509919643
2,0.3118324279785156,0.36976659297943115,0.010704626329243183
3,0.35653963685035706,0.3458350598812103,0.009304789826273918
4,0.39088547229766846,0.3567332923412323,0.010068267583847046
5,0.3700155019760132,0.33342498540878296,0.004750067833811045
6,0.41136687994003296,0.3399910628795624,0.007235185708850622
7,0.3997313678264618,0.36495816707611084,0.008964164182543755
8,0.3811018466949463,0.3752765953540802,0.00931069627404213
9,0.39616310596466064,0.37643951177597046,-0.0034371311776340008
10,0.41888856887817383,0.3903718590736389,0.007771824952214956
11,0.4031861126422882,0.4091866910457611,0.012577625922858715
12,0.3842059373855591,0.4178179204463959,0.012295188382267952
13,0.41269391775131226,0.4284270405769348,-0.010264651849865913
14,0.41929495334625244,0.43540045619010925,0.0006316208746284246
15,0.4034320116043091,0.4504564106464386,0.008288735523819923
16,0.38454413414001465,0.46002262830734253,0.00932773295789957
17,0.4209592640399933,0.4797012209892273,-0.016986461356282234
18,0.42169618606567383,0.48074814677238464,-0.00542050413787365
19,0.4053121507167816,0.4918440580368042,0.005620366893708706
20,0.38907667994499207,0.4992567300796509,0.01229092851281166