0,0.6891680955886841,0.5818474292755127,-2.965452949865721e-07
1,0.6736809015274048,0.5231110453605652,-0.0011394645553082228
2,0.6483320593833923,0.47053685784339905,-0.00928508024662733
3,0.6205957531929016,0.44013744592666626,-0.017681514844298363
4,0.5965218544006348,0.4231260418891907,-0.025180306285619736
5,0.6617790460586548,0.43989527225494385,-0.027226991951465607
6,0.5906352996826172,0.45586904883384705,-0.04517433047294617
7,0.6011834740638733,0.4793725311756134,-0.050065480172634125
8,0.6201746463775635,0.48074835538864136,-0.05125159025192261
9,0.6644085645675659,0.47673308849334717,-0.035288579761981964
10,0.5914834141731262,0.4973703920841217,-0.05243397131562233
11,0.6074960231781006,0.508837103843689,-0.05009981244802475
12,0.6271408796310425,0.5054247975349426,-0.04850802570581436
13,0.6629858016967773,0.5181364417076111,-0.04308081790804863
14,0.5963546633720398,0.53313148021698,-0.05753884091973305
15,0.6121340394020081,0.5415136814117432,-0.04834197834134102
16,0.6320987939834595,0.5374451279640198,-0.04172603040933609
17,0.6597541570663452,0.5599885582923889,-0.050645872950553894
18,0.6050245761871338,0.565342366695404,-0.06210176646709442
19,0.6179575324058533,0.5685549974441528,-0.05770611763000488
20,0.6382132768630981,0.5638575553894043,-0.05299641564488411