0,0.24982494115829468,0.6650496125221252,3.2312348707819183e-07
1,0.2255142778158188,0.562221884727478,0.005497529171407223
2,0.23968802392482758,0.4846157133579254,1.4288904822024051e-05
3,0.2831803262233734,0.46422192454338074,-0.00886350404471159
4,0.32237643003463745,0.4708872437477112,-0.019558416679501534
5,0.2673216164112091,0.4269898533821106,-0.013966691680252552
6,0.2774301767349243,0.3200110197067261,-0.030073119327425957
7,0.2853880524635315,0.2563673257827759,-0.03952990472316742
8,0.29308363795280457,0.20919618010520935,-0.04554644599556923
9,0.3094821572303772,0.4418545961380005,-0.029172910377383232
10,0.3423037528991699,0.3266543745994568,-0.04288358613848686
11,0.3633717894554138,0.25936365127563477,-0.053111013025045395
12,0.37988898158073425,0.2111819088459015,-0.05945621058344841
13,0.34670764207839966,0.47563472390174866,-0.043680716305971146
14,0.3894971013069153,0.37656092643737793,-0.059183791279792786
15,0.41771164536476135,0.3163343071937561,-0.0724080353975296
16,0.437959760427475,0.27000874280929565,-0.08061244338750839
17,0.3780520260334015,0.524016797542572,-0.057052526623010635
18,0.4277007579803467,0.4714941382408142,-0.06967173516750336
19,0.4572267234325409,0.43739333748817444,-0.07437123358249664
20,0.4821224510669708,0.40760356187820435,-0.0762920081615448