0,0.3436858654022217,0.9321015477180481,1.1364363672328182e-07
1,0.3167184591293335,0.8488659262657166,-0.012419383972883224
2,0.26361435651779175,0.7921431064605713,-0.02127145603299141
3,0.20222803950309753,0.7870423793792725,-0.025574037805199623
4,0.15723566710948944,0.7978290319442749,-0.02660536579787731
5,0.237491175532341,0.854447066783905,-0.037883561104536057
6,0.1590539813041687,0.8400610685348511,-0.052209772169589996
7,0.17330214381217957,0.822340190410614,-0.05471430718898773
8,0.20015060901641846,0.8230087757110596,-0.05126582831144333
9,0.22857004404067993,0.9139578342437744,-0.03281411901116371
10,0.15382540225982666,0.8834872841835022,-0.03948651999235153
11,0.16708290576934814,0.8631993532180786,-0.03577310964465141
12,0.19115056097507477,0.8674086332321167,-0.032514892518520355
13,0.22272184491157532,0.9606345891952515,-0.026746701449155807
14,0.15928435325622559,0.9276590347290039,-0.026116961613297462
15,0.17204120755195618,0.9082974195480347,-0.014787724241614342
16,0.19337481260299683,0.9101938009262085,-0.008342672139406204
17,0.2188335359096527,0.9948422312736511,-0.021508922800421715
18,0.1709127575159073,0.9617718458175659,-0.019003096967935562
19,0.17990952730178833,0.947160005569458,-0.009557928889989853
20,0.19396664202213287,0.9498208165168762,-0.002401923993602395