0,0.969677746295929,0.7525972723960876,1.5676403108955128e-07
1,0.9850434064865112,0.6886587142944336,0.011908436194062233
2,1.0034353733062744,0.6104598045349121,0.015971748158335686
3,1.0144225358963013,0.5499440431594849,0.016033492982387543
4,1.016047477722168,0.50597083568573,0.015072254464030266
5,1.0391314029693604,0.5710597634315491,0.0022467400413006544
6,1.0659770965576172,0.4877966046333313,-0.007248781621456146
7,1.0778063535690308,0.42491614818573,-0.014113545417785645
8,1.0831128358840942,0.37948089838027954,-0.019249441102147102
9,1.0274254083633423,0.5661090016365051,-0.012590033933520317
10,1.0514580011367798,0.47148874402046204,-0.02055482193827629
11,1.0575072765350342,0.41034436225891113,-0.02790764719247818
12,1.0604057312011719,0.3646199107170105,-0.03364976495504379
13,1.0025829076766968,0.5679686665534973,-0.0268805380910635
14,1.0176368951797485,0.4710420072078705,-0.03717945143580437
15,1.0200526714324951,0.41403770446777344,-0.04749230295419693
16,1.0206308364868164,0.3699750602245331,-0.055609386414289474
17,0.9647130966186523,0.5754994750022888,-0.03974011540412903
18,0.9552779793739319,0.5090031027793884,-0.0534106083214283
19,0.9461732506752014,0.46480849385261536,-0.06199393793940544
20,0.9386289715766907,0.4266479015350342,-0.06779234111309052