0,0.9446934461593628,0.7527626752853394,1.2052407782903174e-07
1,0.9292515516281128,0.6813576817512512,0.005812212824821472
2,0.9393332004547119,0.6075292229652405,0.0076056309044361115
3,0.94196617603302,0.5555140376091003,0.005639305803924799
4,0.9385012984275818,0.513045608997345,0.003462398424744606
5,1.007516860961914,0.5695418119430542,0.010655870661139488
6,1.0269478559494019,0.4873825013637543,0.001985466806218028
7,1.0361988544464111,0.42559629678726196,-0.0075391377322375774
8,1.037936806678772,0.37655019760131836,-0.015523195266723633
9,1.0053586959838867,0.5660020112991333,-0.002736274851486087
10,1.0237964391708374,0.47251543402671814,-0.011927475221455097
11,1.0283987522125244,0.4091711938381195,-0.02449561282992363
12,1.0295591354370117,0.35731035470962524,-0.03404457867145538
13,0.9885241985321045,0.5664152503013611,-0.017178410664200783
14,1.0018539428710938,0.4689839780330658,-0.03104470670223236
15,1.0040946006774902,0.4080667495727539,-0.04705096781253815
16,1.0037879943847656,0.35911908745765686,-0.05809784308075905
17,0.9554052352905273,0.5672903060913086,-0.03089088760316372
18,0.94998699426651,0.49780452251434326,-0.04743579402565956
19,0.9412678480148315,0.4528881907463074,-0.05907640606164932
20,0.933146059513092,0.41551169753074646,-0.06687241047620773