0,0.7099365592002869,0.8165901303291321,2.5820659743658325e-07
1,0.6624492406845093,0.7508912086486816,-0.018914008513092995
2,0.6423254013061523,0.6609346270561218,-0.027810439467430115
3,0.6404514312744141,0.5949221253395081,-0.03647036850452423
4,0.6361483931541443,0.538145899772644,-0.04501262307167053
5,0.7108584642410278,0.5772911310195923,-0.01154234353452921
6,0.71622234582901,0.4873529076576233,-0.030752558261156082
7,0.7205305099487305,0.43061327934265137,-0.04810429736971855
8,0.7264134883880615,0.38249707221984863,-0.06105704605579376
9,0.7449375987052917,0.5858359932899475,-0.018068108707666397
10,0.7605047821998596,0.4901478588581085,-0.03468697518110275
11,0.7704606652259827,0.4295405149459839,-0.050043944269418716
12,0.7801594138145447,0.37805646657943726,-0.06144276261329651
13,0.7732079029083252,0.6133714914321899,-0.028475474566221237
14,0.7973730564117432,0.5277007222175598,-0.0460420660674572
15,0.8110365867614746,0.47299158573150635,-0.057512737810611725
16,0.8222414255142212,0.42272379994392395,-0.0660402849316597
17,0.7971044778823853,0.6575838327407837,-0.04126432538032532
18,0.8274690508842468,0.5996416211128235,-0.057751767337322235
19,0.845779299736023,0.557693600654602,-0.06482325494289398
20,0.8616675734519958,0.5156485438346863,-0.0697341114282608