0,0.5164479613304138,0.8909732103347778,-3.501895378121844e-07
1,0.5459030866622925,0.8138946294784546,0.011820550076663494
2,0.5879414677619934,0.7671510577201843,0.007261141203343868
3,0.6253395676612854,0.7625094652175903,-0.001864394755102694
4,0.6456695795059204,0.7821406126022339,-0.009112104773521423
5,0.6196328401565552,0.7006738185882568,0.007985983043909073
6,0.6650223731994629,0.7368974685668945,-0.0013040618505328894
7,0.654484748840332,0.7702804803848267,-0.010147664695978165
8,0.6352332234382629,0.7816258072853088,-0.017599232494831085
9,0.6374838948249817,0.731971800327301,-0.008480047807097435
10,0.679679274559021,0.7722634673118591,-0.014286236837506294
11,0.6651118993759155,0.7989792823791504,-0.019118690863251686
12,0.6426601409912109,0.8057486414909363,-0.022970136255025864
13,0.6496444344520569,0.7759363055229187,-0.02449488267302513
14,0.683810830116272,0.8183621764183044,-0.026003461331129074
15,0.6665401458740234,0.8398168683052063,-0.02268272638320923
16,0.6461509466171265,0.838991641998291,-0.0219620019197464
17,0.6565371155738831,0.8284305334091187,-0.04080524295568466
18,0.6792483329772949,0.8651835322380066,-0.0376790314912796
19,0.6602869033813477,0.8814001083374023,-0.030762573704123497
20,0.6410766839981079,0.877920389175415,-0.026146912947297096