0,0.07837191969156265,0.8299426436424255,5.04992613059585e-07
1,0.05327566713094711,0.7468255758285522,-5.241477629169822e-05
2,0.0623871311545372,0.6577273011207581,-0.009737122803926468
3,0.09981763362884521,0.6068529486656189,-0.01998143084347248
4,0.13611599802970886,0.5901069045066833,-0.031158240512013435
5,0.06415610015392303,0.6173828840255737,-0.03623039275407791
6,0.09218186885118484,0.4997735023498535,-0.056156452745199203
7,0.11401820182800293,0.43939363956451416,-0.06512386351823807
8,0.1313798427581787,0.3972797989845276,-0.06970356404781342
9,0.10190221667289734,0.6351446509361267,-0.04769861325621605
10,0.1416267454624176,0.5092428922653198,-0.06526003032922745
11,0.17109854519367218,0.4403316378593445,-0.07456649839878082
12,0.19463278353214264,0.3927534818649292,-0.08027754724025726
13,0.1406906694173813,0.664624035358429,-0.05749306455254555
14,0.17931397259235382,0.5458030104637146,-0.0751553401350975
15,0.20771735906600952,0.48102402687072754,-0.08651121705770493
16,0.22953155636787415,0.4343739151954651,-0.09355901181697845
17,0.17724910378456116,0.7019832134246826,-0.06597452610731125
18,0.22252193093299866,0.6325682997703552,-0.08117904514074326
19,0.24969972670078278,0.5903513431549072,-0.08716155588626862
20,0.2729864716529846,0.5543596744537354,-0.09008925408124924