0,0.7886129021644592,0.8800913095474243,3.941993327316595e-07
1,0.790373682975769,0.7863870859146118,0.007373585365712643
2,0.7530672550201416,0.698800802230835,-0.0004395170253701508
3,0.69081050157547,0.6736620664596558,-0.009416933171451092
4,0.647719144821167,0.6717627644538879,-0.022469207644462585
5,0.784883439540863,0.6601253747940063,-0.03118889220058918
6,0.7540022134780884,0.547511875629425,-0.04621557146310806
7,0.738791286945343,0.4857591390609741,-0.05263669043779373
8,0.7264617681503296,0.43471652269363403,-0.05640197545289993
9,0.7621099948883057,0.6923387050628662,-0.04745114967226982
10,0.7159318327903748,0.5699290633201599,-0.06499331444501877
11,0.6907979249954224,0.5055959224700928,-0.07314930856227875
12,0.6695214509963989,0.4538886547088623,-0.07832121849060059
13,0.7332378625869751,0.7312548756599426,-0.06036512926220894
14,0.6733222603797913,0.619098961353302,-0.08264362066984177
15,0.6427842974662781,0.5618516206741333,-0.09243690222501755
16,0.6205404996871948,0.5164258480072021,-0.0972183421254158
17,0.7021101117134094,0.778113842010498,-0.0698164626955986
18,0.6532260775566101,0.6981654167175293,-0.08298809081315994
19,0.6583399772644043,0.71140456199646,-0.07484998553991318
20,0.6711856126785278,0.7396968007087708,-0.06813644617795944