0,0.5602366328239441,0.7955120801925659,3.0826774377601396e-07
1,0.5720189809799194,0.7213104367256165,0.013578331097960472
2,0.5604069232940674,0.6518335938453674,0.015104125253856182
3,0.5304664373397827,0.6181579232215881,0.01232895441353321
4,0.5037003755569458,0.6031931638717651,0.009859560988843441
5,0.5685827136039734,0.6058701276779175,-0.0011902179103344679
6,0.5678278803825378,0.5229372978210449,-0.013692676089704037
7,0.5684447288513184,0.4697296619415283,-0.019091259688138962
8,0.5705100893974304,0.43197101354599,-0.01966358907520771
9,0.5405513048171997,0.6106327176094055,-0.013550065457820892
10,0.5125203728675842,0.5173871517181396,-0.02653266116976738
11,0.49683648347854614,0.46414971351623535,-0.03235529363155365
12,0.4837200939655304,0.4220581650733948,-0.03424931317567825
13,0.5130914449691772,0.6274808645248413,-0.024095602333545685
14,0.46866726875305176,0.5855435729026794,-0.03686470538377762
15,0.46567457914352417,0.6115509867668152,-0.037051767110824585
16,0.46891263127326965,0.6340358257293701,-0.032358523458242416
17,0.4850005805492401,0.6494952440261841,-0.03325674310326576
18,0.45068296790122986,0.6003997325897217,-0.04119006544351578
19,0.42869237065315247,0.574223518371582,-0.04091735929250717
20,0.4085608124732971,0.5486244559288025,-0.038353968411684036