0,0.19653376936912537,0.6438593864440918,7.355135380748834e-07
1,0.21850845217704773,0.5435167551040649,0.0005028971936553717
2,0.18796011805534363,0.470259428024292,-0.005118194501847029
3,0.1354682445526123,0.46625664830207825,-0.009103224612772465
4,0.08794831484556198,0.47965261340141296,-0.017583657056093216
5,0.17505431175231934,0.4162709414958954,-0.03166525810956955
6,0.1461489200592041,0.2973399758338928,-0.03887020796537399
7,0.1282329112291336,0.23823213577270508,-0.03986857831478119
8,0.1112876832485199,0.19231098890304565,-0.039504796266555786
9,0.12666988372802734,0.44171640276908875,-0.03807198628783226
10,0.08695163577795029,0.32254600524902344,-0.04156007245182991
11,0.06213149055838585,0.2532103657722473,-0.04477314651012421
12,0.04268192499876022,0.20339399576187134,-0.0456860214471817
13,0.0881284773349762,0.4820044934749603,-0.04155426472425461
14,0.044239550828933716,0.3808491826057434,-0.050643354654312134
15,0.019494004547595978,0.3101021647453308,-0.07182116061449051
16,-0.0007181614637374878,0.26016268134117126,-0.08782563358545303
17,0.06587423384189606,0.5276148319244385,-0.04228067025542259
18,0.07814773917198181,0.4870489835739136,-0.055810943245887756
19,0.10428480058908463,0.5020536184310913,-0.06211460009217262
20,0.1253960281610489,0.5262964963912964,-0.06495988368988037