0,0.5205297470092773,0.7034119963645935,-3.7614975667565886e-07
1,0.507402777671814,0.6149351596832275,-0.002670338610187173
2,0.5390961170196533,0.5522578954696655,0.0003130410914309323
3,0.5791593194007874,0.5272594094276428,0.004672689363360405
4,0.6046532392501831,0.5272951126098633,0.010651404038071632
5,0.6117731928825378,0.5658071637153625,0.0038187424652278423
6,0.6042969226837158,0.5485864281654358,0.011453785002231598
7,0.582487165927887,0.5556573867797852,0.013853166252374649
8,0.5703661441802979,0.5695434212684631,0.013810817152261734
9,0.6253691911697388,0.6101096868515015,0.0050876992754638195
10,0.6068356037139893,0.5937076807022095,0.01707455702126026
11,0.5886965394020081,0.5994593501091003,0.01876228302717209
12,0.5779213905334473,0.6136988401412964,0.016867464408278465
13,0.627011239528656,0.6536059379577637,0.0069161029532551765
14,0.6095598340034485,0.6359941363334656,0.014181477949023247
15,0.594149112701416,0.6381368041038513,0.014860392548143864
16,0.5810239315032959,0.6492651104927063,0.012791000306606293
17,0.6231235265731812,0.6903896927833557,0.008476871997117996
18,0.6083590984344482,0.6736530661582947,0.013672895729541779
19,0.5947477221488953,0.6756385564804077,0.017540644854307175
20,0.5843587517738342,0.6846156120300293,0.02022937685251236