0,0.1473916471004486,0.8490841388702393,2.409462069863366e-07
1,0.20119746029376984,0.8073616027832031,-0.016900256276130676
2,0.23900936543941498,0.7279670834541321,-0.024718686938285828
3,0.2542271614074707,0.6639168858528137,-0.032919175922870636
4,0.24082982540130615,0.6149791479110718,-0.041138917207717896
5,0.1853410303592682,0.6399036049842834,-0.015793394297361374
6,0.18761834502220154,0.5555390119552612,-0.03885994851589203
7,0.2126259207725525,0.5440824031829834,-0.05824870243668556
8,0.23559872806072235,0.5561605095863342,-0.06872296333312988
9,0.15316534042358398,0.6472864151000977,-0.01896093040704727
10,0.15476500988006592,0.5544397830963135,-0.04124375060200691
11,0.18823345005512238,0.5539158582687378,-0.05769472196698189
12,0.2145470529794693,0.5791114568710327,-0.06622970849275589
13,0.12138934433460236,0.6688246726989746,-0.024675285443663597
14,0.11564852297306061,0.5734524726867676,-0.046564165502786636
15,0.15076211094856262,0.5757874846458435,-0.05589786171913147
16,0.1790575087070465,0.6014254093170166,-0.05906451493501663
17,0.088152214884758,0.7023041844367981,-0.031914517283439636
18,0.08704401552677155,0.6342037320137024,-0.053439944982528687
19,0.11278349161148071,0.6339367628097534,-0.05997122824192047
20,0.135292187333107,0.6555141806602478,-0.06120377033948898