0,0.5351452827453613,0.6935275793075562,7.050247177176061e-07
1,0.5518679022789001,0.6072872281074524,-0.0023062119726091623
2,0.5372732877731323,0.5251288414001465,-0.015679337084293365
3,0.5038984417915344,0.4751727283000946,-0.028043417260050774
4,0.46508264541625977,0.4580842852592468,-0.04392704367637634
5,0.5493342876434326,0.4981496036052704,-0.04966844990849495
6,0.5388485789299011,0.3788161873817444,-0.07027557492256165
7,0.5292819738388062,0.3135678172111511,-0.07999908924102783
8,0.518195390701294,0.261909544467926,-0.08466467261314392
9,0.5130707621574402,0.5156610012054443,-0.05987028405070305
10,0.48721781373023987,0.38375478982925415,-0.07484613358974457
11,0.4708998501300812,0.306463360786438,-0.08088397234678268
12,0.4563116431236267,0.24696731567382812,-0.08553089946508408
13,0.47296005487442017,0.5420712828636169,-0.06721417605876923
14,0.427688330411911,0.43483132123947144,-0.08076866716146469
15,0.4063294231891632,0.3774697780609131,-0.0886157974600792
16,0.391228049993515,0.3363720178604126,-0.09541219472885132
17,0.43600890040397644,0.5752668380737305,-0.07300698012113571
18,0.4221494495868683,0.5028489828109741,-0.0817517414689064
19,0.4374014139175415,0.4974210858345032,-0.07780741155147552
20,0.4528452157974243,0.5034489631652832,-0.0753844603896141