0,0.4821178913116455,0.6669628024101257,6.182743561566895e-08
1,0.44022631645202637,0.5679284930229187,0.023222945630550385
2,0.4300624132156372,0.4699704051017761,0.023830726742744446
3,0.4378584325313568,0.3972313106060028,0.018011262640357018
4,0.45477354526519775,0.3440167307853699,0.010484866797924042
5,0.4281211197376251,0.4349653124809265,1.5391637134598568e-05
6,0.4289332628250122,0.31856289505958557,-0.012621534056961536
7,0.4256109893321991,0.25421029329299927,-0.01853681169450283
8,0.4225640296936035,0.2033042013645172,-0.022783322259783745
9,0.46604445576667786,0.43637019395828247,-0.023214412853121758
10,0.4648835361003876,0.31135332584381104,-0.03691180795431137
11,0.4622366726398468,0.24432720243930817,-0.04431195929646492
12,0.45850831270217896,0.1938740611076355,-0.04958275705575943
13,0.5094085931777954,0.4488238990306854,-0.04463490471243858
14,0.5180184245109558,0.31616705656051636,-0.06037139520049095
15,0.5214246511459351,0.23663929104804993,-0.06795638799667358
16,0.5201089978218079,0.17394205927848816,-0.07299866527318954
17,0.5552049875259399,0.46740439534187317,-0.06296516209840775
18,0.5640940070152283,0.36233457922935486,-0.07679226994514465
19,0.5678386092185974,0.2969120740890503,-0.08015107363462448
20,0.5680423974990845,0.23903170228004456,-0.0818820521235466