0,0.501745343208313,0.8134633302688599,-1.3429645662199619e-07
1,0.48467499017715454,0.7271591424942017,0.014562220312654972
2,0.45170775055885315,0.6612234115600586,0.011188319884240627
3,0.413221150636673,0.6295700073242188,0.004820473026484251
4,0.3761579096317291,0.6171920895576477,-0.004118051845580339
5,0.4470521807670593,0.6083192229270935,-0.025751054286956787
6,0.39141392707824707,0.522979736328125,-0.043801069259643555
7,0.3621850907802582,0.47672706842422485,-0.05136711895465851
8,0.3381800055503845,0.4375791549682617,-0.055804070085287094
9,0.4396226406097412,0.6382479071617126,-0.04058068245649338
10,0.35176408290863037,0.5902331471443176,-0.06001568213105202
11,0.3234260678291321,0.6219663619995117,-0.05787787586450577
12,0.3183293342590332,0.6495980024337769,-0.05444159731268883
13,0.42626845836639404,0.6842816472053528,-0.05274902656674385
14,0.34431198239326477,0.6301559209823608,-0.06899206340312958
15,0.3157874047756195,0.6509600281715393,-0.06144890561699867
16,0.3101509213447571,0.6724443435668945,-0.05381283909082413
17,0.41116055846214294,0.733234167098999,-0.0627402812242508
18,0.34639573097229004,0.6860841512680054,-0.07397778332233429
19,0.3173004984855652,0.6810183525085449,-0.06963079422712326
20,0.30232882499694824,0.6832969784736633,-0.06404181569814682