0,-0.09193027019500732,0.5075758099555969,-2.7698433768819086e-07
1,-0.061212293803691864,0.43599262833595276,0.0029832434374839067
2,-0.007932392880320549,0.38441354036331177,-0.004032844677567482
3,0.04564693570137024,0.3581687808036804,-0.01277890708297491
4,0.08423317223787308,0.34794849157333374,-0.017607076093554497
5,0.012544643133878708,0.36077046394348145,-0.01670645736157894
6,0.08808660507202148,0.38268905878067017,-0.03410811722278595
7,0.07213263213634491,0.40774834156036377,-0.03930313512682915
8,0.044627513736486435,0.40902572870254517,-0.03966650739312172
9,0.015783874318003654,0.4047167897224426,-0.02759186550974846
10,0.0903494656085968,0.43595707416534424,-0.03580477088689804
11,0.07198464870452881,0.4579559862613678,-0.03113335743546486
12,0.04744219034910202,0.4532896876335144,-0.02868947759270668
13,0.016492992639541626,0.4567682147026062,-0.03839294612407684
14,0.08129000663757324,0.48811694979667664,-0.043097760528326035
15,0.060557007789611816,0.5048632025718689,-0.029254911467432976
16,0.037889886647462845,0.4983229637145996,-0.021490171551704407
17,0.013894222676753998,0.5110974311828613,-0.04919084534049034
18,0.06769377738237381,0.5343130826950073,-0.04815740883350372
19,0.04800373688340187,0.5457377433776855,-0.03421390801668167
20,0.026635440066456795,0.541034996509552,-0.024656090885400772