0,0.5388084053993225,0.7356772422790527,7.111972877282824e-07
1,0.5616791844367981,0.647445559501648,0.004192743916064501
2,0.5483404397964478,0.5646722912788391,-0.004520604386925697
3,0.5133898258209229,0.5262460112571716,-0.013713671825826168
4,0.4766116142272949,0.5107840895652771,-0.02694222517311573
5,0.5644136071205139,0.5287632346153259,-0.03644099831581116
6,0.5669615268707275,0.40734708309173584,-0.05431225523352623
7,0.5665450692176819,0.3414549231529236,-0.06271692365407944
8,0.56351637840271,0.28830868005752563,-0.06647342443466187
9,0.5281347632408142,0.5431669354438782,-0.049723394215106964
10,0.5163369178771973,0.4094010591506958,-0.06577777862548828
11,0.5083282589912415,0.33573293685913086,-0.07384484261274338
12,0.49991080164909363,0.27825644612312317,-0.07846939563751221
13,0.488434761762619,0.5650569200515747,-0.05984294414520264
14,0.4571824073791504,0.4484736919403076,-0.07539429515600204
15,0.4412887990474701,0.38578611612319946,-0.08411183953285217
16,0.4276834726333618,0.3362472355365753,-0.09004845470190048
17,0.4515577256679535,0.5950479507446289,-0.06770758330821991
18,0.4424249231815338,0.5160462856292725,-0.07686153799295425
19,0.4538111984729767,0.5267520546913147,-0.06987172365188599
20,0.4641002118587494,0.5470207333564758,-0.06423241645097733