0,0.6898190975189209,0.7426526546478271,4.4736646032106364e-07
1,0.6904439926147461,0.6793761253356934,0.0021811414044350386
2,0.6768370866775513,0.6152234673500061,-0.00190045777708292
3,0.6492095589637756,0.5780726671218872,-0.009088966995477676
4,0.6265289187431335,0.5556144118309021,-0.014978147111833096
5,0.6985946893692017,0.5720112919807434,-0.0047196741215884686
6,0.7048725485801697,0.49466419219970703,-0.019913511350750923
7,0.7109462022781372,0.44552579522132874,-0.027996420860290527
8,0.7176742553710938,0.4078218638896942,-0.030408965423703194
9,0.685082197189331,0.5737507939338684,-0.013442708179354668
10,0.6661731004714966,0.4848683476448059,-0.02889779955148697
11,0.6557852029800415,0.4322054386138916,-0.03572295978665352
12,0.6487319469451904,0.38641804456710815,-0.037912070751190186
13,0.66839599609375,0.585188627243042,-0.022305263206362724
14,0.6186409592628479,0.5425008535385132,-0.039473067969083786
15,0.6090314388275146,0.568676769733429,-0.038836751133203506
16,0.612560510635376,0.5906373262405396,-0.032387103885412216
17,0.6459761261940002,0.6016951203346252,-0.031113727018237114
18,0.6091040968894958,0.5552300214767456,-0.03952610865235329
19,0.5936698317527771,0.547435462474823,-0.035559073090553284
20,0.5861071944236755,0.5369898080825806,-0.03012753464281559