0,0.45155787467956543,0.872431218624115,-1.0276330897340813e-07
1,0.4162484407424927,0.7866789102554321,0.015952395275235176
2,0.35467272996902466,0.7347089648246765,0.015151139348745346
3,0.3046107888221741,0.7342624068260193,0.010486161336302757
4,0.2671821117401123,0.7576113343238831,0.0033304074313491583
5,0.32723069190979004,0.6861859560012817,-0.015489224344491959
6,0.24585267901420593,0.6353803873062134,-0.027026226744055748
7,0.20305359363555908,0.6057319045066833,-0.029528899118304253
8,0.16990113258361816,0.5798040628433228,-0.03107753023505211
9,0.31266459822654724,0.729310929775238,-0.03009181283414364
10,0.2246716320514679,0.7353736162185669,-0.042134806513786316
11,0.23643720149993896,0.7722166180610657,-0.034851834177970886
12,0.2615646719932556,0.7814152240753174,-0.028619825839996338
13,0.3038589656352997,0.7858448624610901,-0.041875410825014114
14,0.21971140801906586,0.7851525545120239,-0.052261363714933395
15,0.23179395496845245,0.8139176368713379,-0.03776739537715912
16,0.25685667991638184,0.8195813298225403,-0.02644352987408638
17,0.29952239990234375,0.8440144062042236,-0.05182909592986107
18,0.2246670424938202,0.8362770080566406,-0.05694448947906494
19,0.22816799581050873,0.8502285480499268,-0.04364806413650513
20,0.2481992542743683,0.8570631742477417,-0.03179407864809036