0,0.6972029805183411,0.8637024164199829,4.633120624930598e-07
1,0.6976761817932129,0.7740159630775452,0.008906765840947628
2,0.664364218711853,0.6900191903114319,0.0025519258342683315
3,0.6177050471305847,0.6540255546569824,-0.0045071737840771675
4,0.5774743556976318,0.6433512568473816,-0.015155361033976078
5,0.679320752620697,0.6454992294311523,-0.030892588198184967
6,0.6478744149208069,0.535532534122467,-0.045709092170000076
7,0.6337483525276184,0.47278299927711487,-0.051402412354946136
8,0.6205894351005554,0.4211430549621582,-0.05370636656880379
9,0.6540964841842651,0.6742751598358154,-0.04593067243695259
10,0.6087272763252258,0.5542704463005066,-0.06302938610315323
11,0.5849229693412781,0.4935429096221924,-0.06749819964170456
12,0.5622255802154541,0.4456850588321686,-0.06831864267587662
13,0.6228074431419373,0.7121437788009644,-0.05731039494276047
14,0.5618524551391602,0.6044751405715942,-0.07884512841701508
15,0.5311716198921204,0.5490082502365112,-0.08336154371500015
16,0.5052428245544434,0.5031089782714844,-0.08343654125928879
17,0.5925784111022949,0.7614186406135559,-0.06510966271162033
18,0.5524514317512512,0.6768420338630676,-0.07528697699308395
19,0.563721776008606,0.6956638097763062,-0.060520756989717484
20,0.5777326822280884,0.7273845672607422,-0.04816072806715965