0,0.7935246229171753,0.7785828709602356,6.78365807971204e-08
1,0.8321077227592468,0.6938995122909546,0.009711635299026966
2,0.8392145037651062,0.5963937044143677,0.0041372389532625675
3,0.8167089223861694,0.5425655841827393,-0.004864370450377464
4,0.7811402678489685,0.5139089226722717,-0.01657862216234207
5,0.8617099523544312,0.562805712223053,-0.024249983951449394
6,0.8692834973335266,0.4369232654571533,-0.042435746639966965
7,0.8731319904327393,0.36891716718673706,-0.050822094082832336
8,0.8789170980453491,0.3130672574043274,-0.05582145228981972
9,0.8209140300750732,0.5704588890075684,-0.039973851293325424
10,0.7907469272613525,0.44394081830978394,-0.06269999593496323
11,0.7699317336082458,0.46941423416137695,-0.06232712045311928
12,0.7688087821006775,0.5076816082000732,-0.057887911796569824
13,0.7760327458381653,0.5851314067840576,-0.05314163491129875
14,0.7507926225662231,0.46265244483947754,-0.06994807720184326
15,0.7396398782730103,0.4872324764728546,-0.05735400691628456
16,0.7434437274932861,0.5243400931358337,-0.04485512524843216
17,0.735497236251831,0.6031976938247681,-0.06513044983148575
18,0.7189244627952576,0.5018302798271179,-0.07178950309753418
19,0.7171757221221924,0.5156012177467346,-0.05706286057829857
20,0.7223440408706665,0.5521529912948608,-0.04371729865670204