0,0.3234493136405945,0.9199697971343994,3.080212991335429e-07
1,0.295966774225235,0.8297306895256042,-0.0046052527613937855
2,0.31668320298194885,0.7443056702613831,-0.01301701832562685
3,0.36840254068374634,0.7122928500175476,-0.02116374485194683
4,0.40867093205451965,0.708223819732666,-0.030194327235221863
5,0.3053382933139801,0.7141821980476379,-0.030914297327399254
6,0.3110843300819397,0.6000450849533081,-0.0444210059940815
7,0.3123953640460968,0.53197181224823,-0.051578640937805176
8,0.31086310744285583,0.4780496656894684,-0.056116316467523575
9,0.3459780514240265,0.7323912978172302,-0.04056430608034134
10,0.36576834321022034,0.6081514358520508,-0.05137508362531662
11,0.37535664439201355,0.5390781164169312,-0.0591452494263649
12,0.38028696179389954,0.48460501432418823,-0.06492169201374054
13,0.3858713209629059,0.7572008371353149,-0.04852569103240967
14,0.41727519035339355,0.6379870176315308,-0.06211894750595093
15,0.4265720844268799,0.5983518958091736,-0.0670972689986229
16,0.4297092854976654,0.5726035833358765,-0.0694986954331398
17,0.42186468839645386,0.7847088575363159,-0.05598510056734085
18,0.43255898356437683,0.6967844367027283,-0.06482524424791336
19,0.42096972465515137,0.7052208185195923,-0.05725840851664543
20,0.4118528962135315,0.728502094745636,-0.050401218235492706