0,0.18323375284671783,0.8489193320274353,-8.772132531476018e-08
1,0.17177782952785492,0.7531997561454773,-0.0025712712667882442
2,0.12378724664449692,0.6915403008460999,-0.001789553090929985
3,0.06396394968032837,0.670485258102417,0.00034714594949036837
4,0.02479308843612671,0.6788195371627808,0.004413933493196964
5,0.06526060402393341,0.7280681133270264,-0.0019784921314567327
6,0.02774791419506073,0.7124711275100708,-0.0039416588842868805
7,0.05187685787677765,0.7120565176010132,-0.007933284156024456
8,0.07142108678817749,0.7203974723815918,-0.010045167058706284
9,0.051287584006786346,0.7805766463279724,-0.0005362129886634648
10,0.020853456109762192,0.7533106803894043,0.005482394713908434
11,0.039199210703372955,0.7482476830482483,0.005803428590297699
12,0.057911671698093414,0.7586091756820679,0.0038186819292604923
13,0.046738170087337494,0.8269949555397034,0.0014455898199230433
14,0.02637646719813347,0.7980630993843079,0.009292473085224628
15,0.04182703047990799,0.79244464635849,0.013952682726085186
16,0.05979262664914131,0.801720380783081,0.013950375840067863
17,0.046668194234371185,0.8655739426612854,0.0029266902711242437
18,0.03536920249462128,0.833141028881073,0.00976752769201994
19,0.050094202160835266,0.8320851922035217,0.01671730913221836
20,0.0643937885761261,0.8411264419555664,0.021301889792084694