0,0.7978686094284058,0.7910169959068298,-1.1525261811584642e-07
1,0.747898519039154,0.7407992482185364,-0.019534632563591003
2,0.7148398756980896,0.6746070981025696,-0.03705804422497749
3,0.7034069299697876,0.6212409138679504,-0.05827637389302254
4,0.7295480370521545,0.5847916007041931,-0.07852160185575485
5,0.7545455098152161,0.5589398145675659,-0.013606952503323555
6,0.746519148349762,0.45531392097473145,-0.04010182246565819
7,0.7413334846496582,0.3937322795391083,-0.058935847133398056
8,0.740814745426178,0.34205377101898193,-0.07272625714540482
9,0.7863954901695251,0.570378839969635,-0.021833505481481552
10,0.7774276733398438,0.5010977983474731,-0.06445097923278809
11,0.7511711716651917,0.5511960387229919,-0.07959922403097153
12,0.7405521273612976,0.5979496240615845,-0.08070085942745209
13,0.8168930411338806,0.593533456325531,-0.03368816152215004
14,0.8110537528991699,0.5202952027320862,-0.0707385390996933
15,0.7769381999969482,0.5612255930900574,-0.0711202472448349
16,0.7608201503753662,0.6051719188690186,-0.06175829470157623
17,0.84618079662323,0.6288353800773621,-0.04780903458595276
18,0.8360759019851685,0.5715060830116272,-0.0708584189414978
19,0.803391695022583,0.5827475786209106,-0.07005787640810013
20,0.7844355702400208,0.6077002882957458,-0.06344258785247803