0,0.3739534914493561,0.5576731562614441,-2.739756155278883e-07
1,0.3570154011249542,0.4766582250595093,0.0030981991440057755
2,0.3122005760669708,0.41014933586120605,0.0008340741042047739
3,0.26341405510902405,0.3758181929588318,-0.001575671718455851
4,0.22471749782562256,0.37459951639175415,-0.0036811779718846083
5,0.28240767121315,0.39743587374687195,-0.014537375420331955
6,0.21652038395404816,0.41476860642433167,-0.026999767869710922
7,0.23296035826206207,0.43207284808158875,-0.03347623720765114
8,0.2559475004673004,0.4333726465702057,-0.03586173057556152
9,0.2718651592731476,0.4442598819732666,-0.020213093608617783
10,0.20926189422607422,0.4617599844932556,-0.02582511119544506
11,0.22651639580726624,0.475951224565506,-0.022352349013090134
12,0.2482164353132248,0.4743924140930176,-0.02093234658241272
13,0.26341214776039124,0.4941433072090149,-0.02514699660241604
14,0.21420398354530334,0.5068298578262329,-0.02905917540192604
15,0.23306092619895935,0.5173244476318359,-0.018902765586972237
16,0.25343558192253113,0.5151345133781433,-0.013291467912495136
17,0.25757575035095215,0.5436897873878479,-0.02980155684053898
18,0.22530539333820343,0.5439605712890625,-0.0317390002310276
19,0.24394859373569489,0.5536041855812073,-0.022681977599859238
20,0.2602880299091339,0.5539610981941223,-0.0154480691999197