0,0.5101958513259888,0.5246468186378479,-2.5318061602774833e-07
1,0.4987964630126953,0.4539973735809326,-2.771129038592335e-05
2,0.4639636278152466,0.3844694197177887,-0.004377357661724091
3,0.4201940596103668,0.3494023084640503,-0.008847528137266636
4,0.3843039274215698,0.33565929532051086,-0.012209364213049412
5,0.4452321231365204,0.3595573902130127,-0.014106071554124355
6,0.37390634417533875,0.37693095207214355,-0.030627641826868057
7,0.3880727291107178,0.40052542090415955,-0.03804592415690422
8,0.40863752365112305,0.4007968604564667,-0.0408063679933548
9,0.4371747672557831,0.39878049492836,-0.020732924342155457
10,0.36665114760398865,0.4194280803203583,-0.03420839086174965
11,0.38457435369491577,0.43557801842689514,-0.03206641599535942
12,0.40672963857650757,0.43338045477867126,-0.030005408450961113
13,0.4296387732028961,0.44250062108039856,-0.027690891176462173
14,0.3682832717895508,0.46094003319740295,-0.04017353057861328
15,0.38736653327941895,0.4758070409297943,-0.030233457684516907
16,0.40910351276397705,0.47200968861579895,-0.022375600412487984
17,0.4233177602291107,0.48812586069107056,-0.03457241505384445
18,0.3783484399318695,0.49849990010261536,-0.043783921748399734
19,0.39494237303733826,0.5113194584846497,-0.03762980177998543
20,0.41325801610946655,0.5086345672607422,-0.031001728028059006