0,0.3872361183166504,0.9106595516204834,-4.613087156712936e-08
1,0.4623209238052368,0.8608379364013672,0.00024791070609353483
2,0.5047608017921448,0.8017553687095642,-0.008714725263416767
3,0.5382593274116516,0.7571192383766174,-0.020983269438147545
4,0.5673124194145203,0.716962456703186,-0.02971166931092739
5,0.4593926668167114,0.6783060431480408,-0.009301007725298405
6,0.5382022261619568,0.703917384147644,-0.03350699320435524
7,0.5521219968795776,0.7654331922531128,-0.04481063783168793
8,0.5446110963821411,0.7985985279083252,-0.04875271022319794
9,0.4401436448097229,0.693533718585968,-0.0212047528475523
10,0.5281683802604675,0.7300100326538086,-0.04241052642464638
11,0.5409314632415771,0.7965414524078369,-0.04313865303993225
12,0.5339347124099731,0.8293989896774292,-0.04041779786348343
13,0.42549747228622437,0.7298429012298584,-0.0349445603787899
14,0.5118380188941956,0.7636322975158691,-0.056809358298778534
15,0.5265482664108276,0.8216356039047241,-0.05039912089705467
16,0.5219936966896057,0.8541960120201111,-0.04134354367852211
17,0.4158858060836792,0.7779489755630493,-0.04881895333528519
18,0.48392441868782043,0.8035593628883362,-0.06219145655632019
19,0.5019424557685852,0.8417214155197144,-0.057038500905036926
20,0.5047213435173035,0.8666749596595764,-0.04936525225639343