0,0.505454957485199,0.7909184694290161,1.096733281968909e-08
1,0.5730166435241699,0.7602640390396118,-0.009959947317838669
2,0.6136617064476013,0.7094225883483887,-0.02528460882604122
3,0.6431605815887451,0.6675012707710266,-0.0445263646543026
4,0.6629416942596436,0.6219852566719055,-0.06241341680288315
5,0.58001309633255,0.574093222618103,-0.02043662592768669
6,0.6057879328727722,0.4970729649066925,-0.04421060159802437
7,0.6237647533416748,0.43968772888183594,-0.058889105916023254
8,0.6356099843978882,0.39248114824295044,-0.06870456784963608
9,0.5510486364364624,0.5692604184150696,-0.03076937608420849
10,0.6290553212165833,0.6037214398384094,-0.0685492604970932
11,0.6362811326980591,0.6776736378669739,-0.07460671663284302
12,0.6258425712585449,0.724138617515564,-0.07025265693664551
13,0.5317531824111938,0.5905187129974365,-0.042220860719680786
14,0.612122118473053,0.6345701217651367,-0.07625225186347961
15,0.6129268407821655,0.6989467740058899,-0.06438139826059341
16,0.6008559465408325,0.738772988319397,-0.04730462282896042
17,0.5206576585769653,0.6244524717330933,-0.05553516373038292
18,0.5831886529922485,0.6520587801933289,-0.07710167020559311
19,0.5917872786521912,0.696614682674408,-0.06726983189582825
20,0.5875575542449951,0.7266241908073425,-0.05295925587415695