0,0.7575109601020813,0.7827097773551941,2.987942480103811e-07
1,0.7086259722709656,0.7201881408691406,-0.01827111840248108
2,0.6820145845413208,0.6351449489593506,-0.027374986559152603
3,0.6711485385894775,0.5665878057479858,-0.0362522155046463
4,0.6545988917350769,0.5144016742706299,-0.045334793627262115
5,0.748080313205719,0.5527867078781128,-0.014450074173510075
6,0.7477078437805176,0.4642616808414459,-0.0337209515273571
7,0.7464863657951355,0.41007083654403687,-0.05029920116066933
8,0.7466319799423218,0.362403929233551,-0.06234024465084076
9,0.7828805446624756,0.5612852573394775,-0.020676657557487488
10,0.797045111656189,0.4661359190940857,-0.03598077595233917
11,0.8038350343704224,0.40847450494766235,-0.04975441098213196
12,0.8093600869178772,0.3599177300930023,-0.05992596969008446
13,0.8133878707885742,0.5873504281044006,-0.030173592269420624
14,0.8320631384849548,0.5047728419303894,-0.04590064659714699
15,0.8399996161460876,0.4536353349685669,-0.05365363135933876
16,0.8453921675682068,0.40823131799697876,-0.059228792786598206
17,0.8408438563346863,0.6283391118049622,-0.04199250414967537
18,0.8664603233337402,0.5684948563575745,-0.05529113486409187
19,0.8809043169021606,0.528170645236969,-0.05785977467894554
20,0.8927719593048096,0.49011993408203125,-0.059260085225105286