0,0.545199990272522,0.7462910413742065,-2.764178645975335e-07
1,0.48749640583992004,0.7242369651794434,-0.01460319384932518
2,0.4388776123523712,0.6843771934509277,-0.031097522005438805
3,0.40858107805252075,0.6503604650497437,-0.05148357152938843
4,0.41434577107429504,0.6157181262969971,-0.07166364789009094
5,0.4676429033279419,0.5281397700309753,-0.018952907994389534
6,0.44504082202911377,0.42999348044395447,-0.04430122673511505
7,0.4277806282043457,0.3706567585468292,-0.06147293746471405
8,0.4148758053779602,0.3222460150718689,-0.07414175570011139
9,0.5033115148544312,0.5291661024093628,-0.02789784036576748
10,0.4517434537410736,0.5062727928161621,-0.06524914503097534
11,0.43353861570358276,0.5673161745071411,-0.07271915674209595
12,0.43749672174453735,0.6101045608520508,-0.07080792635679245
13,0.5352362394332886,0.5465441346168518,-0.039752617478370667
14,0.485330194234848,0.5246212482452393,-0.07217572629451752
15,0.46271267533302307,0.5802592039108276,-0.06332336366176605
16,0.4616512656211853,0.622316837310791,-0.05005067214369774
17,0.562640368938446,0.578773021697998,-0.05397309362888336
18,0.5190073847770691,0.5656789541244507,-0.07435186952352524
19,0.4918195605278015,0.6024149060249329,-0.06731325387954712
20,0.4849120080471039,0.6358891725540161,-0.05662985518574715