0,0.8846616148948669,0.7271559834480286,-3.31095634464873e-07
1,0.8339079022407532,0.6985597610473633,-0.01791931502521038
2,0.7910171747207642,0.6232050657272339,-0.02671000547707081
3,0.7967905402183533,0.5505644679069519,-0.0362127460539341
4,0.8403623104095459,0.5238752365112305,-0.03997502848505974
5,0.8137825727462769,0.5335079431533813,-0.0014911276521161199
6,0.8018404245376587,0.4811273217201233,-0.024029023945331573
7,0.8084566593170166,0.5355870723724365,-0.034492574632167816
8,0.8174627423286438,0.5663371682167053,-0.038618817925453186
9,0.8506797552108765,0.5263213515281677,-0.0015720470109954476
10,0.8406259417533875,0.47927325963974,-0.031858108937740326
11,0.8388727903366089,0.5499266982078552,-0.03813258185982704
12,0.8420221209526062,0.5877045392990112,-0.0344633124768734
13,0.888267457485199,0.5300261974334717,-0.006742207333445549
14,0.8810322284698486,0.48144835233688354,-0.036645349115133286
15,0.8655247092247009,0.5453231930732727,-0.03540153056383133
16,0.8568297624588013,0.5899640917778015,-0.025508509948849678
17,0.9249417185783386,0.5412333011627197,-0.013441989198327065
18,0.9450589418411255,0.477247953414917,-0.032407358288764954
19,0.9594781398773193,0.4348302185535431,-0.039352141320705414
20,0.9700859785079956,0.3857216238975525,-0.04026145115494728