0,0.5809807777404785,0.6953040361404419,-2.4862731606845045e-07
1,0.6398937702178955,0.7168753147125244,-0.011983486823737621
2,0.6946528553962708,0.7128323316574097,-0.023845966905355453
3,0.7362112402915955,0.6982147097587585,-0.037134598940610886
4,0.7454701662063599,0.659004807472229,-0.04550996422767639
5,0.7095208168029785,0.5602313876152039,-0.0024775604251772165
6,0.7609938383102417,0.6148192882537842,-0.032166607677936554
7,0.7288364171981812,0.6569955945014954,-0.049840327352285385
8,0.7039881348609924,0.6542556285858154,-0.05854825675487518
9,0.6953938007354736,0.5398209691047668,-0.009618617594242096
10,0.7508311867713928,0.614676833152771,-0.03711959347128868
11,0.7123894691467285,0.6570245027542114,-0.04271325469017029
12,0.6892834305763245,0.6463468670845032,-0.04121540114283562
13,0.6779536604881287,0.5347779989242554,-0.021060997620224953
14,0.7262592911720276,0.6181383728981018,-0.04703735187649727
15,0.6881487369537354,0.6541628837585449,-0.041338495910167694
16,0.6659384965896606,0.6396051645278931,-0.03154296055436134
17,0.6587631702423096,0.5435962677001953,-0.03405674174427986
18,0.6979942321777344,0.6118139028549194,-0.04693682864308357
19,0.67368483543396,0.6387259364128113,-0.04028180241584778
20,0.6535359621047974,0.6274509429931641,-0.031675323843955994