0,0.27888786792755127,0.5402265787124634,3.311261309590918e-07
1,0.25827789306640625,0.4650934338569641,0.0033347969874739647
2,0.2742061913013458,0.4057455360889435,-0.002682149177417159
3,0.30960214138031006,0.3860763609409332,-0.010340913198888302
4,0.3417524993419647,0.390821635723114,-0.01725124754011631
5,0.2824529707431793,0.37279224395751953,-0.022904543206095695
6,0.2711177170276642,0.29015010595321655,-0.03812860697507858
7,0.26187875866889954,0.23952947556972504,-0.04690742865204811
8,0.25375255942344666,0.19784538447856903,-0.053214386105537415
9,0.3141404688358307,0.3821498453617096,-0.031666100025177
10,0.3339497745037079,0.2990553379058838,-0.04545453190803528
11,0.34668728709220886,0.2488449662923813,-0.05214404687285423
12,0.358030766248703,0.20687496662139893,-0.05672448128461838
13,0.3407001793384552,0.40875935554504395,-0.03847048804163933
14,0.3695986270904541,0.36578619480133057,-0.0508844219148159
15,0.3605268597602844,0.388405978679657,-0.04435518756508827
16,0.3475438058376312,0.41172558069229126,-0.03605697304010391
17,0.36414584517478943,0.44328072667121887,-0.04537642374634743
18,0.4018299877643585,0.40687504410743713,-0.059265945106744766
19,0.4278176426887512,0.38558685779571533,-0.058668170124292374
20,0.44784289598464966,0.3665085434913635,-0.05437471345067024