0,0.7958243489265442,0.6651581525802612,4.02696741730324e-07
1,0.8310436606407166,0.5858590006828308,0.01010948047041893
2,0.833380401134491,0.5106914639472961,0.009317123331129551
3,0.8190685510635376,0.4603610336780548,0.005352535285055637
4,0.8102693557739258,0.4287510812282562,-0.0012238022172823548
5,0.8135795593261719,0.45492106676101685,-0.01050854753702879
6,0.8174018263816833,0.34961798787117004,-0.022476520389318466
7,0.8162881731987,0.28520667552948,-0.0295620858669281
8,0.813012421131134,0.2358075976371765,-0.033797457814216614
9,0.778774619102478,0.45529770851135254,-0.023792700842022896
10,0.7716308236122131,0.33938124775886536,-0.03183063492178917
11,0.7622818350791931,0.2693367004394531,-0.03788639232516289
12,0.7529851794242859,0.2136949598789215,-0.04307280853390694
13,0.7422184944152832,0.47071516513824463,-0.035347942262887955
14,0.7318000793457031,0.36215656995773315,-0.042138513177633286
15,0.7204642295837402,0.3008650243282318,-0.05064544826745987
16,0.710332453250885,0.25492557883262634,-0.05812813714146614
17,0.707075297832489,0.4991099536418915,-0.04517665505409241
18,0.687438428401947,0.4356589913368225,-0.05280859023332596
19,0.6732925176620483,0.3952072560787201,-0.05597011372447014
20,0.6598469018936157,0.36243724822998047,-0.05797233060002327