0,0.6750983595848083,0.6954652667045593,4.895916845271131e-07
1,0.6952555775642395,0.6159879565238953,0.007661056704819202
2,0.6926480531692505,0.5285449624061584,0.002718695905059576
3,0.6697304844856262,0.4750216603279114,-0.0036531570367515087
4,0.6438300013542175,0.4487968683242798,-0.01351204514503479
5,0.7068807482719421,0.4899011254310608,-0.0230465866625309
6,0.7018016576766968,0.3776470422744751,-0.03779551759362221
7,0.7026348114013672,0.31768935918807983,-0.04517892003059387
8,0.7044503688812256,0.26940250396728516,-0.0486888624727726
9,0.6824249029159546,0.5003975033760071,-0.03774404525756836
10,0.6681281924247742,0.370648056268692,-0.049703266471624374
11,0.6628825664520264,0.30068039894104004,-0.05583366006612778
12,0.6595802903175354,0.24323680996894836,-0.058981988579034805
13,0.6503028273582458,0.5219579935073853,-0.04973042383790016
14,0.6171497106552124,0.4095463752746582,-0.06208561733365059
15,0.6041024923324585,0.3497467637062073,-0.06881607323884964
16,0.5996191501617432,0.29906100034713745,-0.07353948801755905
17,0.613528311252594,0.5531482100486755,-0.05961598455905914
18,0.5832809209823608,0.4950028359889984,-0.07015052437782288
19,0.5845378637313843,0.5117866396903992,-0.06434972584247589
20,0.5910642743110657,0.5315767526626587,-0.05875890702009201