0,0.7263121604919434,0.6994230151176453,-3.8267813806669437e-07
1,0.7814241647720337,0.7028895020484924,-0.008485613390803337
2,0.8344969749450684,0.6712389588356018,-0.013558606617152691
3,0.8754363059997559,0.6348479390144348,-0.022735457867383957
4,0.8725231289863586,0.5875651836395264,-0.029267331585288048
5,0.8232120275497437,0.581667423248291,0.008022273890674114
6,0.8626641035079956,0.5562232732772827,-0.015617330558598042
7,0.8560524582862854,0.6042320728302002,-0.02924661710858345
8,0.8373605012893677,0.6435568928718567,-0.03068714030086994
9,0.8130511045455933,0.5621519088745117,0.001583421602845192
10,0.8605398535728455,0.5394561290740967,-0.029025739058852196
11,0.8373708128929138,0.6007795929908752,-0.041581615805625916
12,0.8093405961990356,0.6380532383918762,-0.03951474651694298
13,0.7960812449455261,0.5409576892852783,-0.008740462362766266
14,0.8473135828971863,0.5215345025062561,-0.03738522529602051
15,0.8270902037620544,0.5813989639282227,-0.03854162618517876
16,0.7972744703292847,0.6183627247810364,-0.027410032227635384
17,0.7710116505622864,0.5196223258972168,-0.019719239324331284
18,0.7998327016830444,0.4506829082965851,-0.03160328045487404
19,0.823370635509491,0.4126620292663574,-0.030576778575778008
20,0.8441861271858215,0.37869295477867126,-0.02510897070169449