0,0.35235273838043213,0.784663200378418,-1.2910996360915306e-07
1,0.3342999815940857,0.7061394453048706,-0.005437755491584539
2,0.2917715609073639,0.6380383968353271,-0.010079693049192429
3,0.23644766211509705,0.6137633323669434,-0.012556971050798893
4,0.2002062201499939,0.6289176940917969,-0.013708083890378475
5,0.2544879913330078,0.6671180129051208,-0.018973277881741524
6,0.1956551969051361,0.6613491773605347,-0.027425944805145264
7,0.2127056121826172,0.6675667762756348,-0.03201410546898842
8,0.23494121432304382,0.6691292524337769,-0.03353610262274742
9,0.24332614243030548,0.7199684977531433,-0.01883447729051113
10,0.18734678626060486,0.7044083476066589,-0.021850381046533585
11,0.2064056545495987,0.70967698097229,-0.020591475069522858
12,0.22933226823806763,0.7162377834320068,-0.020132342353463173
13,0.23657391965389252,0.7682843804359436,-0.017728161066770554
14,0.19092074036598206,0.7493392825126648,-0.017222287133336067
15,0.20877191424369812,0.7513546943664551,-0.008739693090319633
16,0.22912490367889404,0.7568889260292053,-0.00455610454082489
17,0.23346823453903198,0.8115771412849426,-0.01691991649568081
18,0.20097100734710693,0.7861739993095398,-0.014660967513918877
19,0.21680514514446259,0.787211000919342,-0.005019955802708864
20,0.2321971207857132,0.7920864224433899,0.00192896812222898