0,0.43010494112968445,0.833794116973877,-1.295209415275167e-07
1,0.4882829189300537,0.7810003161430359,-0.0020884356927126646
2,0.5263859629631042,0.7056704759597778,-0.008072949945926666
3,0.5482061505317688,0.6477365493774414,-0.01780598610639572
4,0.5633648037910461,0.599568784236908,-0.024670764803886414
5,0.47497475147247314,0.5991036295890808,0.002152953529730439
6,0.5367549061775208,0.5824625492095947,-0.0215314868837595
7,0.5579211711883545,0.6381176114082336,-0.03739318996667862
8,0.5554519295692444,0.6814719438552856,-0.04394432529807091
9,0.4480423927307129,0.603956937789917,-0.008077194914221764
10,0.5219611525535583,0.5874677300453186,-0.028923673555254936
11,0.5476779341697693,0.6480820178985596,-0.0356159545481205
12,0.5481481552124023,0.692332923412323,-0.03526350110769272
13,0.4246141314506531,0.6264604330062866,-0.02101326920092106
14,0.49629950523376465,0.6056961417198181,-0.04123183712363243
15,0.5277853608131409,0.6580325961112976,-0.03843308240175247
16,0.5359286665916443,0.6979429721832275,-0.031132156029343605
17,0.40614500641822815,0.6661390662193298,-0.034562889486551285
18,0.4637729823589325,0.6544435620307922,-0.04876292124390602
19,0.4947671890258789,0.6838218569755554,-0.04490188881754875
20,0.5086255073547363,0.7097283601760864,-0.037231896072626114