0,0.5785014629364014,0.7383546829223633,-1.2505965685249976e-07
1,0.6357668042182922,0.7625242471694946,-0.0037593042943626642
2,0.6900694966316223,0.7590898275375366,-0.010595457628369331
3,0.7295282483100891,0.7508928179740906,-0.02039293572306633
4,0.7551184296607971,0.7261791825294495,-0.02582530491054058
5,0.721208393573761,0.6288169622421265,0.0029219724237918854
6,0.7624058723449707,0.6721333861351013,-0.020001152530312538
7,0.7317599058151245,0.7119015455245972,-0.030724575743079185
8,0.7071272730827332,0.7138986587524414,-0.03400131314992905
9,0.709936797618866,0.6047247648239136,-0.00579623831436038
10,0.7526204586029053,0.6709415316581726,-0.0271034874022007
11,0.7129418849945068,0.7104811668395996,-0.029704127460718155
12,0.6908697485923767,0.7016152739524841,-0.026762954890727997
13,0.6940654516220093,0.5930848121643066,-0.017678340896964073
14,0.7309440970420837,0.6702919602394104,-0.0399894155561924
15,0.6907045841217041,0.7017868757247925,-0.03257900848984718
16,0.6684013605117798,0.687855064868927,-0.02198975719511509
17,0.673615038394928,0.5926985144615173,-0.030059687793254852
18,0.704774022102356,0.6606808304786682,-0.04132181033492088
19,0.6787973046302795,0.6868765354156494,-0.03280450031161308
20,0.659460186958313,0.6742581725120544,-0.023124191910028458