0,0.7304276823997498,0.8288130164146423,4.482957116636044e-09
1,0.7358691096305847,0.7825108766555786,-0.00826302170753479
2,0.7531351447105408,0.7315992712974548,-0.024012019857764244
3,0.7717767357826233,0.7045240998268127,-0.03803019970655441
4,0.7910091280937195,0.717334508895874,-0.05028871074318886
5,0.7544676661491394,0.7691745162010193,-0.04636114463210106
6,0.8164064288139343,0.7483356595039368,-0.06552685797214508
7,0.8267770409584045,0.7409794926643372,-0.07060296088457108
8,0.8187698125839233,0.7425293922424316,-0.06965959817171097
9,0.757408082485199,0.8053940534591675,-0.04979414492845535
10,0.8299591541290283,0.7875059247016907,-0.06739860028028488
11,0.8338909149169922,0.7804856300354004,-0.06404456496238708
12,0.819074273109436,0.7799937725067139,-0.058179181069135666
13,0.7620466351509094,0.8397044539451599,-0.05189432576298714
14,0.8289595246315002,0.8249368071556091,-0.06349358707666397
15,0.8272781372070312,0.816758930683136,-0.05118175968527794
16,0.8114344477653503,0.813701868057251,-0.03984522819519043
17,0.7653586864471436,0.8693361878395081,-0.05415656417608261
18,0.8152009844779968,0.8555427193641663,-0.05902676656842232
19,0.8140294551849365,0.84898841381073,-0.048141781240701675
20,0.8014635443687439,0.847734808921814,-0.03862540051341057