0,0.7717980742454529,0.7523576021194458,-3.9099899140637717e-07
1,0.7110621929168701,0.7212056517601013,-0.0018571665277704597
2,0.6671826839447021,0.6611500978469849,-0.004589600022882223
3,0.6539611220359802,0.6041370034217834,-0.012388521805405617
4,0.6716897487640381,0.5723406076431274,-0.018231423571705818
5,0.7004865407943726,0.5751333832740784,0.014215070754289627
6,0.6769185066223145,0.5319998860359192,-0.006732420064508915
7,0.6579548716545105,0.5637598037719727,-0.02074253372848034
8,0.6441543102264404,0.595788836479187,-0.025672663003206253
9,0.7247335314750671,0.5658993124961853,0.005640072748064995
10,0.6975997686386108,0.5358403921127319,-0.021707046777009964
11,0.6769804358482361,0.5799258947372437,-0.037642210721969604
12,0.664345383644104,0.6175201535224915,-0.04181143641471863
13,0.7528525590896606,0.5631476044654846,-0.0060021718963980675
14,0.7257667183876038,0.5365698337554932,-0.034902628511190414
15,0.7041572332382202,0.5865142345428467,-0.042613353580236435
16,0.6928618550300598,0.6292011737823486,-0.038463108241558075
17,0.7816616296768188,0.5649702548980713,-0.01749475859105587
18,0.7880813479423523,0.49704915285110474,-0.03277531638741493
19,0.7890725135803223,0.45221254229545593,-0.03755611926317215
20,0.7867743968963623,0.4121333658695221,-0.03690142184495926