0,0.5285500884056091,0.597934365272522,2.7641763722385804e-07
1,0.5589261054992676,0.5337561964988708,0.01579863391816616
2,0.5623977780342102,0.4834875762462616,0.016416965052485466
3,0.5457131266593933,0.4515325129032135,0.012460939586162567
4,0.5270422101020813,0.43310391902923584,0.007554142735898495
5,0.5734360218048096,0.44383302330970764,-0.005015568807721138
6,0.5940374732017517,0.3768724501132965,-0.017359236255288124
7,0.6058934330940247,0.33042919635772705,-0.023878691717982292
8,0.6154555082321167,0.2989814579486847,-0.02552638202905655
9,0.5447695851325989,0.4369122087955475,-0.018060337752103806
10,0.5343877077102661,0.35215920209884644,-0.028639599680900574
11,0.5309687256813049,0.30274856090545654,-0.03364265710115433
12,0.5289828777313232,0.26557064056396484,-0.035763662308454514
13,0.5149037837982178,0.4451548755168915,-0.028616394847631454
14,0.49375954270362854,0.4114142060279846,-0.03796336054801941
15,0.49511533975601196,0.4353255033493042,-0.03786115348339081
16,0.4977108836174011,0.45645982027053833,-0.03433782607316971
17,0.4849854111671448,0.4584597051143646,-0.037587836384773254
18,0.4636382758617401,0.4072243571281433,-0.04446565359830856
19,0.448444664478302,0.37441107630729675,-0.043470483273267746
20,0.4357297122478485,0.3454989790916443,-0.040490731596946716