0,0.13773038983345032,0.858720600605011,-1.3048298797002644e-07
1,0.20264942944049835,0.814485490322113,0.0241363774985075
2,0.2685481905937195,0.8339845538139343,0.031018733978271484
3,0.3068498969078064,0.8731456398963928,0.029998376965522766
4,0.32453590631484985,0.9172950983047485,0.03075137734413147
5,0.32259830832481384,0.8414252400398254,0.03400539606809616
6,0.3708738088607788,0.9014677405357361,0.03266526013612747
7,0.3590884208679199,0.9308193922042847,0.028417782858014107
8,0.33978113532066345,0.9360048174858093,0.026483939960598946
9,0.318493515253067,0.8861202597618103,0.01780414953827858
10,0.35918134450912476,0.9480037093162537,0.02553948201239109
11,0.3451539874076843,0.9693328738212585,0.02424793876707554
12,0.32631877064704895,0.9673715233802795,0.02084665559232235
13,0.30595526099205017,0.9329792857170105,0.0020117522217333317
14,0.3440411686897278,0.9874346852302551,0.014299062080681324
15,0.33194541931152344,1.0006859302520752,0.020229073241353035
16,0.3155031204223633,0.9931451678276062,0.0203856248408556
17,0.28795233368873596,0.9750180840492249,-0.013356512412428856
18,0.320136696100235,1.0205696821212769,0.0040753670036792755
19,0.3125301003456116,1.0300590991973877,0.016815682873129845
20,0.2997577488422394,1.0246124267578125,0.02376934513449669