0,0.5951438546180725,0.8797662258148193,2.2855361692109e-07
1,0.600905179977417,0.7799558639526367,0.00634043850004673
2,0.5671689510345459,0.6898768544197083,-0.00013321741425897926
3,0.5189733505249023,0.6633522510528564,-0.007561288774013519
4,0.47566986083984375,0.6726539134979248,-0.01691337302327156
5,0.5692774653434753,0.6548678278923035,-0.026192557066679
6,0.5299555659294128,0.541181206703186,-0.03745148330926895
7,0.5080124139785767,0.48241424560546875,-0.040342532098293304
8,0.48920175433158875,0.4364084303379059,-0.04179662838578224
9,0.5288218259811401,0.6896927356719971,-0.0369672067463398
10,0.4643670320510864,0.5862574577331543,-0.052446819841861725
11,0.4747687578201294,0.6146260499954224,-0.04822814092040062
12,0.4957900941371918,0.6488474011421204,-0.041062694042921066
13,0.49255049228668213,0.7300028204917908,-0.0443226583302021
14,0.4403032064437866,0.6284229755401611,-0.05132682994008064
15,0.4532054662704468,0.644336462020874,-0.03630876541137695
16,0.4694221615791321,0.6707176566123962,-0.024260928854346275
17,0.46293917298316956,0.7686590552330017,-0.05063766613602638
18,0.4276857376098633,0.6843001246452332,-0.0492820218205452
19,0.44167688488960266,0.6865904927253723,-0.03232291713356972
20,0.4560241401195526,0.7056097388267517,-0.01894189789891243