0,0.5935600399971008,0.7598477602005005,2.9722968974965625e-07
1,0.65638667345047,0.7738223075866699,-0.010521727614104748
2,0.7278400659561157,0.7377806901931763,-0.017245128750801086
3,0.7801994681358337,0.7185066342353821,-0.026268305256962776
4,0.821351945400238,0.7051788568496704,-0.03557833284139633
5,0.7479975819587708,0.6155373454093933,-0.005190082360059023
6,0.7919819355010986,0.5548402667045593,-0.026848750188946724
7,0.8289391994476318,0.5320581197738647,-0.04535605385899544
8,0.862022340297699,0.521450936794281,-0.05787206068634987
9,0.7279403209686279,0.5988447666168213,-0.015505343675613403
10,0.7753087282180786,0.5318091511726379,-0.03544927015900612
11,0.8196189403533936,0.5167832970619202,-0.05131472274661064
12,0.8602288961410522,0.5135399103164673,-0.061767153441905975
13,0.700708270072937,0.596765398979187,-0.029268011450767517
14,0.7470115423202515,0.5315948724746704,-0.05062699317932129
15,0.7921329736709595,0.5204457640647888,-0.06142142042517662
16,0.8340395092964172,0.5189526081085205,-0.06746242195367813
17,0.6680205464363098,0.6078243851661682,-0.04450640082359314
18,0.7034463882446289,0.5580175518989563,-0.06290312111377716
19,0.7333548665046692,0.5358470678329468,-0.06900005787611008
20,0.7607246041297913,0.5229994654655457,-0.07213324308395386