0,0.35891222953796387,0.7489625811576843,-5.422002118393721e-07
1,0.42577069997787476,0.7408257126808167,-0.011254394426941872
2,0.4848499298095703,0.6974651217460632,-0.016871633008122444
3,0.5182080864906311,0.6446236968040466,-0.025670761242508888
4,0.5037732124328613,0.6030600070953369,-0.031184671446681023
5,0.4684028625488281,0.5820639133453369,-0.0017850922886282206
6,0.5043911337852478,0.5531085729598999,-0.02432498335838318
7,0.4911746680736542,0.6105329394340515,-0.03407168388366699
8,0.47163257002830505,0.6431950926780701,-0.03422127291560173
9,0.4429251551628113,0.566145122051239,-0.007183396723121405
10,0.47782501578330994,0.5414910316467285,-0.03670668601989746
11,0.4612302780151367,0.6148660778999329,-0.045735809952020645
12,0.43966159224510193,0.6550662517547607,-0.042826008051633835
13,0.4125704765319824,0.5539064407348633,-0.016375571489334106
14,0.4491260349750519,0.5356957912445068,-0.047834254801273346
15,0.439851850271225,0.6075682044029236,-0.0507795475423336
16,0.4202960729598999,0.6524654626846313,-0.041562508791685104
17,0.37796691060066223,0.5465940237045288,-0.025906266644597054
18,0.385333776473999,0.46593305468559265,-0.042179204523563385
19,0.39516595005989075,0.41728463768959045,-0.04583952948451042
20,0.40408098697662354,0.37121152877807617,-0.04389612749218941