0,-0.0074490755796432495,0.5300574898719788,-2.3747249144889793e-07
1,0.008172713220119476,0.4461135268211365,0.0003967575612477958
2,0.05649029091000557,0.3821730315685272,-0.008565407246351242
3,0.1151965856552124,0.35240596532821655,-0.017892464995384216
4,0.1608322709798813,0.3473116457462311,-0.02314036898314953
5,0.08177661150693893,0.34858015179634094,-0.021851077675819397
6,0.16116811335086823,0.38226228952407837,-0.03611539676785469
7,0.14053495228290558,0.41113999485969543,-0.039341215044260025
8,0.11356772482395172,0.4119819104671478,-0.04008058086037636
9,0.09547953307628632,0.3952213227748871,-0.031336668878793716
10,0.16975179314613342,0.43820786476135254,-0.037165217101573944
11,0.14675180613994598,0.45963823795318604,-0.03267517685890198
12,0.12009988725185394,0.4521214962005615,-0.03141798824071884
13,0.10616028308868408,0.4520527720451355,-0.040149081498384476
14,0.16976982355117798,0.489916056394577,-0.04295582324266434
15,0.14491599798202515,0.5064530968666077,-0.028624439612030983
16,0.11957123875617981,0.4994172155857086,-0.021711129695177078
17,0.11294294893741608,0.5114391446113586,-0.04905977100133896
18,0.16428542137145996,0.5340930223464966,-0.04834509268403053
19,0.13990230858325958,0.547846794128418,-0.03414440527558327
20,0.11606691777706146,0.5453171133995056,-0.024691995233297348