0,0.5453859567642212,0.7601621150970459,3.3420232625758217e-07
1,0.6146571040153503,0.7481095790863037,-0.018442293629050255
2,0.6798512935638428,0.6844785213470459,-0.029464315623044968
3,0.7246665358543396,0.6380887031555176,-0.040949124842882156
4,0.7646864652633667,0.6079487204551697,-0.05417178198695183
5,0.6673217415809631,0.5732946991920471,-0.02563144452869892
6,0.6975840926170349,0.49028104543685913,-0.05208190158009529
7,0.7232363224029541,0.44306522607803345,-0.07250107824802399
8,0.7481273412704468,0.4060702919960022,-0.08718221634626389
9,0.6377583146095276,0.5627654194831848,-0.03496800735592842
10,0.6681908369064331,0.4746953248977661,-0.05955779552459717
11,0.6992840766906738,0.42713141441345215,-0.0781092494726181
12,0.7293603420257568,0.38775065541267395,-0.09123362600803375
13,0.6028851866722107,0.5722174644470215,-0.047384317964315414
14,0.6243860721588135,0.48171064257621765,-0.0730050578713417
15,0.6511968970298767,0.4350583553314209,-0.08807305246591568
16,0.6791490316390991,0.3935201168060303,-0.09830830246210098
17,0.5643467903137207,0.5981947183609009,-0.06137715280056
18,0.5665906667709351,0.5346720814704895,-0.08645346760749817
19,0.5751833319664001,0.4928157925605774,-0.09798695147037506
20,0.5856509804725647,0.45355427265167236,-0.10535094141960144