0,0.2374275028705597,0.6094790697097778,-6.21911794951302e-07
1,0.18117687106132507,0.6140878200531006,-0.002800406888127327
2,0.13965512812137604,0.5876924395561218,-0.007876233197748661
3,0.11101019382476807,0.5568789839744568,-0.017731813713908195
4,0.1063527911901474,0.5176095962524414,-0.02455816976726055
5,0.1672378033399582,0.4650150239467621,0.022110017016530037
6,0.12689122557640076,0.4644720256328583,0.0014910948229953647
7,0.12943615019321442,0.5108393430709839,-0.016029179096221924
8,0.1502392590045929,0.5493673086166382,-0.02491827867925167
9,0.179643452167511,0.4475957751274109,0.014492516405880451
10,0.12427219748497009,0.46042993664741516,-0.007968342863023281
11,0.13336056470870972,0.5182770490646362,-0.019184863194823265
12,0.15865802764892578,0.5518832206726074,-0.020437559112906456
13,0.19177906215190887,0.43565481901168823,0.0026514683850109577
14,0.12902970612049103,0.45981961488723755,-0.019669951871037483
15,0.14014114439487457,0.517280101776123,-0.020336203277111053
16,0.1686745584011078,0.5499430298805237,-0.013648667372763157
17,0.20245704054832458,0.4342772364616394,-0.010566750541329384
18,0.14345583319664001,0.46759140491485596,-0.028563866391777992
19,0.14183546602725983,0.512989342212677,-0.029897576197981834
20,0.1584961712360382,0.5430788397789001,-0.024580666795372963