0,0.4270099401473999,0.7779231071472168,-3.8607922192568367e-07
1,0.431443452835083,0.6765286326408386,-0.004101352766156197
2,0.47428035736083984,0.6189641952514648,-0.005126529838889837
3,0.5266968011856079,0.6001120805740356,-0.00481123011559248
4,0.5628365278244019,0.6022168397903442,-0.00222809542901814
5,0.5498501062393188,0.642901599407196,0.0005610492080450058
6,0.5505175590515137,0.6338861584663391,0.0064001018181443214
7,0.5249230265617371,0.641164243221283,0.007865669205784798
8,0.5082822442054749,0.6525901556015015,0.007194201927632093
9,0.562006950378418,0.6958858966827393,0.0013222625711932778
10,0.5511423945426941,0.681987464427948,0.012392389588057995
11,0.5306801795959473,0.6871842741966248,0.01445020455867052
12,0.5146804451942444,0.6996750831604004,0.012449447996914387
13,0.5605138540267944,0.7459786534309387,0.0025753185618668795
14,0.5519348382949829,0.7284178137779236,0.010234430432319641
15,0.5345140695571899,0.73090660572052,0.01341835968196392
16,0.5172039270401001,0.7404593229293823,0.012404218316078186
17,0.5532991290092468,0.7896214723587036,0.0033755844924598932
18,0.5445444583892822,0.7710205316543579,0.009823729284107685
19,0.5287884473800659,0.7716560363769531,0.016158174723386765
20,0.5155075788497925,0.7789564728736877,0.020395878702402115