0,0.012386217713356018,0.7447340488433838,-3.1280458756555163e-07
1,0.07083453238010406,0.7193294763565063,-0.02639778144657612
2,0.11806631088256836,0.6608042120933533,-0.03840884193778038
3,0.11445823311805725,0.5901410579681396,-0.04985325038433075
4,0.07477520406246185,0.5517794489860535,-0.05761213228106499
5,0.10172466933727264,0.5690506100654602,-0.008830755017697811
6,0.11226215958595276,0.5119222402572632,-0.03946206346154213
7,0.10110979527235031,0.5681991577148438,-0.058916352689266205
8,0.0948190838098526,0.614547848701477,-0.06696683913469315
9,0.05986211076378822,0.5598590970039368,-0.007270677015185356
10,0.06520432233810425,0.5104734897613525,-0.04230474308133125
11,0.06157996505498886,0.5841776728630066,-0.05506763234734535
12,0.05789707601070404,0.636619508266449,-0.054251778870821
13,0.02105492167174816,0.5619956254959106,-0.01076757162809372
14,0.02462148852646351,0.5195190906524658,-0.046509817242622375
15,0.030856642872095108,0.5903069376945496,-0.04522603377699852
16,0.03118846006691456,0.6421246528625488,-0.033388651907444
17,-0.016849737614393234,0.57403165102005,-0.016102224588394165
18,-0.006757020950317383,0.5416341423988342,-0.04207220673561096
19,0.0023706071078777313,0.5916481018066406,-0.03900475427508354
20,0.0047191716730594635,0.631787896156311,-0.028515649959445