0,0.6422005891799927,0.379800409078598,-3.271416915140435e-07
1,0.7017012238502502,0.3771357536315918,-0.008223067037761211
2,0.756036102771759,0.33003169298171997,-0.008907920680940151
3,0.7913134098052979,0.2826021611690521,-0.012332540936768055
4,0.7783075571060181,0.24572408199310303,-0.013855348341166973
5,0.7351225018501282,0.24306374788284302,0.007080206647515297
6,0.7655675411224365,0.20656117796897888,-0.010044559836387634
7,0.7618579864501953,0.2515105903148651,-0.020050279796123505
8,0.7458872199058533,0.2909218370914459,-0.020835300907492638
9,0.717592716217041,0.22678330540657043,0.002628031652420759
10,0.7504943013191223,0.18630307912826538,-0.021321767941117287
11,0.7417739629745483,0.24611106514930725,-0.03368377313017845
12,0.7224976420402527,0.2899509072303772,-0.034170158207416534
13,0.6925868988037109,0.20884422957897186,-0.005335858091711998
14,0.7312862873077393,0.1781952977180481,-0.03223149850964546
15,0.7245001792907715,0.23792822659015656,-0.04010157287120819
16,0.7028397917747498,0.2816965579986572,-0.03517324477434158
17,0.6608325242996216,0.19086351990699768,-0.013225081376731396
18,0.6740930676460266,0.11028449237346649,-0.02728361450135708
19,0.6905677318572998,0.06276944279670715,-0.03348797559738159
20,0.703948974609375,0.020970404148101807,-0.0346074141561985