0,0.34007182717323303,0.8259246349334717,6.781985462112061e-08
1,0.407128244638443,0.7624981999397278,-0.00629575876519084
2,0.45047956705093384,0.6948502659797668,-0.02559075690805912
3,0.4776327610015869,0.6424965858459473,-0.05115051195025444
4,0.4647009074687958,0.6335767507553101,-0.07730031758546829
5,0.3883884847164154,0.5620805025100708,-0.025548771023750305
6,0.41307663917541504,0.48121219873428345,-0.052391622215509415
7,0.4315033257007599,0.423566997051239,-0.06796777248382568
8,0.44579222798347473,0.37702077627182007,-0.07911642640829086
9,0.3478434085845947,0.5740896463394165,-0.04318844899535179
10,0.4357548654079437,0.6045971512794495,-0.0781027227640152
11,0.44329026341438293,0.6770784854888916,-0.08138807862997055
12,0.4268946647644043,0.6976359486579895,-0.07889412343502045
13,0.3210834562778473,0.6129471659660339,-0.06174569949507713
14,0.4163755476474762,0.6519178748130798,-0.0955079048871994
15,0.41878199577331543,0.7084806561470032,-0.08491160720586777
16,0.40122994780540466,0.7227562665939331,-0.0726700946688652
17,0.3044552206993103,0.663508415222168,-0.08211514353752136
18,0.38179972767829895,0.6856136918067932,-0.10163190960884094
19,0.3974955081939697,0.7248964309692383,-0.09088663011789322
20,0.39316707849502563,0.7409131526947021,-0.07918933779001236