0,0.714235246181488,0.7247072458267212,3.9528879369754577e-07
1,0.7007502317428589,0.6703053116798401,0.001012474880553782
2,0.6847605109214783,0.6146630644798279,-0.0049469745717942715
3,0.655665397644043,0.585203230381012,-0.01360840629786253
4,0.6330955028533936,0.5624821782112122,-0.02070428803563118
5,0.7265409827232361,0.5559929609298706,-0.006515136454254389
6,0.7298839688301086,0.4839977025985718,-0.022806808352470398
7,0.7366161346435547,0.4355970025062561,-0.03251400217413902
8,0.7440670132637024,0.39917728304862976,-0.03643690422177315
9,0.7156656384468079,0.5582845211029053,-0.015562374144792557
10,0.6954098343849182,0.4714788794517517,-0.03222810849547386
11,0.6863648891448975,0.41865241527557373,-0.04107771813869476
12,0.6794928312301636,0.374233603477478,-0.04538359120488167
13,0.6993357539176941,0.5718483328819275,-0.02500939555466175
14,0.6511743068695068,0.5352157950401306,-0.04366803914308548
15,0.6379971504211426,0.5630931854248047,-0.046050649136304855
16,0.6362772583961487,0.587283730506897,-0.04197922721505165
17,0.6752446293830872,0.5877000689506531,-0.03446267172694206
18,0.6479515433311462,0.5354284048080444,-0.047278616577386856
19,0.6293768286705017,0.5081431865692139,-0.04921511933207512
20,0.6156790852546692,0.48015427589416504,-0.04843686521053314