0,0.5330804586410522,0.8207047581672668,-4.46545669774423e-07
1,0.46908992528915405,0.7988649010658264,-0.007088252808898687
2,0.41054701805114746,0.7495313286781311,-0.015588274225592613
3,0.3729966878890991,0.7017701864242554,-0.027699047699570656
4,0.3930020034313202,0.6761155128479004,-0.03473702818155289
5,0.4411984980106354,0.6455709934234619,0.011315683834254742
6,0.4032030403614044,0.6110963225364685,-0.011662320233881474
7,0.40355968475341797,0.6663967967033386,-0.02390904724597931
8,0.4147002696990967,0.6956130862236023,-0.028070295229554176
9,0.46421098709106445,0.6383154392242432,0.004583821166306734
10,0.4242899715900421,0.6086369752883911,-0.03134133294224739
11,0.4239138662815094,0.6730981469154358,-0.044434987008571625
12,0.43630555272102356,0.7160219550132751,-0.0423009879887104
13,0.4890139102935791,0.6348268389701843,-0.006028284318745136
14,0.4492415487766266,0.6083581447601318,-0.03472782298922539
15,0.43187403678894043,0.6637073755264282,-0.03781116008758545
16,0.42917555570602417,0.7056008577346802,-0.029527883976697922
17,0.5139431953430176,0.6383417248725891,-0.017487209290266037
18,0.5049536824226379,0.5753456354141235,-0.028561152517795563
19,0.49611955881118774,0.5352048277854919,-0.032669518142938614
20,0.4884732663631439,0.49786457419395447,-0.03192518651485443