0,0.7694105505943298,0.6465669870376587,-3.4478642874091747e-07
1,0.7150396108627319,0.6253809928894043,-0.014104577712714672
2,0.6608704328536987,0.5627927184104919,-0.021509427577257156
3,0.6440426111221313,0.49274393916130066,-0.03076331503689289
4,0.6831842660903931,0.4610491394996643,-0.03514479100704193
5,0.6865971088409424,0.4708718955516815,0.00332685187458992
6,0.6624778509140015,0.4218399226665497,-0.017940470948815346
7,0.6660075783729553,0.4741198420524597,-0.027076469734311104
8,0.6763986945152283,0.5002172589302063,-0.030412035062909126
9,0.717446506023407,0.45780307054519653,0.0014296177541837096
10,0.6957801580429077,0.4152035713195801,-0.03036111779510975
11,0.6941646337509155,0.4831911623477936,-0.037771474570035934
12,0.6999859809875488,0.5216169953346252,-0.03428829461336136
13,0.7514212727546692,0.4535778760910034,-0.005245475098490715
14,0.7301589250564575,0.4125756621360779,-0.03739786148071289
15,0.7133073806762695,0.4777805209159851,-0.03855398669838905
16,0.7066448330879211,0.5240155458450317,-0.029238218441605568
17,0.7857258319854736,0.4556731581687927,-0.012921486049890518
18,0.7967650294303894,0.3855530023574829,-0.03256174921989441
19,0.8031151294708252,0.339493989944458,-0.04074551537632942
20,0.8063809871673584,0.2905285656452179,-0.042586807161569595