0,0.7623710036277771,0.8034943342208862,3.0746866741537815e-07
1,0.7838671803474426,0.7147904634475708,0.012308823876082897
2,0.7782413363456726,0.635873556137085,0.0067419023253023624
3,0.7478443384170532,0.5867910981178284,-0.0009654750465415418
4,0.7175077795982361,0.5656506419181824,-0.011999293230473995
5,0.7867266535758972,0.6061837077140808,-0.03350255265831947
6,0.7732360363006592,0.48969417810440063,-0.05060413479804993
7,0.7650785446166992,0.4244192838668823,-0.057363882660865784
8,0.7572304606437683,0.374533474445343,-0.06052819639444351
9,0.7589793801307678,0.6246638894081116,-0.04922078549861908
10,0.7362124919891357,0.5033159852027893,-0.0625196024775505
11,0.7185369729995728,0.4338492155075073,-0.06812793016433716
12,0.7027996778488159,0.3807651996612549,-0.07312170416116714
13,0.7250123620033264,0.6507996916770935,-0.06147485598921776
14,0.6943225264549255,0.5376916527748108,-0.07270309329032898
15,0.6719912886619568,0.4748572111129761,-0.0825342908501625
16,0.6555787920951843,0.42669957876205444,-0.0908183753490448
17,0.688930332660675,0.6824084520339966,-0.07086386531591415
18,0.6433714628219604,0.6175724267959595,-0.08256711810827255
19,0.6158589720726013,0.583335280418396,-0.08812926709651947
20,0.5933148860931396,0.5540217161178589,-0.09190855920314789