0,0.35196879506111145,0.82073575258255,7.810635338501015e-07
1,0.3718401789665222,0.7217608690261841,0.0030278749763965607
2,0.34457001090049744,0.6433823704719543,-0.003570111468434334
3,0.2950230836868286,0.6356568932533264,-0.009286731481552124
4,0.24885869026184082,0.6476287841796875,-0.019105214625597
5,0.3465276062488556,0.6028650403022766,-0.03171008825302124
6,0.3268820345401764,0.483814001083374,-0.04158787056803703
7,0.31657496094703674,0.4213934540748596,-0.0453592874109745
8,0.30518782138824463,0.3713267743587494,-0.046671006828546524
9,0.29968976974487305,0.6209476590156555,-0.04050338640809059
10,0.2683603763580322,0.4980961084365845,-0.04607313498854637
11,0.24757139384746552,0.4287848174571991,-0.050732050091028214
12,0.22920632362365723,0.37866145372390747,-0.053187914192676544
13,0.2582213282585144,0.6504977941513062,-0.046124640852212906
14,0.22204437851905823,0.5503972768783569,-0.05379787087440491
15,0.2005988210439682,0.4783109724521637,-0.07167063653469086
16,0.17988181114196777,0.42627543210983276,-0.08618694543838501
17,0.22911137342453003,0.6861149668693542,-0.04937581345438957
18,0.24469351768493652,0.6422243714332581,-0.057882245630025864
19,0.26856738328933716,0.6547448635101318,-0.06017520651221275
20,0.2851337194442749,0.6757652163505554,-0.06144924834370613