0,0.8668161034584045,0.7294700741767883,-3.3580968761270924e-07
1,0.809953510761261,0.7008795738220215,-0.014851587824523449
2,0.7628278136253357,0.6285887360572815,-0.022899555042386055
3,0.7669581174850464,0.5585058927536011,-0.03255157917737961
4,0.8167209625244141,0.5416696667671204,-0.037265755236148834
5,0.7941834926605225,0.5437872409820557,-5.030720421927981e-05
6,0.7752852439880371,0.4939426779747009,-0.021783724427223206
7,0.775709867477417,0.5499245524406433,-0.032022733241319656
8,0.7827914357185364,0.575778067111969,-0.036787573248147964
9,0.8276017904281616,0.5365829467773438,-0.0018692328594624996
10,0.812302827835083,0.4931347668170929,-0.03251565620303154
11,0.8061599135398865,0.5596721172332764,-0.03952845558524132
12,0.8083022832870483,0.5926488041877747,-0.036635324358940125
13,0.8613390326499939,0.5387620329856873,-0.008345574140548706
14,0.8493193984031677,0.49872341752052307,-0.038563527166843414
15,0.832508385181427,0.5652090907096863,-0.03755044564604759
16,0.8250934481620789,0.6108647584915161,-0.027522427961230278
17,0.8947752118110657,0.5474358201026917,-0.016292057931423187
18,0.9105610847473145,0.4844053387641907,-0.035670943558216095
19,0.9233706593513489,0.4419468641281128,-0.043043352663517
20,0.9342799782752991,0.3943139612674713,-0.04418967291712761