0,0.8341041803359985,0.510201096534729,-5.710512596124317e-07
1,0.7688779830932617,0.492296040058136,-0.01569207012653351
2,0.7012215852737427,0.43184590339660645,-0.020860718563199043
3,0.684869110584259,0.3711106777191162,-0.026990186423063278
4,0.7315707802772522,0.3624323606491089,-0.027784941717982292
5,0.7395556569099426,0.3247082233428955,0.0032525365240871906
6,0.7184353470802307,0.30580273270606995,-0.02075510285794735
7,0.7286965847015381,0.3692490756511688,-0.031183354556560516
8,0.7355251312255859,0.3705313503742218,-0.03704148903489113
9,0.7781332731246948,0.3153180480003357,-0.0017949133180081844
10,0.7590241432189941,0.30349966883659363,-0.026840191334486008
11,0.7676460146903992,0.3749478757381439,-0.023647421970963478
12,0.7770512104034424,0.37078621983528137,-0.01466673519462347
13,0.8162274956703186,0.31749993562698364,-0.012929530814290047
14,0.7994702458381653,0.3074639141559601,-0.03641200810670853
15,0.8019084930419922,0.3754502534866333,-0.020184868946671486
16,0.8094002604484558,0.3737013339996338,-0.0028030830435454845
17,0.855887234210968,0.32920360565185547,-0.026875590905547142
18,0.8377499580383301,0.3147137761116028,-0.03396816924214363
19,0.8339045643806458,0.36526089906692505,-0.01895713433623314
20,0.839613676071167,0.3722091615200043,-0.004970853682607412