0,0.6184147000312805,0.6100029945373535,-2.4896166905818973e-07
1,0.6046291589736938,0.5495743155479431,-0.0007325567421503365
2,0.5724426507949829,0.4822883903980255,-0.006510362960398197
3,0.5372630953788757,0.4414767026901245,-0.01260535791516304
4,0.5052870512008667,0.4270820617675781,-0.01736626960337162
5,0.5672236680984497,0.45315730571746826,-0.019251897931098938
6,0.49425071477890015,0.4648289978504181,-0.039308588951826096
7,0.5081450343132019,0.48995113372802734,-0.04661860689520836
8,0.5281400680541992,0.4879494905471802,-0.048597365617752075
9,0.5642380714416504,0.4883897304534912,-0.026866490021348
10,0.4892827868461609,0.5027027130126953,-0.04459340497851372
11,0.5068314671516418,0.5201746225357056,-0.04159623011946678
12,0.5271291732788086,0.5170323848724365,-0.03808102756738663
13,0.5583192110061646,0.5298860669136047,-0.03508400917053223
14,0.49077555537223816,0.5426056385040283,-0.05099273845553398
15,0.5084269046783447,0.5584391951560974,-0.039574041962623596
16,0.5288036465644836,0.5558698177337646,-0.029791027307510376
17,0.5510414242744446,0.5733940005302429,-0.043248411267995834
18,0.49976855516433716,0.5794897675514221,-0.05413481220602989
19,0.5148859620094299,0.5907484889030457,-0.04760749638080597
20,0.5329274535179138,0.5891571044921875,-0.040389034897089005