0,0.008745234459638596,0.7386276721954346,-2.893390842473309e-07
1,0.06357496976852417,0.7148775458335876,-0.03001159057021141
2,0.1074645072221756,0.6589620113372803,-0.04416524991393089
3,0.11050012707710266,0.5916351079940796,-0.05762454867362976
4,0.07699786871671677,0.5422985553741455,-0.06729664653539658
5,0.09972038865089417,0.5561916828155518,-0.010594012215733528
6,0.11168819665908813,0.5027042031288147,-0.0435483455657959
7,0.09571763128042221,0.555472195148468,-0.06476244330406189
8,0.08598137646913528,0.6021474003791809,-0.07298977673053741
9,0.057679809629917145,0.5435969829559326,-0.007326752413064241
10,0.06254635751247406,0.5041552186012268,-0.04527181014418602
11,0.054471276700496674,0.5813135504722595,-0.05926835164427757
12,0.04878658801317215,0.6377002000808716,-0.058269813656806946
13,0.017579715698957443,0.5438647866249084,-0.009710317477583885
14,0.02249993197619915,0.505440354347229,-0.048316117376089096
15,0.025898469612002373,0.580890953540802,-0.04867171496152878
16,0.024870214983820915,0.640548586845398,-0.03679053112864494
17,-0.020839352160692215,0.5546535849571228,-0.014201238751411438
18,-0.01021832600235939,0.5225306749343872,-0.04360818490386009
19,-0.0028407983481884003,0.5753710865974426,-0.042741868644952774
20,-0.000735890120267868,0.6218738555908203,-0.03259692341089249