0,0.7076080441474915,0.7200045585632324,-3.785353044349904e-07
1,0.7580534815788269,0.7235502004623413,-0.00914610456675291
2,0.806748628616333,0.6903160810470581,-0.01370320376008749
3,0.8449443578720093,0.6552095413208008,-0.021885856986045837
4,0.8468183875083923,0.6068642139434814,-0.027276841923594475
5,0.790420651435852,0.6050474047660828,0.006701359059661627
6,0.8303543329238892,0.5778900384902954,-0.015749890357255936
7,0.8245343565940857,0.6246773600578308,-0.028893612325191498
8,0.8053987622261047,0.66142737865448,-0.030332358554005623
9,0.7821944355964661,0.5879943370819092,0.0009103071643039584
10,0.8302624225616455,0.5650744438171387,-0.028571266680955887
11,0.8135823607444763,0.6245156526565552,-0.0420353077352047
12,0.7882100939750671,0.6605689525604248,-0.041352029889822006
13,0.7679750323295593,0.5695024132728577,-0.008581629022955894
14,0.8196921944618225,0.548261821269989,-0.035606443881988525
15,0.806844174861908,0.6060387492179871,-0.038023218512535095
16,0.7815588712692261,0.6425049304962158,-0.028669103980064392
17,0.7460176348686218,0.5504747033119202,-0.018781062215566635
18,0.7755392789840698,0.48432984948158264,-0.02983769029378891
19,0.8013871908187866,0.4482139050960541,-0.02920171618461609
20,0.8243788480758667,0.4173904359340668,-0.024526139721274376