0,0.0405590683221817,0.7917335033416748,-3.2669950655872526e-07
1,0.0907277762889862,0.7596981525421143,-0.024077385663986206
2,0.13109123706817627,0.688406229019165,-0.03439043089747429
3,0.1279524266719818,0.6144187450408936,-0.04467877745628357
4,0.0846744254231453,0.5780372619628906,-0.05174640566110611
5,0.10733872652053833,0.6013020873069763,-0.006660789716988802
6,0.1219797283411026,0.544225811958313,-0.03654087707400322
7,0.11284990608692169,0.6024694442749023,-0.05437113717198372
8,0.104346863925457,0.6510777473449707,-0.06015268713235855
9,0.06441105902194977,0.5976388454437256,-0.005498216487467289
10,0.07273495942354202,0.5469732284545898,-0.036882273852825165
11,0.07223998010158539,0.6247429847717285,-0.04646715521812439
12,0.06848425418138504,0.6794081926345825,-0.04380326718091965
13,0.022243458777666092,0.6057578325271606,-0.009273884817957878
14,0.02913852035999298,0.5583169460296631,-0.042651936411857605
15,0.0387352854013443,0.6352893114089966,-0.03884366899728775
16,0.03891751915216446,0.6937713623046875,-0.02535231038928032
17,-0.020085889846086502,0.6221423149108887,-0.01455665472894907
18,-0.011015634983778,0.5773770809173584,-0.03713255003094673
19,0.000426415354013443,0.624661922454834,-0.03081108257174492
20,0.0022260844707489014,0.6672154664993286,-0.01842476613819599