0,0.3652127683162689,0.9109528064727783,4.828511919185985e-07
1,0.3790777325630188,0.8241525888442993,0.012854776345193386
2,0.3638872802257538,0.7465262413024902,0.007927008904516697
3,0.32642632722854614,0.7113847732543945,-0.0021904418244957924
4,0.29153183102607727,0.6994096040725708,-0.013108126819133759
5,0.3754085898399353,0.7081855535507202,-0.019412752240896225
6,0.37186717987060547,0.5991606712341309,-0.03962911292910576
7,0.37266987562179565,0.5336768627166748,-0.04893875494599342
8,0.37603381276130676,0.4836469888687134,-0.05122591182589531
9,0.34481996297836304,0.715993344783783,-0.03419141843914986
10,0.30631333589553833,0.6036359667778015,-0.04981553182005882
11,0.28706976771354675,0.5377593636512756,-0.054814428091049194
12,0.27269911766052246,0.48421400785446167,-0.056983329355716705
13,0.31215500831604004,0.7366950511932373,-0.04641738161444664
14,0.25645461678504944,0.6798950433731079,-0.060712091624736786
15,0.25653350353240967,0.7087585926055908,-0.0584249421954155
16,0.2655401825904846,0.7381390929222107,-0.05183607339859009
17,0.2761560082435608,0.7633165717124939,-0.057299643754959106
18,0.22770991921424866,0.7048548460006714,-0.06566200405359268
19,0.1970074325799942,0.6863105893135071,-0.06267575919628143
20,0.1713770180940628,0.6759293675422668,-0.05755297467112541