0,0.30937618017196655,0.6114599108695984,-2.3616743760612735e-07
1,0.29237550497055054,0.532036304473877,0.002197133144363761
2,0.2494562864303589,0.46123504638671875,0.0008044155547395349
3,0.1977958381175995,0.42624932527542114,-0.0003625809622462839
4,0.159120112657547,0.4376254975795746,-0.0018646855605766177
5,0.20901469886302948,0.4560394287109375,-0.00858613383024931
6,0.15171071887016296,0.4760265052318573,-0.014942045323550701
7,0.1668158769607544,0.49587640166282654,-0.020495476201176643
8,0.18755926191806793,0.49604594707489014,-0.02347707189619541
9,0.19673514366149902,0.5047433376312256,-0.012157957069575787
10,0.14399731159210205,0.5209651589393616,-0.012189965695142746
11,0.15849964320659637,0.5395659804344177,-0.010358034633100033
12,0.17968785762786865,0.5410910248756409,-0.01076490432024002
13,0.18809948861598969,0.5567435026168823,-0.014632873237133026
14,0.14268195629119873,0.5680468678474426,-0.014005430042743683
15,0.1561095118522644,0.5838503837585449,-0.006387265864759684
16,0.17622223496437073,0.5860472917556763,-0.0030304654501378536
17,0.18196186423301697,0.6084673404693604,-0.0166946928948164
18,0.14292693138122559,0.605527937412262,-0.014908608049154282
19,0.15571998059749603,0.6168871521949768,-0.005412236321717501
20,0.17269474267959595,0.6199064254760742,0.0018967239884659648