0,0.6012924313545227,0.5208266973495483,-3.625590068168094e-07
1,0.5885136127471924,0.4542434513568878,0.0006017620908096433
2,0.5538371205329895,0.38998299837112427,-0.005058858077973127
3,0.513696551322937,0.35288363695144653,-0.011540284380316734
4,0.481891393661499,0.3314650058746338,-0.016539636999368668
5,0.5505099296569824,0.35346025228500366,-0.01602310873568058
6,0.4775691330432892,0.36739715933799744,-0.034446656703948975
7,0.4879330098628998,0.39283785223960876,-0.04129762947559357
8,0.50674968957901,0.39430612325668335,-0.04351412132382393
9,0.5466421842575073,0.3906627893447876,-0.02415093407034874
10,0.4711082875728607,0.4109228849411011,-0.04078785702586174
11,0.48682647943496704,0.4287409484386444,-0.03868590295314789
12,0.5074453949928284,0.4247951805591583,-0.03652514889836311
13,0.540769636631012,0.4335232377052307,-0.032741621136665344
14,0.4720878005027771,0.4490695297718048,-0.04863381385803223
15,0.48945844173431396,0.4647476077079773,-0.038220539689064026
16,0.5105916261672974,0.46019548177719116,-0.02964787371456623
17,0.5349760055541992,0.47754281759262085,-0.04107816889882088
18,0.482140451669693,0.4868996739387512,-0.05255429074168205
19,0.49698108434677124,0.4984108507633209,-0.046776510775089264
20,0.5157789587974548,0.49382391571998596,-0.040511585772037506