0,0.7517584562301636,0.7725071907043457,8.543086238432807e-08
1,0.7909815311431885,0.6871852874755859,0.014333892613649368
2,0.7950752377510071,0.5936209559440613,0.009573477320373058
3,0.7694414258003235,0.5435426831245422,0.0003127053496427834
4,0.7324160933494568,0.5187181830406189,-0.012233980000019073
5,0.8176661729812622,0.555462658405304,-0.020690394565463066
6,0.8286125659942627,0.4285264015197754,-0.0368153341114521
7,0.8330252170562744,0.3575482964515686,-0.043645985424518585
8,0.8355110883712769,0.3003154695034027,-0.047789931297302246
9,0.7757629156112671,0.5607529878616333,-0.037334829568862915
10,0.748146116733551,0.44052961468696594,-0.05567900836467743
11,0.7366470098495483,0.4730320870876312,-0.052242130041122437
12,0.741353452205658,0.5119308233261108,-0.046728476881980896
13,0.7300284504890442,0.5749026536941528,-0.05088925361633301
14,0.7082321047782898,0.45912522077560425,-0.06259526312351227
15,0.7039947509765625,0.48827221989631653,-0.04597757011651993
16,0.7111465334892273,0.523368775844574,-0.03246785327792168
17,0.688023567199707,0.5934045314788818,-0.06295599788427353
18,0.6777568459510803,0.49586454033851624,-0.06624221801757812
19,0.6793004274368286,0.5151594877243042,-0.0483945831656456
20,0.6846354007720947,0.5498109459877014,-0.033427104353904724