0,0.6703989505767822,0.7602759003639221,-3.641700061507436e-07
1,0.610289990901947,0.7490724325180054,-0.008104539476335049
2,0.551609992980957,0.6998277902603149,-0.014747371897101402
3,0.5251750946044922,0.6524996757507324,-0.023789137601852417
4,0.540948748588562,0.6285264492034912,-0.029037250205874443
5,0.578570544719696,0.5869966149330139,-0.003061482449993491
6,0.5425025820732117,0.5660938620567322,-0.023463254794478416
7,0.5417881011962891,0.6151599884033203,-0.03337822109460831
8,0.5467877984046936,0.6354380249977112,-0.03730544075369835
9,0.6056846976280212,0.5779520869255066,-0.009250123053789139
10,0.569055438041687,0.5635535717010498,-0.034860506653785706
11,0.5656576156616211,0.6187160611152649,-0.0411994606256485
12,0.5703094005584717,0.6465095281600952,-0.04028729721903801
13,0.6354069709777832,0.5777457356452942,-0.018522130325436592
14,0.6007159948348999,0.5592945218086243,-0.043614815920591354
15,0.5890419483184814,0.6147351861000061,-0.042480867356061935
16,0.5890524387359619,0.6521680951118469,-0.0347011424601078
17,0.6639159917831421,0.5822055339813232,-0.028703399002552032
18,0.6575706005096436,0.5117157697677612,-0.04417573660612106
19,0.6481099724769592,0.46773195266723633,-0.04824056103825569
20,0.6400780081748962,0.4277811348438263,-0.047824494540691376