0,0.711971640586853,0.5196001529693604,3.3059333759410947e-07
1,0.7273102402687073,0.46265745162963867,0.012529177591204643
2,0.7257810831069946,0.4123036861419678,0.015027462504804134
3,0.7085458040237427,0.3769383430480957,0.013479513116180897
4,0.6923844218254089,0.354328989982605,0.012660562992095947
5,0.7512040138244629,0.37044447660446167,0.005086156539618969
6,0.7705792784690857,0.30725613236427307,-0.0038684378378093243
7,0.7840951085090637,0.26145410537719727,-0.00796465203166008
8,0.7962310314178467,0.22973857820034027,-0.007818646728992462
9,0.7376371622085571,0.36305171251296997,-0.005769012495875359
10,0.7262358069419861,0.2774345278739929,-0.01601165346801281
11,0.7238287329673767,0.22203132510185242,-0.021880637854337692
12,0.7245610356330872,0.18031233549118042,-0.024092797189950943
13,0.7176762819290161,0.3656254708766937,-0.015669705346226692
14,0.6748786568641663,0.335105836391449,-0.029137607663869858
15,0.6615616083145142,0.36530107259750366,-0.03315204754471779
16,0.6586270332336426,0.3922090530395508,-0.030230354517698288
17,0.6909273266792297,0.36956191062927246,-0.024136558175086975
18,0.6686109304428101,0.3160629868507385,-0.03400713577866554
19,0.655586838722229,0.28361374139785767,-0.03652934730052948
20,0.6454299688339233,0.2503013014793396,-0.03586825355887413