0,0.728538453578949,0.47662997245788574,-6.087130373089167e-07
1,0.6695020794868469,0.4665527939796448,-0.013649092987179756
2,0.6069290637969971,0.42210322618484497,-0.02056625671684742
3,0.5767773985862732,0.3736259341239929,-0.029571741819381714
4,0.5941941142082214,0.33265408873558044,-0.03296109661459923
5,0.6435468792915344,0.30039364099502563,0.005976552609354258
6,0.601797342300415,0.29322952032089233,-0.018980415537953377
7,0.6191002130508423,0.3521668612957001,-0.030823247507214546
8,0.6355660557746887,0.35719648003578186,-0.037109505385160446
9,0.6744598150253296,0.2887124717235565,0.00048278458416461945
10,0.6317224502563477,0.2912752032279968,-0.02546027861535549
11,0.6476025581359863,0.3569161891937256,-0.02455666847527027
12,0.6649525165557861,0.35544082522392273,-0.01790153980255127
13,0.706380307674408,0.2878558039665222,-0.010961909778416157
14,0.6640689373016357,0.2868010997772217,-0.03863443434238434
15,0.6723769307136536,0.3546127378940582,-0.02409297600388527
16,0.687634289264679,0.3610582649707794,-0.0074663166888058186
17,0.7399414777755737,0.29796499013900757,-0.024809129536151886
18,0.6999766826629639,0.2964678108692169,-0.04137871414422989
19,0.6955337524414062,0.35143694281578064,-0.03136353939771652
20,0.7048541307449341,0.37006253004074097,-0.019097117707133293