0,0.24757559597492218,0.5276375412940979,4.69445666340107e-07
1,0.32840633392333984,0.524213969707489,-0.03816758096218109
2,0.40384629368782043,0.4726661443710327,-0.05582769587635994
3,0.45152267813682556,0.41368669271469116,-0.07057108730077744
4,0.49551472067832947,0.3741639256477356,-0.08511047065258026
5,0.38730669021606445,0.31084144115448,-0.03749638795852661
6,0.42900383472442627,0.213090717792511,-0.06368875503540039
7,0.45296135544776917,0.14866067469120026,-0.08427748084068298
8,0.4733455181121826,0.09147201478481293,-0.09992994368076324
9,0.34047776460647583,0.27321985363960266,-0.03760412707924843
10,0.37078890204429626,0.16814202070236206,-0.06043049693107605
11,0.39514440298080444,0.11380963027477264,-0.07785023003816605
12,0.41697168350219727,0.07122446596622467,-0.09128408133983612
13,0.2890651524066925,0.2627135217189789,-0.042527757585048676
14,0.3100294768810272,0.15096089243888855,-0.06746417284011841
15,0.32455238699913025,0.07895849645137787,-0.0850272998213768
16,0.34008076786994934,0.017273783683776855,-0.09768691658973694
17,0.23483061790466309,0.2754085659980774,-0.050863705575466156
18,0.22559496760368347,0.17959341406822205,-0.07741779088973999
19,0.21855512261390686,0.11641466617584229,-0.09098922461271286
20,0.21431347727775574,0.05657006800174713,-0.09952394664287567