0,0.5119600892066956,0.957366943359375,-2.7854733275489707e-07
1,0.528128981590271,0.8743862509727478,0.006220651790499687
2,0.5684439539909363,0.8248001337051392,0.003014572663232684
3,0.612621545791626,0.808994710445404,-0.0016058642650023103
4,0.6424552798271179,0.8133423328399658,-0.003615050110965967
5,0.5971271395683289,0.7842205166816711,-0.005564983002841473
6,0.6445229649543762,0.8172082901000977,-0.011428112164139748
7,0.6323156356811523,0.8446532487869263,-0.013702508062124252
8,0.611189603805542,0.8496161103248596,-0.015471704304218292
9,0.6156175136566162,0.8261141180992126,-0.014567098580300808
10,0.6541454195976257,0.8617414832115173,-0.01517731323838234
11,0.6383728981018066,0.8827980756759644,-0.013606361113488674
12,0.6167981028556824,0.8846460580825806,-0.014390864409506321
13,0.6302255392074585,0.87483811378479,-0.022629721090197563
14,0.6598311066627502,0.9060370326042175,-0.021363435313105583
15,0.6424055099487305,0.9208353757858276,-0.014201684854924679
16,0.6213917136192322,0.9194809794425964,-0.01181922946125269
17,0.639065682888031,0.924978494644165,-0.03065992332994938
18,0.6595240235328674,0.9458571672439575,-0.02720531076192856
19,0.6409986615180969,0.9572715759277344,-0.018680183216929436
20,0.6226881146430969,0.9548848271369934,-0.013020453043282032