0,0.06683376431465149,0.7963765859603882,3.2703593433325295e-07
1,0.029174860566854477,0.7044708132743835,0.011085286736488342
2,0.030524011701345444,0.6211695075035095,0.008970897644758224
3,0.0632297545671463,0.5752126574516296,0.003668359946459532
4,0.1006690040230751,0.5590822100639343,-0.0031448022928088903
5,0.02648966759443283,0.5827138423919678,-0.01256508007645607
6,0.01333695650100708,0.4693824052810669,-0.025948114693164825
7,0.005800619721412659,0.40489062666893005,-0.03180820867419243
8,0.0002652481198310852,0.35531380772590637,-0.035373933613300323
9,0.06542021036148071,0.5822224020957947,-0.027881912887096405
10,0.06635703146457672,0.45705485343933105,-0.03989790007472038
11,0.06944957375526428,0.38322585821151733,-0.04805595427751541
12,0.07180100679397583,0.3256629407405853,-0.05299682170152664
13,0.10535021126270294,0.598412036895752,-0.041531410068273544
14,0.1110910028219223,0.4815872311592102,-0.056261174380779266
15,0.11789190769195557,0.4133732318878174,-0.06839988380670547
16,0.12091417610645294,0.36148035526275635,-0.07570517063140869
17,0.14482064545154572,0.6273348927497864,-0.05310966074466705
18,0.17117807269096375,0.5573692321777344,-0.06542154401540756
19,0.18798720836639404,0.5154192447662354,-0.07053037732839584
20,0.20126911997795105,0.4791375398635864,-0.07305020838975906