0,0.48426395654678345,0.6830512881278992,4.1110533288701845e-07
1,0.5238078832626343,0.608975350856781,-0.012590059079229832
2,0.5411612391471863,0.5341710448265076,-0.02322201058268547
3,0.5188336372375488,0.48636195063591003,-0.033592816442251205
4,0.4886745810508728,0.463436096906662,-0.04531465470790863
5,0.48088598251342773,0.4574715793132782,-0.030831927433609962
6,0.4605633616447449,0.3503151535987854,-0.050630662590265274
7,0.4441986680030823,0.2860434055328369,-0.06323142349720001
8,0.4284249544143677,0.23668408393859863,-0.07084783166646957
9,0.4406340718269348,0.467841237783432,-0.03620021417737007
10,0.40775859355926514,0.3554201126098633,-0.051664236932992935
11,0.38219335675239563,0.28722435235977173,-0.06237286701798439
12,0.36042994260787964,0.23678681254386902,-0.06955141574144363
13,0.40874457359313965,0.49458053708076477,-0.041761089116334915
14,0.37057429552078247,0.3957942724227905,-0.055112287402153015
15,0.3433857858181,0.3384439945220947,-0.06705466657876968
16,0.32188674807548523,0.29578959941864014,-0.07537161558866501
17,0.38452649116516113,0.5345920324325562,-0.047822561115026474
18,0.34453654289245605,0.4794475734233856,-0.06182039529085159
19,0.31611117720603943,0.44660893082618713,-0.06893064081668854
20,0.29078930616378784,0.4202263653278351,-0.07217742502689362