0,0.5410319566726685,0.8781970143318176,-6.703673420815903e-07
1,0.47050797939300537,0.9118306040763855,-0.0028510603588074446
2,0.41653984785079956,0.9022108316421509,-0.009162826463580132
3,0.37746551632881165,0.8980720639228821,-0.01782742701470852
4,0.35185888409614563,0.8932104110717773,-0.02712392620742321
5,0.4261794090270996,0.7399776577949524,-0.006836154498159885
6,0.35183992981910706,0.7972770929336548,-0.024052107706665993
7,0.3373391628265381,0.8574931621551514,-0.040400419384241104
8,0.3415501117706299,0.8993866443634033,-0.049607668071985245
9,0.42920854687690735,0.7357455492019653,-0.012671279720962048
10,0.3444153964519501,0.7943329811096191,-0.027680320665240288
11,0.33050963282585144,0.8575923442840576,-0.038187842816114426
12,0.3369317054748535,0.9031917452812195,-0.044459182769060135
13,0.4296686351299286,0.750711977481842,-0.019331635907292366
14,0.3464927673339844,0.8031649589538574,-0.03663241118192673
15,0.3333926498889923,0.8647693395614624,-0.04286623373627663
16,0.3422819674015045,0.9098582863807678,-0.04396209865808487
17,0.4273695647716522,0.7820112705230713,-0.02586904726922512
18,0.3620588183403015,0.8191144466400146,-0.041021678596735
19,0.3467138707637787,0.8616739511489868,-0.043676260858774185
20,0.3476705551147461,0.9004523158073425,-0.041871458292007446