0,0.5655640363693237,0.6605967879295349,2.2521494713600987e-07
1,0.5530451536178589,0.5798908472061157,0.015836726874113083
2,0.5684901475906372,0.502363383769989,0.023946747183799744
3,0.595901370048523,0.461579829454422,0.03296464681625366
4,0.608031153678894,0.4382876753807068,0.041260816156864166
5,0.5582162737846375,0.4298335611820221,-0.01627330854535103
6,0.5512793660163879,0.30845141410827637,-0.020544329658150673
7,0.5471582412719727,0.24028083682060242,-0.017122766003012657
8,0.5426018834114075,0.18800437450408936,-0.01251750998198986
9,0.599022388458252,0.43318697810173035,-0.021933216601610184
10,0.6170611381530762,0.303815633058548,-0.031848009675741196
11,0.6252351999282837,0.23727507889270782,-0.03099023550748825
12,0.629706621170044,0.18709012866020203,-0.02602294646203518
13,0.6322275400161743,0.4563044309616089,-0.02293822169303894
14,0.6497942805290222,0.35450413823127747,-0.029015403240919113
15,0.652055561542511,0.2986483573913574,-0.03241293877363205
16,0.6545381546020508,0.25907060503959656,-0.03207604959607124
17,0.6547985076904297,0.4919412434101105,-0.02053009904921055
18,0.6501249670982361,0.44207629561424255,-0.016730887815356255
19,0.6288958787918091,0.4474221169948578,-0.00705283647403121
20,0.618520975112915,0.4671856164932251,0.0016702760476619005