0,0.3833272457122803,0.6730900406837463,2.87787401020978e-07
1,0.35498523712158203,0.5833932757377625,0.007744744420051575
2,0.3614944815635681,0.502316415309906,0.005136911291629076
3,0.3946872651576996,0.46863001585006714,-0.0010042998474091291
4,0.42667120695114136,0.4679325222969055,-0.009217118844389915
5,0.417375773191452,0.4252181053161621,-0.007029167842119932
6,0.4289962351322174,0.3212006092071533,-0.020565181970596313
7,0.4403225779533386,0.2607417106628418,-0.030298365280032158
8,0.4512269198894501,0.217307448387146,-0.03689506649971008
9,0.45755183696746826,0.44433921575546265,-0.022976789623498917
10,0.4979064166545868,0.33663201332092285,-0.03247698023915291
11,0.5240502953529358,0.27686232328414917,-0.04053653031587601
12,0.5443663597106934,0.23694345355033875,-0.04598556086421013
13,0.4890570044517517,0.4848385751247406,-0.03870873153209686
14,0.5403265357017517,0.3928816616535187,-0.0515865683555603
15,0.5726633667945862,0.3414880037307739,-0.06273534893989563
16,0.5953115224838257,0.30440574884414673,-0.07008981704711914
17,0.512721836566925,0.54117351770401,-0.05338894575834274
18,0.5680795907974243,0.4950733780860901,-0.06571393460035324
19,0.598734974861145,0.46192705631256104,-0.07048365473747253
20,0.6236311793327332,0.4317325949668884,-0.07268606871366501