0,0.33770886063575745,0.7181634306907654,3.6033515016242745e-07
1,0.37913012504577637,0.6298551559448242,-0.003439022693783045
2,0.3794077932834625,0.5431014895439148,-0.007334080059081316
3,0.34315407276153564,0.49171867966651917,-0.008754530921578407
4,0.3083864748477936,0.4799520969390869,-0.012085549533367157
5,0.30735108256340027,0.49727433919906616,-0.03841332718729973
6,0.28185224533081055,0.3901597857475281,-0.05389027297496796
7,0.26662781834602356,0.32536178827285767,-0.06103089079260826
8,0.25379371643066406,0.27582794427871704,-0.06566154211759567
9,0.2660966217517853,0.5202843546867371,-0.04260220006108284
10,0.22377486526966095,0.4077155292034149,-0.05587724223732948
11,0.19191160798072815,0.3412572741508484,-0.06454291194677353
12,0.16618061065673828,0.2956976890563965,-0.07171238958835602
13,0.2396416962146759,0.5541468858718872,-0.044276561588048935
14,0.18998245894908905,0.4626157879829407,-0.056407488882541656
15,0.15570512413978577,0.40591001510620117,-0.07198665291070938
16,0.13170167803764343,0.36583805084228516,-0.08423622697591782
17,0.22612980008125305,0.5954944491386414,-0.04440454766154289
18,0.17052090167999268,0.5579833388328552,-0.0600285567343235
19,0.1342013031244278,0.5345911979675293,-0.07316111773252487
20,0.10390205681324005,0.5132343769073486,-0.08175172656774521