0,0.7397988438606262,0.7881108522415161,2.8990243094995094e-07
1,0.6902376413345337,0.7281877994537354,-0.01706075482070446
2,0.6621255874633789,0.64640212059021,-0.02480030246078968
3,0.6481078267097473,0.5828306078910828,-0.032622482627630234
4,0.6309409737586975,0.5335438251495361,-0.04044311121106148
5,0.722265362739563,0.5573660135269165,-0.010069564916193485
6,0.7200595736503601,0.4700538218021393,-0.02731412462890148
7,0.7183210253715515,0.4167844355106354,-0.04274887219071388
8,0.7174814343452454,0.3697804808616638,-0.05426414683461189
9,0.7570835947990417,0.5623434782028198,-0.016929175704717636
10,0.7669426798820496,0.466045618057251,-0.030749231576919556
11,0.7711392045021057,0.40626639127731323,-0.044882792979478836
12,0.774037778377533,0.35512831807136536,-0.055487215518951416
13,0.788476824760437,0.5856799483299255,-0.027106231078505516
14,0.8060072064399719,0.5012251734733582,-0.042418915778398514
15,0.8147099018096924,0.44810134172439575,-0.05196777731180191
16,0.8205309510231018,0.40074509382247925,-0.05881384015083313
17,0.8161735534667969,0.6249551177024841,-0.03945709392428398
18,0.8398857116699219,0.5650884509086609,-0.05323238670825958
19,0.853463888168335,0.5246047973632812,-0.057114988565444946
20,0.8641098737716675,0.4868738651275635,-0.05948290601372719