0,0.3237060308456421,0.44749903678894043,1.1789658316274654e-07
1,0.3464716076850891,0.37029317021369934,0.021383484825491905
2,0.3879980742931366,0.3398057222366333,0.02418411523103714
3,0.4314930737018585,0.34563010931015015,0.02081073261797428
4,0.46316710114479065,0.36372312903404236,0.017817195504903793
5,0.39242368936538696,0.2965192496776581,0.005518053192645311
6,0.4143967628479004,0.22692996263504028,-0.005476690363138914
7,0.42047354578971863,0.17758747935295105,-0.012560149654746056
8,0.42446014285087585,0.13731254637241364,-0.01657753251492977
9,0.4139847457408905,0.31427299976348877,-0.01315965037792921
10,0.460064560174942,0.24685855209827423,-0.027824901044368744
11,0.4874360263347626,0.20141910016536713,-0.040404219180345535
12,0.509107232093811,0.1677674800157547,-0.04804924130439758
13,0.4302899241447449,0.3490585386753082,-0.028755465522408485
14,0.4889203906059265,0.33255019783973694,-0.042377717792987823
15,0.4835314452648163,0.3545544743537903,-0.03818454593420029
16,0.4708431661128998,0.36762237548828125,-0.030004877597093582
17,0.44491642713546753,0.39085653424263,-0.04278094321489334
18,0.49883753061294556,0.36458128690719604,-0.051766835153102875
19,0.5330789089202881,0.3532976508140564,-0.04667578637599945
20,0.5588857531547546,0.338461697101593,-0.03937891125679016