0,0.3324287533760071,0.6706345081329346,2.939925138889521e-07
1,0.3735010325908661,0.6071562767028809,0.012131791561841965
2,0.3833659589290619,0.5513380765914917,0.011473874561488628
3,0.36253076791763306,0.5164319276809692,0.006823479663580656
4,0.3365044891834259,0.4996608793735504,0.000912947638425976
5,0.38144975900650024,0.48933112621307373,-0.007659523282200098
6,0.3998665511608124,0.4005224108695984,-0.019708512350916862
7,0.40870171785354614,0.3437601327896118,-0.025747738778591156
8,0.41593480110168457,0.3052998483181,-0.026571206748485565
9,0.34452205896377563,0.48557159304618835,-0.018464049324393272
10,0.32983648777008057,0.38422900438308716,-0.02762516401708126
11,0.32247394323349,0.32687392830848694,-0.03306320309638977
12,0.31671884655952454,0.2833543121814728,-0.03504067286849022
13,0.3118424713611603,0.5007351636886597,-0.026719020679593086
14,0.2973645329475403,0.46288159489631653,-0.0354887992143631
15,0.3054504692554474,0.4943235218524933,-0.03573625534772873
16,0.31085360050201416,0.5194166898727417,-0.031537167727947235
17,0.28221380710601807,0.5222592949867249,-0.033466439694166183
18,0.25776857137680054,0.4684930145740509,-0.037219710648059845
19,0.24232469499111176,0.4376610815525055,-0.033482715487480164
20,0.22889244556427002,0.40969961881637573,-0.02822263352572918