0,0.32782796025276184,0.785984456539154,-1.5919673046482785e-07
1,0.3106008768081665,0.7062219381332397,-0.0038553280755877495
2,0.2691609263420105,0.6390759944915771,-0.0067833587527275085
3,0.21487364172935486,0.6116794347763062,-0.007716750726103783
4,0.1784736067056656,0.6197368502616882,-0.007378334179520607
5,0.2272658348083496,0.6631141304969788,-0.01832488179206848
6,0.16850943863391876,0.6582216024398804,-0.024451902136206627
7,0.1876475065946579,0.6658487915992737,-0.02722862921655178
8,0.20982418954372406,0.6666430830955505,-0.028055347502231598
9,0.21548601984977722,0.7173898816108704,-0.018634773790836334
10,0.16128328442573547,0.7034991979598999,-0.020282495766878128
11,0.1812143623828888,0.7103009223937988,-0.018028153106570244
12,0.20485183596611023,0.7171335816383362,-0.017057640478014946
13,0.20852775871753693,0.767463207244873,-0.017689697444438934
14,0.16655920445919037,0.7495458722114563,-0.01642405241727829
15,0.1856478899717331,0.7533972263336182,-0.0075955162756145
16,0.20682643353939056,0.7594224214553833,-0.003342899726703763
17,0.20563843846321106,0.8123442530632019,-0.01692480407655239
18,0.17673644423484802,0.7884668111801147,-0.014783496037125587
19,0.1940935105085373,0.7918433547019958,-0.00519158598035574
20,0.21000279486179352,0.7969837188720703,0.0018759763333946466