0,0.3307323455810547,0.8242313861846924,7.580384249195049e-07
1,0.35317981243133545,0.7320377826690674,-0.0018236467149108648
2,0.3301819860935211,0.6565913558006287,-0.010702076368033886
3,0.27560877799987793,0.6460522413253784,-0.017004625871777534
4,0.22793763875961304,0.653701901435852,-0.02680809795856476
5,0.3218821883201599,0.6138437986373901,-0.04033925011754036
6,0.3015420436859131,0.49147123098373413,-0.052687644958496094
7,0.28995558619499207,0.428716778755188,-0.05677782744169235
8,0.27735456824302673,0.38118115067481995,-0.05724050849676132
9,0.2743235230445862,0.6346089839935303,-0.045525114983320236
10,0.24418886005878448,0.510799765586853,-0.0534203015267849
11,0.22160044312477112,0.43937379121780396,-0.05820905417203903
12,0.20120975375175476,0.3901776075363159,-0.05999365821480751
13,0.2345208376646042,0.6650153994560242,-0.0475197397172451
14,0.198749378323555,0.562004029750824,-0.0595472976565361
15,0.1765357255935669,0.4899156093597412,-0.07959610968828201
16,0.15573540329933167,0.4406132102012634,-0.09413143992424011
17,0.20849201083183289,0.6987687945365906,-0.046734195202589035
18,0.22377726435661316,0.6472055315971375,-0.058327142149209976
19,0.24849246442317963,0.6577833890914917,-0.06181712448596954
20,0.26510438323020935,0.680697500705719,-0.06300542503595352